[[-0.09649948463145096, -0.046835927997138496, 0.00926216571401096, -0.00224648977058557, 0.0011732338263075108, 0.0009407734491497406]]	[[0.0728286089727022, -0.5708250120400005, 0.28499566827575823, -1.2090171987634921, 2.899599160298659, 4.7213847657765794e-05]]
[[-0.17991019675546827, -0.043699962633617334, 0.039693679754175516, -0.0029320608019885756, 0.002480948583575841, 0.0019193970810194914]]	[[0.0728144578328978, -0.5708252898199655, 0.2849741074886349, -1.2090002806214346, 2.899605262035659, 8.463787754484229e-05]]
[[-0.24842567127972492, -0.07873588519304275, 0.06088023803988944, -0.004888703180961353, 0.0030624492220968093, 0.0031682378049349477]]	[[0.07279927438290358, -0.5708304850859053, 0.2849968621833326, -1.209008776962814, 2.8996294313297626, 2.976800401145838e-05]]
[[-0.25211464706132714, -0.0524387528993988, 0.07395988636821507, -0.005328537444714725, 0.0023129165485905392, 0.003009957876214721]]	[[0.07282252301691675, -0.570831231810557, 0.28498662775403677, -1.20907328048311, 2.899587822499455, 8.489024280668526e-05]]
[[-0.29296549927788784, -0.0511352928031024, 0.08654092560162761, -0.006250808923828784, 0.0032345607914621727, 0.0033062608817188218]]	[[0.07281897336124016, -0.5708340097458349, 0.2849713670941569, -1.2090294565905175, 2.8995801992387844, 8.401473302522911e-05]]
[[-0.3204075932409543, -0.061847352147147844, 0.09046364114589198, -0.0067204173702181775, 0.004458285843237314, 0.003720477721759306]]	[[0.07281530669990154, -0.5708275314845149, 0.2849765127421225, -1.2090517457428374, 2.89958466568304, 4.683284826583238e-05]]
[[-0.33790710833582166, -0.047765149062999696, 0.09193834826762977, -0.006246373159236387, 0.004709817590168928, 0.00406560859186334]]	[[0.07281907095871983, -0.5708308590218021, 0.2849847061851663, -1.2090424917121088, 2.899562752995759, 4.596369748809401e-05]]
[[-0.38862428270853777, -0.10353163026757228, 0.10192041407013315, -0.006658860878735944, 0.006354777509553769, 0.005504143866940275]]	[[0.07282947199523634, -0.5708306575159453, 0.28498321795906056, -1.2090912128914928, 2.8995820174072007, 9.27918428454383e-06]]
[[-0.40121010673908786, -0.0929794748057641, 0.1093527434177332, -0.005976975156955191, 0.006503812548355494, 0.005248991181528234]]	[[0.07281735127666208, -0.5708399842712244, 0.2849702143060542, -1.2090261441168186, 2.8996208467102504, 8.516091750826964e-05]]
[[-0.45863375217219804, -0.1210046339963837, 0.0979875207270751, -0.006980244271930618, 0.007762972493092351, 0.006257622538840536]]	[[0.07283984456704634, -0.5708292209625141, 0.28499516509757206, -1.2090944942284634, 2.899541527325905, 2.8001498722243406e-05]]
[[-0.4377628210170364, -0.0982917559058678, 0.1020683088262522, -0.007085307896317047, 0.006469572788345252, 0.006259606400039861]]	[[0.07282003128111318, -0.5708280635582075, 0.28496050340101786, -1.209077754867558, 2.8995983742997824, 0.00012408492338951562]]
[[-0.45279471491837897, -0.12402287170912632, 0.1049503002898799, -0.00811020790332196, 0.006629358206623431, 0.006642156322217143]]	[[0.07281177786530128, -0.5708147174062282, 0.28497575807623743, -1.2090122142617894, 2.899586975564885, 0.00010109124021909543]]
[[-0.4618019476469333, -0.125542397775092, 0.09887852596730112, -0.007834456762821778, 0.006452362428990854, 0.007339615283290009]]	[[0.0728144200315667, -0.570828598450305, 0.28496093826050084, -1.2090902729048894, 2.8995798069885956, 0.00012002066416021094]]
[[-0.49983721413864046, -0.1543016933881172, 0.09997365725437858, -0.008187523293392817, 0.007247521187344524, 0.0075229945463675535]]	[[0.07284238497584306, -0.5708236757152318, 0.28496585326778623, -1.2091207347213202, 2.8995554863614443, 6.278612623800374e-05]]
[[-0.5403692102741765, -0.21633667294294817, 0.09025669716482655, -0.008822966158707628, 0.008833961952708162, 0.00842524735607641]]	[[0.07281464078158144, -0.5708326215715745, 0.28499071252002306, -1.2090797529404638, 2.899601114764634, -2.839152626938472e-05]]
[[-0.5259237550298224, -0.24813252838673108, 0.09659444562230438, -0.00867222212479608, 0.009668412420917835, 0.008608194551440539]]	[[0.07281635914614742, -0.5708269305822401, 0.2849840338352019, -1.2090654550416824, 2.899566945421107, 7.4237826777143e-06]]
[[-0.541579715042202, -0.21789864281829655, 0.09653857180913425, -0.007893458596080158, 0.009819438905706981, 0.008629838550771634]]	[[0.07281578798848057, -0.5708322403670139, 0.2849559668007263, -1.2089866943277152, 2.899623388071609, 0.00010191398566495727]]
[[-0.5508440171401243, -0.1821657291930195, 0.09310381212225755, -0.00860627422744794, 0.008992620506676846, 0.00862311240084546]]	[[0.07280749490298691, -0.5708333868399315, 0.2849639151685047, -1.2090429823892843, 2.8996142343991, 6.443050396723862e-05]]
[[-0.5753842140019807, -0.12058976658973306, 0.09361101979518555, -0.00918246431855094, 0.00841099377470658, 0.00799947291864542]]	[[0.07282986801201073, -0.5708215351645994, 0.284950508419993, -1.2090256564080801, 2.89956882427617, 7.959702874073798e-05]]
[[-0.5888971518315504, -0.07666953969138596, 0.09580868339111719, -0.010429476483755177, 0.007587341038593619, 0.008304574025151038]]	[[0.07279170004423804, -0.5708292781858818, 0.2849357137608967, -1.2089905215420798, 2.899634276057753, 0.00013905027356156323]]
[[-0.6205109376057392, -0.04592126365805954, 0.11441483308789288, -0.011559470414718198, 0.007126152234710895, 0.008469171436052999]]	[[0.07282208280398186, -0.5708265575905251, 0.2849559485434132, -1.2090516120667705, 2.8995843068094223, 6.0630719800337594e-05]]
[[-0.6259618302203269, -0.042496598417099796, 0.10647352818265066, -0.012205054641495617, 0.0067781984720606606, 0.008662765660984057]]	[[0.07283726632121663, -0.5708323852710175, 0.28494696450953766, -1.2090737434715813, 2.8995887741487563, 2.4851355947827335e-05]]
[[-0.6463325061906473, -0.0663245668661161, 0.1123223861239416, -0.011763064244367292, 0.008086293652020184, 0.009434815731127989]]	[[0.07281593560747542, -0.570832495693599, 0.2849504684461558, -1.2090056475465611, 2.899617999593848, -1.1924373122119506e-05]]
[[-0.6131567478323761, -0.11784590215637764, 0.10517812935164807, -0.01227879052217481, 0.008716895372314872, 0.009810560046242256]]	[[0.0728180210574826, -0.5708416225227252, 0.2849366938184177, -1.2090613388591593, 2.899607730381902, 7.810363672542413e-06]]
[[-0.672484454188613, -0.16531071317096485, 0.10219019530609184, -0.012264268986656366, 0.010902003723521639, 0.010426559325143067]]	[[0.0728170783117035, -0.570841634721677, 0.2849728412728481, -1.209021292358179, 2.899562445212903, -0.00014782720220663504]]
[[-0.6283072619398606, -0.1798051701836769, 0.09550634488084014, -0.012356584573842585, 0.01041713501148317, 0.010120447568548883]]	[[0.0728266753710191, -0.5708318827570029, 0.28494838503601594, -1.2090265124285464, 2.899572705096892, -0.00010966123592246801]]
[[-0.6156420237889294, -0.18797344141383082, 0.07751534392042025, -0.01247911573768748, 0.010137994087718784, 0.009992890824082184]]	[[0.07279782891962, -0.5708385125573876, 0.2849504946501868, -1.2089662059409603, 2.899624515354709, -0.000145614032090715]]
[[-0.6264568221104746, -0.18784030590827813, 0.07222019794319517, -0.012198527732110725, 0.00983773789271611, 0.010325350183903991]]	[[0.07282392245749773, -0.5708415118485688, 0.28496614639489665, 1.2090437608027804, -2.899613771688099, 0.00023762158563883754]]
[[-0.6346638970037576, -0.19979963833010583, 0.0676402327093796, -0.011795013855580835, 0.010351557871213047, 0.010120603400730625]]	[[0.07280128558804973, -0.5708443793346181, 0.2849324527715582, -1.2089786371253408, 2.8996059076646046, -0.00012644919223446546]]
[[-0.6296414737094308, -0.22720900009032824, 0.056424636454444344, -0.011215365112815165, 0.010833436693044833, 0.009363321611987451]]	[[0.07284511909597911, -0.570839445653272, 0.2849397250620667, -1.2090917125089318, 2.8995345480679813, -0.00022138394646651312]]
[[-0.5981996079384728, -0.2412777531097689, 0.047957704231793616, -0.010103213008168006, 0.010924410170935912, 0.008764157705818548]]	[[0.07283272632553912, -0.5708493327511219, 0.2849299357114811, 1.2090564990434143, -2.8995957427766617, 0.000235836768400181]]
[[-0.6148672754692196, -0.25470214260894264, 0.023633131796906258, -0.0092471567382278, 0.011202365951629708, 0.008338595812952118]]	[[0.07281215090412792, -0.570841950034563, 0.2849151948570119, -1.2089539287888162, 2.8996435875563025, -0.00019969528208876034]]
[[-0.6240198100297808, -0.2755772246246472, 0.017816322963611287, -0.009702754975110865, 0.010902126004164993, 0.008295294786473277]]	[[0.072834046831248, -0.5708391371515917, 0.28490536891149765, -1.2090882641674174, 2.899574607569187, -0.00019985213735888082]]
[[-0.588394229888437, -0.2514070993918819, -0.001691849013007402, -0.009874052057551966, 0.009858979932695336, 0.008763366979716697]]	[[0.07284030430983195, -0.5708490948667794, 0.2848941408039307, -1.2090279428261854, 2.899574332166597, -0.00021995158602516256]]
[[-0.6138852738957259, -0.23651216321685692, -0.020625552030183226, -0.010424169914322158, 0.009680451578721118, 0.009351008377414337]]	[[0.07279770485485662, -0.570841362087027, 0.2848885899812168, -1.2089886589510643, 2.899629379441623, -0.00021818496352546139]]
[[-0.580670733903401, -0.22384652743498293, -0.049711096064925304, -0.01046538262589962, 0.008918344912479502, 0.009290204730887236]]	[[0.0728414906972397, -0.570846835156036, 0.28488707536174296, -1.209080620379792, 2.8996049022125283, -0.0002367666713608682]]
[[-0.5935105743898511, -0.1945661310324167, -0.054055518792536, -0.009410936380655825, 0.00982893560157225, 0.009294852087132476]]	[[0.072832004073333, -0.5708404747279631, 0.2848635936458699, -1.2090113720305964, 2.8996332011449293, -0.00021735628833307273]]
[[-0.5763420765811335, -0.21699513352226965, -0.06145547115336513, -0.00997592897352904, 0.009403287940422032, 0.009304285796861546]]	[[0.07283064978741362, -0.5708402350579335, 0.2848529303840563, 1.2090616638845755, -2.899607770022362, 0.00019853565739087295]]
[[-0.5955436261787072, -0.26152275144525416, -0.0548320483999848, -0.01152546495208962, 0.009147827548100373, 0.009498788910560831]]	[[0.0728470412728726, -0.5708356016610197, 0.28486743711902796, -1.2090887439162399, 2.8995754705745584, -0.00025689651508462974]]
[[-0.5676325782010307, -0.25196010608353514, -0.06123618093340531, -0.01157636157287332, 0.008099454103796542, 0.008300723036185835]]	[[0.07281580819095548, -0.5708515342988248, 0.2848749777130135, -1.2090759291092974, 2.8995954802484536, -0.00033169649522478536]]
[[-0.5768646180967152, -0.26695510605146655, -0.058421151903530345, -0.012398094015036859, 0.00872773950154945, 0.008625259936428833]]	[[0.07282047737357307, -0.5708442142249134, 0.28482729580902577, -1.2090236411558941, 2.899614035502317, -0.0001978463165041464]]
[[-0.5937176052108433, -0.2620067809848051, -0.05361632194320365, -0.012055483206661593, 0.009247845603144803, 0.008547599114685183]]	[[0.07283230952899802, -0.5708342451641034, 0.2848299808100795, -1.2091067208399167, 2.8995677750916196, -0.00025681436279051016]]
[[-0.5595195597777243, -0.24556122111087153, -0.05159039978497849, -0.011064457918623514, 0.008335337027277283, 0.0074111790203504994]]	[[0.07283315734766993, -0.5708468140354349, 0.28480109237107554, 1.2091140107205776, -2.899585361325118, 0.00023551106126991716]]
[[-0.525289086885353, -0.24743567905525982, -0.05960070469970498, -0.010098024454488255, 0.008142455349153936, 0.00764596060565617]]	[[0.07280506281879695, -0.5708417353827612, 0.2847952771395714, -1.2090061830860126, 2.899622425552515, -0.00025563980485427567]]
[[-0.49204231182414837, -0.29914936469559494, -0.048161243863179735, -0.01021953336211696, 0.007703209930963491, 0.00754045011426579]]	[[0.07280644379116903, -0.5708488661791866, 0.28480244623197987, -1.2089427553359327, 2.8996648633521223, -0.0003682661599678824]]
[[-0.5280642110108752, -0.3262787046325922, -0.049895741924234856, -0.010122524812996178, 0.007757808799921198, 0.007425726940087117]]	[[0.07281185563694877, -0.5708530466169067, 0.28477346868094944, -1.2089636025899868, 2.8996159329375977, -0.00033118716837366043]]
[[-0.5274386888474302, -0.33100699280890783, -0.06369662512080565, -0.010301591601723564, 0.007153571971733711, 0.007366435674625957]]	[[0.07282613093228474, -0.5708523148110356, 0.2847464864436791, -1.2090842330822364, 2.8995646748879897, -0.00029399823492546256]]
[[-0.48794366376319215, -0.27830957652814436, -0.09049648291732897, -0.009245859063538968, 0.0063427224778888945, 0.0073999175196207525]]	[[0.0728362112893039, -0.5708478563460193, 0.2847571314053694, -1.2090766999657052, 2.8995949524449576, -0.0003503950730779168]]
[[-0.4927752285111563, -0.2669371403209121, -0.08683727204573481, -0.009302172319453668, 0.006280728616973475, 0.007589837668156353]]	[[0.0728167611938191, -0.5708400961587186, 0.28474209911637927, -1.2089880085889426, 2.8995788272838694, -0.00031435783905360375]]
[[-0.46368100758415254, -0.2583457983848508, -0.09548984535192885, -0.009589897602823931, 0.005467343896022913, 0.007656560128355077]]	[[0.07283650451195381, -0.5708417549507865, 0.28474355866738377, -1.2090852786227797, 2.899566678541662, -0.0004059168921143707]]
[[-0.41122269540204287, -0.27728512046746606, -0.08416848102377902, -0.010316328258916044, 0.004217981200485264, 0.007200228129378368]]	[[0.0728399251521223, -0.5708422074870056, 0.28470887714792753, -1.2091333759742673, 2.8995827549208832, -0.0002720457099541563]]
[[-0.4080749853975377, -0.29470471274877574, -0.07710941844947844, -0.010829597160654575, 0.004298403418347354, 0.006937634445779374]]	[[0.07280102163223519, -0.5708409414205793, 0.2846666002177076, 1.2089708709974856, -2.8996324665756568, 0.00025251617566877797]]
[[-0.37384570926341854, -0.2746669348913704, -0.0833296521734693, -0.010605246077192189, 0.003786606224252586, 0.00733752591472891]]	[[0.07282656252432342, -0.5708444967336544, 0.2846676387410505, -1.209115537583573, 2.8995904261896444, -0.00029189483139406276]]
[[-0.3231687228887557, -0.24760115776346947, -0.08389157912398303, -0.010301212269918404, 0.0031437169136023777, 0.007826349419374455]]	[[0.07282158295716205, -0.5708398693653134, 0.2846574443005361, -1.2090327509764092, 2.899586454164496, -0.0003305637524430234]]
[[-0.2977553398671727, -0.22657204544313525, -0.08853606390612835, -0.010182914488482523, 0.0032969617592324063, 0.00784404053743713]]	[[0.072835299279404, -0.5708487713095295, 0.2846467949437071, -1.2090808979537215, 2.8996047546550012, -0.0002911040722874799]]
[[-0.2940871470902977, -0.23739059510200802, -0.07055157071416807, -0.010796176596788526, 0.0035879084790660194, 0.007572481317333673]]	[[0.07283488485976332, -0.5708406244873374, 0.28462959516184416, -1.209072037962864, 2.899583244261926, -0.0003481493997921558]]
[[-0.31344786677589953, -0.2256618841504398, -0.06752695009166282, -0.010748614407515407, 0.004299285905323699, 0.007473100314101374]]	[[0.07283265442760008, -0.5708450084328381, 0.2846079079824819, 1.2090963732156053, -2.8995929509388483, 0.00026995128800488924]]
[[-0.35575120512967245, -0.22205247485155716, -0.06802941959198536, -0.010647165396573552, 0.004512862201746969, 0.007503171097893638]]	[[0.07281869253622368, -0.5708388362259375, 0.2845851084149357, -1.2090931264593612, 2.8995850426539893, -0.0002538697568421522]]
[[-0.40100252191337216, -0.21816597295619683, -0.05115926857698793, -0.010504694804978827, 0.005761239907874501, 0.0076634632094651845]]	[[0.0728258689141012, -0.5708424749986238, 0.2845631378317751, -1.2090458458606954, 2.899617648773006, -0.0002340441446956271]]
[[-0.44866350904607866, -0.22303487439969588, -0.03733446797770454, -0.010781050251024271, 0.006511889692328475, 0.007833819199050301]]	[[0.07284114897692585, -0.5708382138706662, 0.2845472503386624, -1.2090367621548912, 2.8995958153680514, -0.0002714832476091502]]
[[-0.4206489225070406, -0.17473537886195312, -0.05064968122416327, -0.010036113449391435, 0.005773256989034374, 0.007427229390748777]]	[[0.07283585438095744, -0.5708431580831337, 0.28452723309240024, -1.209122639425562, 2.8995586706123695, -0.00021524983324846408]]
[[-0.47198843801188584, -0.16834935438757762, -0.033798628079162105, -0.009512787862326408, 0.006866324973451653, 0.007862812767199582]]	[[0.07280976583137308, -0.5708415295417834, 0.2845320416354141, 1.2089926889620473, -2.899635733430893, 0.00030833862782512117]]
[[-0.5006151778376753, -0.20321628800383265, -0.011973898766881557, -0.009664577388961832, 0.007523478905392422, 0.00842358969884049]]	[[0.07281853741986381, -0.5708417670300537, 0.28448710200881977, -1.2090119189669204, 2.899631373214821, -0.000232987861172531]]
[[-0.4793179179040582, -0.23536527036424876, -0.019362233249710654, -0.009832403297999538, 0.006624778926795324, 0.008809489138357973]]	[[0.07281052026654616, -0.5708401569617528, 0.2844928601773, -1.2090797071979178, 2.899603156938875, -0.00023392283905074524]]
[[-0.47380018222487674, -0.25086164108826764, -0.00369978298923627, -0.009930659397955625, 0.006398323301163144, 0.008825299330665438]]	[[0.07281343245817397, -0.5708443958020052, 0.2844609814749493, -1.209058083292647, 2.8995981533928137, -0.0002146923058155645]]
[[-0.4835066546820811, -0.28665752472705625, -0.0010033000800432172, -0.009962690229139716, 0.0070503847772190025, 0.008310419977985777]]	[[0.07281728841324027, -0.5708383075617429, 0.2844577517278641, -1.2090288455812808, 2.8996249900609996, -0.00027056759302743726]]
[[-0.48796573176708646, -0.3211843938310176, -0.0030367295809294054, -0.010358332523694377, 0.007712908183125645, 0.008160877296321015]]	[[0.07282722069682963, -0.5708369412644627, 0.2844202713190652, 1.2090887138471529, -2.8995738497374473, 0.00015594688576433754]]
[[-0.5096026420262756, -0.31095814141032996, 0.004052335882812898, -0.009630791781667342, 0.007980353108212188, 0.008485554901055037]]	[[0.07280855163267656, -0.5708347129468369, 0.2844289108212753, -1.2090280145425785, 2.899624759695625, -0.00025181339852125786]]
[[-0.46934820902122143, -0.31286561427431525, -0.006527867362800582, -0.00989440751277366, 0.007603124116449195, 0.007967564212926562]]	[[0.07280845001559397, -0.5708466088882647, 0.28441094387471977, -1.2090184858783861, 2.899602331608928, -0.00025261778861017733]]
[[-0.48435908356168633, -0.31359341357148784, 0.004138609724929877, -0.009593190828581047, 0.008039503300567833, 0.007673374922816821]]	[[0.07279641483924192, -0.5708403389658027, 0.28434832317107317, -1.2090443808085964, 2.8996154187548635, -0.00015685254820946745]]
[[-0.48562437543940246, -0.3099939671429335, 0.02200677479420871, -0.009865163729787439, 0.007458063778362883, 0.008038128239062553]]	[[0.07282821038537578, -0.5708380883909397, 0.2843448524379445, -1.2090832653945582, 2.8995591436985726, -0.00012262400701126312]]
[[-0.5020212505935626, -0.3080611456370402, 0.026456012498899725, -0.009984389200087528, 0.007734445386259527, 0.009384839085423898]]	[[0.07281341793919169, -0.5708339735686113, 0.28430525169092985, -1.209076968004996, 2.8995477929414055, -8.517410976925821e-05]]
[[-0.5261016034438412, -0.29791758594092443, 0.03740165694912375, -0.009378156591826593, 0.008772646800266279, 0.009646801321586743]]	[[0.0728333544662083, -0.5708360670009573, 0.28429128925167185, -1.2090524207301632, 2.8995841957843655, -0.00010250360674581748]]
[[-0.5230309715529686, -0.2644885033246718, 0.05563834951390728, -0.008659300093818354, 0.008998471459870842, 0.009395634413626718]]	[[0.0728174094585285, -0.5708281429883995, 0.28426549734111856, -1.2090301064788123, 2.89957916247127, -4.6146826490468676e-05]]
[[-0.5493515410330811, -0.2886415441467146, 0.08079018011976152, -0.01026102875555687, 0.008919404894869145, 0.009432600439474678]]	[[0.07280991084133423, -0.5708346912322202, 0.2842263043304571, -1.2090380725497594, 2.8996002250545874, 1.0813744788308897e-05]]
[[-0.6232451015250262, -0.2890024081154883, 0.11290825794114376, -0.01141638145834348, 0.010146606316264822, 0.009673287377141702]]	[[0.07282681767990155, -0.5708342091005014, 0.2842004875555958, -1.2090639200212525, 2.899563108797128, 2.720129505413501e-05]]
[[-0.6693750871416427, -0.2902495851044504, 0.1384732481314698, -0.01248578460619229, 0.010676963727960702, 0.009501689965136685]]	[[0.07282121151107242, -0.5708312761173171, 0.28421977993295766, -1.2089518361263671, 2.899586099385133, -8.607242744916996e-05]]
[[-0.6586101013295639, -0.2726405001493098, 0.15901625616038273, -0.013174042199802456, 0.009558246030273493, 0.009284669929288242]]	[[0.0728030708047643, -0.5708319850949617, 0.2841892156896004, -1.2089989062319657, 2.899603462144949, 9.478770651043773e-06]]
[[-0.6796918714809728, -0.31183373553698546, 0.1827758054050058, -0.014899131398524508, 0.009812277194685585, 0.009685205877052086]]	[[0.07282994772287545, -0.5708200255553427, 0.28414700237618934, -1.2090588962941493, 2.899550699642202, 8.397273021051747e-05]]
[[-0.6636043287307561, -0.31051957948453013, 0.21608402057965567, -0.015370404120711719, 0.009826159998969727, 0.009419854825304422]]	[[0.07283357217610527, -0.5708296839761926, 0.28413298991851754, -1.2090418408263384, 2.899558618255133, 4.5838813181675246e-05]]
[[-0.6652617476620856, -0.35335581236985436, 0.21569486586458303, -0.01709542528513178, 0.010585013473329978, 0.010469432288954259]]	[[0.07280032731362182, -0.5708314155141181, 0.2841056075119954, -1.2090252175179552, 2.8996175589196507, 4.783128288405659e-05]]
[[-0.6795961994460165, -0.34103444833505187, 0.2211351293534902, -0.016633883472908714, 0.01091897946018452, 0.010325725313166558]]	[[0.07280193379658617, -0.5708219629121654, 0.2840998030103405, -1.2089556711345095, 2.899594762213816, 2.7064828664800167e-05]]
[[-0.6771903182042632, -0.3801454459724036, 0.21381599659643977, -0.017390676301359594, 0.01169732065668464, 0.01089023456170833]]	[[0.07282994682572477, -0.5708198185752464, 0.28409121821844185, -1.2090767894606487, 2.8995446282107054, 8.769288874767667e-06]]
[[-0.6178656709014463, -0.33768334647595544, 0.21627462998981775, -0.01619304056769113, 0.010896296834161014, 0.010188573389291865]]	[[0.07283401151440505, -0.5708253252424856, 0.2840613224013347, -1.20909484923944, 2.8995878421256593, 6.793943542404402e-05]]
[[-0.6013797068289655, -0.34786659781029894, 0.208896821338577, -0.016077055418119015, 0.010886166117279852, 0.010742385580996612]]	[[0.0727934720166322, -0.5708250540326386, 0.2840310500873747, -1.2089639655870539, 2.899616347305391, 4.7148056498968254e-05]]
[[-0.5513156751716638, -0.3228044955627974, 0.19627017586573017, -0.01546833881872161, 0.009948569493993678, 0.010384797874808359]]	[[0.07282109711939892, -0.570828824158339, 0.2840132637873496, -1.2090775209966989, 2.8995948472381503, 6.685072043550812e-05]]
[[-0.554628326512269, -0.3167029245213055, 0.18111169305577157, -0.015092913165522671, 0.010410745492266445, 0.010794374683189625]]	[[0.07282299854813831, -0.5708303602405295, 0.2839876022758675, -1.2090725327453171, 2.8995829714434733, 8.425675111754117e-05]]
[[-0.5148549541123875, -0.2879643346178281, 0.17196639078368797, -0.013740172047548634, 0.009859661888677833, 0.011493497297080813]]	[[0.0728459270382472, -0.5708242548852477, 0.28398135237315425, -1.2091288575825354, 2.89952152494287, 4.635983696087696e-05]]
[[-0.54850801022077, -0.3166448201012803, 0.17098455333585103, -0.01303637080570199, 0.01024773968511146, 0.011704093311613394]]	[[0.07281614010950131, -0.5708208334232273, 0.2839219384397797, -1.2090407943773323, 2.8995553983416964, 0.00015905394050336563]]
[[-0.5376669149692864, -0.37958190202713665, 0.17414716206196434, -0.013474414199077689, 0.009732755887485926, 0.01159966040080208]]	[[0.07280685390930138, -0.5708164696023571, 0.28392074783775895, 1.2090975626513272, -2.89959369345537, -0.00020071698807914038]]
[[-0.5271654359610397, -0.4000541787187613, 0.17045099513164277, -0.013390749146036305, 0.009778242715230217, 0.011547676802671854]]	[[0.07281898174653949, -0.5708160552364815, 0.28390134020114816, -1.2090502187720222, 2.8995776222388914, 0.00013994277073599117]]
[[-0.5110785800523435, -0.3953051184396542, 0.1709132125923837, -0.013516317739740484, 0.009062762706578992, 0.011141591676707484]]	[[0.07279900525840616, -0.5708138355412457, 0.2838769251963225, -1.2089705316162014, 2.8995831768541054, 0.0002153268269429722]]
[[-0.5006411205813337, -0.3879910448093985, 0.1584346545357168, -0.014079674222487262, 0.008400206922839746, 0.01134114386934543]]	[[0.07280927187741407, -0.570819374226868, 0.2838625704023947, -1.2090641780384401, 2.8996108200152553, 0.00014295034078393577]]
[[-0.5404125794901513, -0.36603003193090144, 0.16380800772598397, -0.013937916851465707, 0.00903543574649494, 0.01149506830828531]]	[[0.07282161169337453, -0.5708072782365999, 0.2838449738181097, -1.209107238193763, 2.899566013526453, 0.0001595460017509834]]
[[-0.5164483542526261, -0.3036349274831628, 0.16274316663749763, -0.01327632141440742, 0.00800841530222445, 0.011165731116244856]]	[[0.0728221797017696, -0.5708088388898658, 0.2838020476934487, -1.2090882415945094, 2.8995712032423135, 0.0002718276382794818]]
[[-0.5436755817989802, -0.2943352493377321, 0.15818080798787215, -0.013565497087552768, 0.00784013795086952, 0.011044123454460434]]	[[0.07278228538074916, -0.5708207910736811, 0.2837824808165795, -1.208988729368718, 2.899626446888813, 0.0002539427829354574]]
[[-0.5983213559993262, -0.28596097758371763, 0.17394929634339792, -0.013666006071489187, 0.008497544522985543, 0.01160585363539007]]	[[0.07280956809384793, -0.5708063038675434, 0.28377091099472174, -1.2090630900655999, 2.8995573815780697, 0.00019552202596912556]]
[[-0.5975579167055551, -0.32482471962599496, 0.1828939280716805, -0.014803475978171813, 0.008795769512473746, 0.011463927239751594]]	[[0.07280861494002357, -0.5708070793840705, 0.28373142184057587, -1.208998381800004, 2.899596677351419, 0.00021372954987016894]]
[[-0.552021581656218, -0.29055509138049457, 0.18364002561052464, -0.014615239672340003, 0.007674043656553931, 0.010750601021841099]]	[[0.07280373382081398, -0.5708076778634394, 0.28372833363542876, 1.2090463503051814, -2.8996160028737408, -0.00019781155011591877]]
[[-0.5071009053147616, -0.24991486001509497, 0.1784154453229242, -0.01434245363705024, 0.006035165806960338, 0.00988505596274725]]	[[0.07282119125395964, -0.5707957410777627, 0.2836861131431154, -1.209126279716908, 2.899515976213347, 0.0002700163556017563]]
[[-0.5635745474159448, -0.24575262736653067, 0.1836297825100743, -0.014210990306963428, 0.0072690320237516585, 0.010553863209150532]]	[[0.07280994469259965, -0.5708070946017859, 0.2836878623187833, -1.209010811733734, 2.8995796156248335, 0.00015704228993199416]]
[[-0.5622978440356792, -0.27405388929014307, 0.20405298577418832, -0.014951052066694323, 0.007406172019711916, 0.010713513295304858]]	[[0.07282352968980603, -0.5708052509322039, 0.2836578081361987, -1.209028602196668, 2.899571627190096, 0.00017565763673508332]]
[[-0.5642556024863022, -0.2556019857718517, 0.19829947076977356, -0.014393550493664645, 0.007226213929161436, 0.010505429640120923]]	[[0.07280479608454477, -0.5708069297719, 0.2836441124770843, -1.2090638223925627, 2.8996090207619134, 0.00017779623196470187]]
[[-0.6071799782474417, -0.2659142381032905, 0.2074054425484598, -0.014426765270400817, 0.0079666045769805, 0.010726624979037721]]	[[0.0727895279576803, -0.5708015273169342, 0.2836113675964268, -1.2089892719286992, 2.8996266037202942, 0.00019522358110039316]]
[[-0.6078525871861884, -0.24468970443499544, 0.20546281215690398, -0.013805911799198812, 0.008595333146304281, 0.011621386851894651]]	[[0.07280615894791612, -0.5707968410889538, 0.2835612852430935, -1.2090442897970932, 2.8995621834868364, 0.00028717752820706154]]
[[-0.5990827832185222, -0.2045270901418248, 0.20733846124547547, -0.013022061222211773, 0.008762120444319305, 0.011375140737591907]]	[[0.07282927346785154, -0.5708150316771737, 0.28357933516795153, -1.209116030212736, 2.899588272982425, 0.00011854652627055628]]
[[-0.5892819660172637, -0.22892562867790797, 0.19337401451538686, -0.0146593452625799, 0.00835517785993761, 0.01130575599514567]]	[[0.07279878015181529, -0.5708158564620507, 0.28353750803412603, -1.20894068092145, 2.8996077858880946, 0.00017094711194980217]]
[[-0.6339628878410518, -0.22273576665245204, 0.21328088060714584, -0.01573137009788746, 0.009259123767532422, 0.012086076784722342]]	[[0.0728123743564749, -0.5708009679590876, 0.28351406753939595, -1.209036773533375, 2.899592505749833, 0.0002112076641688927]]
[[-0.6736645334467961, -0.21720805135105956, 0.23097492700908517, -0.016683595735903077, 0.010063302718347135, 0.012778594534814017]]	[[0.07281476702627163, -0.5708073025714431, 0.28350284486921556, -1.209071775161505, 2.899579176266555, 0.00015281311451020052]]
[[-0.6822000466249405, -0.20943702911649853, 0.25524117997949847, -0.017719435977798167, 0.00986207797063357, 0.012985503110075907]]	[[0.07282164394556433, -0.5708188386822434, 0.28348154270512677, -1.2090630778292741, 2.899558603528281, 7.585946651623952e-05]]
[[-0.656548114676673, -0.20865524707280547, 0.252563050444181, -0.01892379127233479, 0.008778026522523304, 0.012289730365992492]]	[[0.07280902521851466, -0.5708074680568048, 0.28344866834698723, -1.2090501635616462, 2.8995758263692752, 0.00011511892513166373]]
[[-0.6542031757981337, -0.18623570960685187, 0.26611356168721945, -0.01867459646043725, 0.009239980563204695, 0.013028404709648462]]	[[0.07280544298799549, -0.5708114970931609, 0.28344928439006856, 1.2090287005384512, -2.8996213181290535, -4.1652014821795044e-05]]
[[-0.6384400572364382, -0.1950866936828432, 0.28681580982493116, -0.019681203353803238, 0.00926365228260767, 0.012793996570148515]]	[[0.07279580729493115, -0.5708142540833698, 0.28342188182012723, -1.2089691211769427, 2.8996245421539877, 1.9913402179879197e-05]]
[[-0.6404769648361308, -0.15900461540548766, 0.29896326509542537, -0.01998601717980232, 0.00883265996116743, 0.012217039835723167]]	[[0.07281197446466682, -0.5708247369678383, 0.2834052099365697, -1.2090189743260824, 2.899551988704775, -1.9769696482720012e-06]]
[[-0.6766296365009868, -0.13824209863296388, 0.284879492352816, -0.019859390954041527, 0.009171829642447797, 0.012263823743505283]]	[[0.07281262136594908, -0.570816773889214, 0.2833851194280106, -1.209034390006246, 2.899586357716808, -7.551155956915977e-05]]
[[-0.6779097027105165, -0.14669016731727808, 0.2974298234205322, -0.019355527721672077, 0.009304122973681068, 0.012787235832555375]]	[[0.07279432208845533, -0.5708238084880237, 0.2833620510554386, 1.209023028354972, -2.899609494974863, 3.4011300816598556e-05]]
[[-0.6282613622132789, -0.17006981940376723, 0.29258199051316336, -0.018375113446949518, 0.008560443768107887, 0.012347499173102109]]	[[0.07281157293315432, -0.5708207994047796, 0.28333037776068615, -1.2090608260808045, 2.8996009494459853, -5.432349481432821e-05]]
[[-0.6053569287988267, -0.20259818728342804, 0.2775220549538837, -0.016770957085067036, 0.008814705822867627, 0.012522527088614305]]	[[0.07283022842943884, -0.5708289335883161, 0.2833333221426706, -1.2091434947874027, 2.899556048341318, -0.0001873808083806777]]
[[-0.6191790557034523, -0.24249421004131402, 0.264332031006025, -0.015923029667658507, 0.009984021971583877, 0.011770009001872804]]	[[0.07282970707231362, -0.5708274836306507, 0.2833099740935239, -1.2091434945774888, 2.8995559358892775, -0.00018794853319862993]]
[[-0.5833427422109533, -0.2778170624252514, 0.25085877541747026, -0.015274297372575175, 0.01009051560583039, 0.011693475009357319]]	[[0.07283414884342536, -0.5708290898224263, 0.2832912374965231, -1.2091302664051278, 2.8995242778135935, -0.00026355794325442654]]
[[-0.5548407670362199, -0.3273907855173954, 0.2372579840034423, -0.015177993908427157, 0.0099468083203993, 0.011907587612571588]]	[[0.07282403388340516, -0.5708347241656326, 0.28327436995956545, -1.2090800256901313, 2.8995981304691307, -0.00029847985075708944]]
[[-0.5636071446924256, -0.37354035096225674, 0.23562672235982512, -0.014327606266269367, 0.010897587460798271, 0.012186763312709977]]	[[0.07281139089670703, -0.5708328579325683, 0.2832495220497194, -1.2090352026923568, 2.8995898992817444, -0.0002793557028039409]]
[[-0.5243330701843133, -0.40570830998640633, 0.22429326925710805, -0.01304830229196465, 0.010994197083718288, 0.012041604736405859]]	[[0.07280883313950895, -0.5708292794440052, 0.2832378987977988, -1.2090584589437219, 2.899594708311926, -0.00035378661336204554]]
[[-0.4944376358941212, -0.4708427667933088, 0.21104081544469125, -0.012765889914605534, 0.011310990634622844, 0.011560850037154255]]	[[0.07282842805981753, -0.5708393918378735, 0.2832105477836468, -1.2090537112547803, 2.8995836688997256, -0.0003545060288353721]]
[[-0.514105300085117, -0.4843773187767627, 0.19576058902596458, -0.011953755067870733, 0.012053957511768283, 0.01164922073932951]]	[[0.07281821148522426, -0.5708277228678617, 0.2831900436777639, -1.2090141332638402, 2.899585819396058, -0.00029646180021337574]]
[[-0.4964593628720927, -0.4546057426881308, 0.175683764118401, -0.010527814949707835, 0.011869705387717432, 0.011933533250819514]]	[[0.07281903075277998, -0.5708298173427334, 0.2831703155032656, -1.2091009987516288, 2.8995507603356074, -0.0003528019236780003]]
[[-0.5216213453354741, -0.429207601823905, 0.16244735270341001, -0.00916161481265025, 0.012631048838913188, 0.012482048292951008]]	[[0.07284155508972019, -0.570829493188786, 0.2831570025004172, -1.2090960283188623, 2.899539019208383, -0.0003158059405134741]]
[[-0.5130797780360458, -0.4028702847583607, 0.15270110812131263, -0.008510213336457476, 0.011865976062232473, 0.011717975475967313]]	[[0.07280440146763884, -0.5708329201013984, 0.28314140369002283, -1.2090530263532573, 2.899583508480817, -0.00035134552744186783]]
[[-0.5543981878060051, -0.40997725861082107, 0.14300740860089803, -0.009374117070106491, 0.011381071588913137, 0.011298466583034367]]	[[0.07281204603321947, -0.570837663005612, 0.2831207679776883, -1.2090402790744696, 2.899601629734425, -0.00035044674561940153]]
[[-0.6264419637270409, -0.40617640756848783, 0.15357655367489018, -0.010143537938581656, 0.012276395380274358, 0.011390528384069199]]	[[0.07283041878641677, -0.570835709434748, 0.2830989176574974, 1.2090827934564694, -2.8996041042068206, 0.00036929660935691017]]
[[-0.6231030921648305, -0.3902322810727369, 0.15137404613613475, -0.01045681262758882, 0.011446961643114368, 0.010919925855741041]]	[[0.07280297141517197, -0.5708323933565581, 0.2830703976756769, -1.2089879604961893, 2.899621908895442, -0.00029393973484819765]]
[[-0.6229998025649015, -0.3787136299648787, 0.13648010119540638, -0.010974839133656603, 0.01077318026007329, 0.00995854723897054]]	[[0.07280127304692045, -0.5708277468781079, 0.2830399415552589, -1.208988142622441, 2.8996220819783933, -0.000312850932447905]]
[[-0.5968038266339002, -0.33186921323638185, 0.13342255538015688, -0.009884541873082724, 0.010069191030844882, 0.009446409094261329]]	[[0.07282170468200543, -0.5708244938006779, 0.2830230751655034, -1.209143567839705, 2.8995551080175344, -0.00021937231609560278]]
[[-0.5972401006536844, -0.29084529934522363, 0.15056346113901517, -0.009457734030550764, 0.009650201482422212, 0.009597562559668591]]	[[0.07280632665993952, -0.5708378305574784, 0.28299884410868353, -1.2089668178692008, 2.899617901343812, -0.0003144172261203579]]
[[-0.6127873881385003, -0.31791550516741635, 0.16480276726760168, -0.01073540464075341, 0.00972070390462051, 0.010263741708527844]]	[[0.07282407655898637, -0.5708341847379811, 0.28299290049406617, -1.209080248308561, 2.8995977359058314, -0.00035067563514511917]]
[[-0.6265983885566158, -0.3419442997881594, 0.1774862150031697, -0.011868660484180404, 0.00978281094014947, 0.010857824700360121]]	[[0.07281458309273459, -0.5708176138306914, 0.2829298774439146, -1.2090654614811898, 2.8995602291420393, -0.00016420852568606222]]
[[-0.6360491812587418, -0.3495405240815451, 0.1901092589592437, -0.01237346238766453, 0.010709258330616709, 0.011293533136900668]]	[[0.0728220047658483, -0.5708285843305894, 0.2829250375930295, -1.2091140075981721, 2.8995812142093955, -0.00025711649001864816]]
[[-0.6141257271435245, -0.3150286822949152, 0.1885900538937306, -0.012209777156256221, 0.010296989365707289, 0.011454218102181436]]	[[0.0728177690868618, -0.5708397031256696, 0.2829031283992172, -1.2090846341211485, 2.8996063026396772, -0.0002572473180583071]]
[[-0.6238663320756488, -0.2961950013673742, 0.1791634455064373, -0.012315518105599178, 0.010653087522463432, 0.011222465299663828]]	[[0.07282835070381811, -0.5708264146854649, 0.2828918488876804, -1.2091658372397571, 2.8995594159230045, -0.0002566574949570258]]
[[-0.5853956617406542, -0.2713600450757918, 0.17226361014611258, -0.01216756706994959, 0.009966752690224904, 0.010840304270257046]]	[[0.07281382876520572, -0.5708358630526885, 0.2828640749780318, 1.209040814142934, -2.899600139730424, 0.0002343943613113112]]
[[-0.577514641648214, -0.26745146333916003, 0.19015778472424044, -0.012210766230672382, 0.010053516239359779, 0.011409930567511365]]	[[0.07278323130790117, -0.570836465816342, 0.2828317911668505, -1.2089875184039653, 2.899618490972695, -0.00018142314541247698]]
[[-0.5848491372644842, -0.2455160785483422, 0.18869840894660747, -0.01210802156241957, 0.009897848646608616, 0.011948256243486903]]	[[0.07282976727333838, -0.570830129241064, 0.2828193033049406, -1.2090615549422636, 2.899601271133246, -0.0002000605390834667]]
[[-0.5654841810035164, -0.22751273715738002, 0.19997228747994428, -0.012551401833236102, 0.009033491367414416, 0.011169405604475649]]	[[0.07281351721707792, -0.5708212021042479, 0.2827813429797088, -1.209074487607947, 2.8995814107791578, -0.0001638502739430872]]
[[-0.5712768214728052, -0.23757726003599072, 0.21543114191832702, -0.013374868428595981, 0.008992571689463854, 0.011508454117124619]]	[[0.07280005430482464, -0.5708344110799317, 0.28275105945978746, 1.2090465413394988, -2.89961375042024, 0.00012340954843535794]]
[[-0.5912729994527745, -0.26174265396607344, 0.2255136960617349, -0.014717273714751466, 0.00951201758246793, 0.012043970824049916]]	[[0.07282358548872199, -0.5708325715122947, 0.2827429533056284, -1.2090782876433672, 2.8995926846500364, -0.00014524405894702393]]
[[-0.595044114866272, -0.3240497705108122, 0.249421487637577, -0.015329691886444837, 0.010627192877041761, 0.011661235678819833]]	[[0.07282483936285972, -0.570835866244287, 0.2827084679145453, -1.2091127893939109, 2.899578119310337, -0.00014478492504703064]]
[[-0.5929032123060327, -0.386973877287853, 0.24470629498939736, -0.014412154801854525, 0.011392755815776444, 0.012087657040937089]]	[[0.07280470182043809, -0.5708466989524561, 0.28269015850920065, 1.2090281842873973, -2.8996204097682914, 0.0001804123543182364]]
[[-0.5914052527680211, -0.4018126654676219, 0.22253150668044125, -0.013937273267741124, 0.010165386247189271, 0.012107233118955198]]	[[0.07283542237771583, -0.5708326596373703, 0.28267055280663034, 1.2090641747658268, -2.8996051424574985, 0.00019810567739567383]]
[[-0.5963258468082218, -0.36783697517966435, 0.23243906315324409, -0.012870891925000336, 0.009835352947368623, 0.01151565296303939]]	[[0.07282965821931973, -0.5708363362585334, 0.28265706298680043, 1.209081044124627, -2.8995990094378477, 0.00016049034039535497]]
[[-0.6176990835981078, -0.3346227220085107, 0.24400752044904547, -0.013639736278441016, 0.009344254299365326, 0.01221966303895488]]	[[0.07281070966173896, -0.5708401879082212, 0.2826109783258577, -1.2091164389343247, 2.8995885818180698, -0.0001250041181036104]]
[[-0.6257597787028877, -0.2899930817760786, 0.22368941222200903, -0.015130928527758825, 0.008674510079124082, 0.011515250327845507]]	[[0.07281354874193949, -0.5708477570387327, 0.28258477578275354, -1.2089960500398271, 2.8996386546165196, -0.0001246352508672236]]
[[-0.6298633345456242, -0.347463744372559, 0.2606358125029101, -0.016336745509632565, 0.01007769872447687, 0.01173966826142637]]	[[0.0728266346276481, -0.5708472066776604, 0.2825651272136222, 1.2090468944848243, -2.8996145336787507, 0.0001230817453772885]]
[[-0.5996841041575344, -0.3646977961280331, 0.24060892508768783, -0.01646179277992574, 0.009823110368816283, 0.011646257827152817]]	[[0.0728113701822635, -0.5708452534860045, 0.2825393749812624, 1.209064559552856, -2.899608132036999, 8.631263161678563e-05]]
[[-0.5861715230925355, -0.36681614860082984, 0.22021538905130095, -0.015975934549614094, 0.009557036075291394, 0.011456410026698576]]	[[0.07281344313233, -0.5708507103748625, 0.2825075527353025, 1.209046337563642, -2.899615032096113, 0.00012421906841151792]]
[[-0.5709561862365116, -0.37895298098507446, 0.229804969641689, -0.015318874567882534, 0.009678923353655956, 0.011149359081352108]]	[[0.07281197767740095, -0.5708399096207984, 0.28250547708260404, -1.2090085186693633, 2.8996213554870165, -0.00018095784354839176]]
[[-0.5724458030019778, -0.3382470794216854, 0.20569569168449534, -0.01601613282222079, 0.009002664698471025, 0.011013191902197583]]	[[0.07280253539515259, -0.5708370910074689, 0.2824230967631125, -1.208994521346922, 2.899636323125411, -3.0539690508355864e-05]]
[[-0.5886320397160199, -0.26634748187640067, 0.20361345825501584, -0.015924799344472645, 0.008686170084943087, 0.010921619232352258]]	[[0.07281742236049361, -0.5708441199223879, 0.28240905201508193, -1.2089934169416625, 2.899585443582642, -7.14237648338377e-05]]
[[-0.6177567328303255, -0.2682628992582481, 0.19686400325107506, -0.0169935218285182, 0.009083773918353605, 0.011697456579322198]]	[[0.07279738569030875, -0.5708490892679858, 0.28238995870766825, 1.2090079857583063, -2.8996199689661353, 6.841576187221622e-05]]
[[-0.6561792981064648, -0.3009865508342971, 0.20295531862077157, -0.017074959061948267, 0.009453005769929404, 0.011462054187351235]]	[[0.0728335400384129, -0.5708394207644939, 0.2823700932267042, -1.2091128250663101, 2.89957551635674, -0.00010687926684632759]]
[[-0.7097489810100504, -0.3789804438817286, 0.2047453656821501, -0.016831417949435202, 0.00987433530746518, 0.011957139806389787]]	[[0.0728335400384129, -0.5708394207644939, 0.2823700932267042, -1.2091128250663101, 2.89957551635674, -0.00010687926684632759]]
[[-0.6168182018611957, -0.38852208489880696, 0.17887941932600768, -0.015797226846171818, 0.00711675080490592, 0.011513647245417319]]	[[0.07281815053029658, -0.570849320725703, 0.2823361901850314, -1.2090324917520605, 2.8995817191751536, -7.184959831625267e-05]]
[[-0.665423267609778, -0.41172551924517964, 0.17519130120883186, -0.01560578320871715, 0.0074989857345785765, 0.011570299332718052]]	[[0.07282122585053931, -0.5708479598232759, 0.28228464453959845, -1.2090985358857436, 2.899591918371798, -1.4759308935554563e-05]]
[[-0.6898435512021557, -0.4025349374848032, 0.17955146661135182, -0.01590363039165269, 0.0071730979291037686, 0.01183140320375855]]	[[0.07282740168567656, -0.570850735376779, 0.282289437293408, -1.2090459666475402, 2.899563407889645, -9.269601759828158e-05]]
[[-0.6754701234056372, -0.34261402187900825, 0.1775181374992226, -0.015306531601482168, 0.006317900564625218, 0.011586194269707797]]	[[0.07281712449076179, -0.5708497685028846, 0.2822629054057716, -1.2090553389375045, 2.8995855690844823, -0.00010923844287345803]]
[[-0.6543522300310325, -0.3449526988894319, 0.19372417267732273, -0.015298369709571581, 0.006756818978677448, 0.011600271931130926]]	[[0.07282443241513138, -0.5708563409694895, 0.2822053700234747, -1.2090822797868903, 2.8995995609253358, -7.083164585447426e-05]]
[[-0.6495179274340628, -0.32842070345759944, 0.1832670547407155, -0.01488871105067184, 0.007298193392916643, 0.012103162721700512]]	[[0.0728159081518175, -0.5708532475886022, 0.2821941358377843, -1.2090470265411453, 2.899615916055538, -0.00014822388387161192]]
[[-0.5905860915162913, -0.30250707227008145, 0.1833124827357871, -0.014420538319515253, 0.006819071190839766, 0.01092447617146059]]	[[0.07281358775962374, -0.5708591404601849, 0.2821541035394096, -1.2090382280118765, 2.8995930598315987, -0.0001494102504305074]]
[[-0.564961947731909, -0.3520935818251597, 0.19647724715965256, -0.0158945460129698, 0.00778353412652701, 0.01106797445204953]]	[[0.07282275401500103, -0.5708583909847869, 0.28214129012222544, 1.209060390705545, -2.899597215404088, 0.0001649573039946203]]
[[-0.5860292408327885, -0.31881795752344233, 0.21070932344601265, -0.015408000600771065, 0.00972683183512921, 0.011174349229115003]]	[[0.07280607016628084, -0.5708615547203391, 0.2820873444875621, -1.209007209166077, 2.899617821677119, -9.25398556808887e-05]]
[[-0.5713172274299776, -0.32762062776049106, 0.20879289224034073, -0.01640065627312441, 0.010226323791301513, 0.011566922508333891]]	[[0.07280607016628084, -0.5708615547203391, 0.2820873444875621, -1.209007209166077, 2.899617821677119, -9.25398556808887e-05]]
[[-0.5734814096580573, -0.29356222484494043, 0.21860351470742598, -0.016445182093263226, 0.010867626325679449, 0.011727328486835139]]	[[0.07283397540535806, -0.5708745500003444, 0.2820883705004669, -1.2090052742719717, 2.899609458130253, -0.0002822091148182206]]
[[-0.5574565631865274, -0.295618472536497, 0.21756853606458257, -0.01693529351998183, 0.011470344131175564, 0.012603972100229531]]	[[0.0728208916286292, -0.5708696680586707, 0.28201149064180897, 1.2090654564515406, -2.899609460405311, 0.00012949186535153397]]
[[-0.5151445599057833, -0.26540815506423204, 0.21030274064156665, -0.015603245502657551, 0.010692750676177752, 0.012217767540945317]]	[[0.07281720708065817, -0.5708684366021894, 0.282012991358786, -1.2089698660560464, 2.899623392490263, -0.0002634213270878287]]
[[-0.513249709168056, -0.27096206998566097, 0.21978262742980287, -0.015302102804968073, 0.010541487043104182, 0.012052581649761359]]	[[0.07281422911212829, -0.5708639371075298, 0.2819841117566546, -1.2089911004280867, 2.8996273598238234, -0.0002429445710372198]]
[[-0.5285680781068274, -0.3199759143283318, 0.23931025401302627, -0.015063577085265066, 0.011216886684065121, 0.01255094246623752]]	[[0.07282850773682562, -0.5708727387321461, 0.28196311286227715, -1.208959849978109, 2.8996014811400497, -0.00026345945249881355]]
[[-0.49557958062394436, -0.35316760142956766, 0.24598134907584887, -0.014351905900324612, 0.01077096034187961, 0.011730782547361979]]	[[0.0728363678133944, -0.570871876520092, 0.28194029446460683, 1.209116490425491, -2.8995855495608724, 0.0002629515124416234]]
[[-0.47292819972864397, -0.35951562872123194, 0.24567156537324106, -0.013928276143830316, 0.009826625622216856, 0.011740890310854613]]	[[0.07284279086552192, -0.5708733032164374, 0.2819124811529004, 1.209060009534135, -2.8995959469420782, 0.0002797407369826056]]
[[-0.5069034877620954, -0.360757102962286, 0.24499977030532585, -0.0134171194082994, 0.010162201138406875, 0.011979730717498855]]	[[0.07285231653360141, -0.5708695255530012, 0.2818526539289067, -1.2091300444555726, 2.8995674971741083, -0.00018580100180232842]]
[[-0.5102112747192392, -0.3705329300852497, 0.2684377167097739, -0.012460334727076281, 0.01057172657937775, 0.011930133970995158]]	[[0.07284909269464848, -0.570876367531889, 0.28183159551648346, -1.2090904044701944, 2.8995717723927483, -0.00024316011759444974]]
[[-0.5107064795298706, -0.38477710974060697, 0.2755186620397039, -0.012875125301152547, 0.010346303886869131, 0.010931910171962581]]	[[0.07282176325032395, -0.5708802511237422, 0.28182026023969875, -1.2089344727296685, 2.8996375583095557, -0.00028040647598227613]]
[[-0.5412320578366744, -0.4048646435575048, 0.28126277400766175, -0.01343094618738995, 0.010480192978161749, 0.011169034504583177]]	[[0.0728237147867989, -0.5708766005534498, 0.28180044069782745, 1.2090466488127485, -2.8996142258486572, 0.00031482935108826293]]
[[-0.5560413718968702, -0.37693410799511046, 0.2767792930054592, -0.013216820634253702, 0.010000475569976562, 0.01102265194853869]]	[[0.07283009503156519, -0.5708868963826372, 0.28177155715219576, -1.2090609752735553, 2.899598392322215, -0.0002968971790789123]]
[[-0.5508449103434012, -0.4049917762044407, 0.2813890125780639, -0.014049329142650235, 0.009201731454765454, 0.010699716142668488]]	[[0.07284254195509182, -0.5708777329942248, 0.2817406724680006, -1.209038452673371, 2.8995929164989613, -0.00024103105661470533]]
[[-0.5205980713197235, -0.39970523101203803, 0.27157501715175014, -0.013709690302355972, 0.008225721921610266, 0.010075785552991776]]	[[0.07283989365887701, -0.5708809238000069, 0.2817148384201457, 1.2090654878486944, -2.8996089394578464, 0.0002194018334249772]]
[[-0.5694981775784022, -0.4114794157395855, 0.28705025057776457, -0.013366665371299331, 0.008653934723671144, 0.00975701513814718]]	[[0.07283750757291203, -0.5708832215836139, 0.28170604084809714, -1.2090561451677864, 2.8995866241889723, -0.00029718652054567835]]
[[-0.6529136126228544, -0.44169969315150776, 0.2928590373202642, -0.013955999932033137, 0.010149152345898478, 0.009829178818233305]]	[[0.07282048802153405, -0.5708801907653326, 0.28164409855365125, -1.2089894756871524, 2.8996232903294303, -0.00010687524208943946]]
[[-0.6522521967157603, -0.4321227716458345, 0.27020995043665424, -0.0135302160940577, 0.009545725397623092, 0.009743977140154386]]	[[0.07283691594405352, -0.5708885072507097, 0.28163656543454985, -1.2090647965058936, 2.8996073406563565, -0.0002211667416709218]]
[[-0.6760463742283, -0.429069766807184, 0.2509680903116598, -0.013769489891600333, 0.009064173657269631, 0.010159255075263638]]	[[0.07283310499004966, -0.5708816733222726, 0.28160519438045006, 1.209048924927017, -2.8996176830224822, 0.00016272227516704138]]
[[-0.7368061174042807, -0.43962000088727965, 0.23508912193785356, -0.012692490343250743, 0.010024525641786651, 0.011408060336065382]]	[[0.07284901967511119, -0.5708825995888683, 0.2815869416257864, -1.2090649504432998, 2.8996074154128073, -0.00023970837578371663]]
[[-0.6737300424162869, -0.4744132608678897, 0.21839301207173153, -0.011671453915937277, 0.008977008461054599, 0.01170281946562022]]	[[0.07283565807402621, -0.5708850379288662, 0.2815615822765216, -1.2090642757231336, 2.8996058969288234, -0.0001644785633839282]]
[[-0.6368260053779683, -0.5204310942152498, 0.19141134449599617, -0.010809039358098741, 0.008802107021116808, 0.011943229815387828]]	[[0.07283600332092763, -0.5708789676632435, 0.2815401559845092, -1.2090377664344831, 2.8995908567978, -0.00018222358315744377]]
[[-0.6164286898415441, -0.5426179584152631, 0.1885901732366501, -0.00995112637730368, 0.00888937400906576, 0.011803452020662178]]	[[0.07283058459574565, -0.5708877796864211, 0.2815224638392798, -1.209111250359662, 2.8995744480226424, -0.00022079013988616003]]
[[-0.6233382564368478, -0.5322935113775881, 0.17978232089668153, -0.00994504659053159, 0.009650148355955714, 0.01221500742315278]]	[[0.07283884288243063, -0.5708865689368077, 0.2814781543122604, -1.2090541187041541, 2.899581663329654, -8.903618937096569e-05]]
[[-0.5785727194629947, -0.45982768622323367, 0.1502378407088547, -0.009049290517723152, 0.009332945909982692, 0.01221224768401447]]	[[0.07281856880710355, -0.5708746810853134, 0.2814524092253714, -1.2089890393898013, 2.8996216365554868, -6.98691933114272e-05]]
[[-0.5947234424330734, -0.4554533311734144, 0.14319467974322395, -0.009629482700245759, 0.010935487848722648, 0.012721280284476883]]	[[0.07283541156663403, -0.5708650623282694, 0.2814372299848959, -1.209115541813603, 2.8995821252398803, -8.843512210224984e-05]]
[[-0.5399058206405749, -0.43769198589410657, 0.13891553720098676, -0.00996964457590115, 0.011030959855148063, 0.012873230445951352]]	[[0.0728216081618805, -0.5708861623743503, 0.281393828716375, -1.2090277393718414, 2.8996173191823953, -3.2577950495493886e-05]]
[[-0.5139460528353993, -0.4387162235743866, 0.13956464135237506, -0.010276670744230833, 0.011910842080135908, 0.01172047295825328]]	[[0.072818954268553, -0.5708702326877424, 0.28136534683037295, 1.2089546999196377, -2.8996361267569144, -2.6855346812327445e-05]]
[[-0.4963156330768311, -0.4379856004689299, 0.14137593495654266, -0.010340485367028019, 0.01278971515092406, 0.012285538159742293]]	[[0.07282369665382392, -0.5708691493733505, 0.28134398605580246, -1.2090403352722725, 2.899598376381654, -1.1786812849750812e-05]]
[[-0.4838156540287811, -0.42242626594171484, 0.14155789486610074, -0.010916671118782023, 0.012290434388884351, 0.012214086908698643]]	[[0.07284956226261113, -0.5708646480590737, 0.2813127102605739, -1.2091489914297786, 2.899564966355085, 2.663338976015309e-05]]
[[-0.4779897638961723, -0.36196687347070045, 0.14142202336826382, -0.011027574252251888, 0.011500662113966576, 0.01187865696500009]]	[[0.07284643460677605, -0.5708719814004088, 0.2812779057715483, -1.2090746832285948, 2.899581663255651, 8.065199563225859e-05]]
[[-0.5033024879290875, -0.35582985069663253, 0.1557628207413623, -0.012126314632134011, 0.011771790361602719, 0.011825718939660173]]	[[0.07280882803725139, -0.5708708547435204, 0.2812481213355651, -1.20900917350623, 2.8996208743246012, 0.0001187899027856351]]
[[-0.4854865941208578, -0.32512267954703966, 0.16767025782441106, -0.012887331164335417, 0.010626855056448425, 0.011594027102704577]]	[[0.07282109339049328, -0.5708654763113644, 0.281212243534006, -1.2090261209291981, 2.8996127357353867, 0.00015798940941299882]]
[[-0.4906994783980528, -0.3108731202138352, 0.19325955454201144, -0.013192773395078454, 0.010393845074774026, 0.01146495717482315]]	[[0.07282280919827794, -0.5708768112620594, 0.281209200246486, 1.2089603445925523, -2.8996496702526025, -0.00010168581730687618]]
[[-0.5277577390838419, -0.38222152801050246, 0.22347776288660162, -0.014199033294890945, 0.012081642358428834, 0.011852041554893932]]	[[0.07283780350963176, -0.5708608433064287, 0.28119523769166704, -1.2090653071594848, 2.8995587611466305, 8.010589329316613e-05]]
[[-0.5155950133989097, -0.4173708135622388, 0.25898850824671965, -0.014394358368159681, 0.012530686296676384, 0.011481932476459442]]	[[0.07284060560629649, -0.570856178706265, 0.2811231325941986, -1.2090734066660032, 2.899578013569416, 0.0002296776085608406]]
[[-0.480689437571891, -0.42759873173603863, 0.28021985039177727, -0.013963196694436698, 0.011685966008434336, 0.010881921370239004]]	[[0.07280993715408492, -0.57086333614313, 0.281118260330658, -1.2090288589571654, 2.899570631750751, 0.000210621502684979]]
[[-0.47235266997016734, -0.435266780972025, 0.2888762991370207, -0.014402307578018818, 0.01101595778219384, 0.010296813774904354]]	[[0.07280543371059905, -0.5708581122940447, 0.28108635870880255, -1.2089691529856106, 2.8996216612452637, 0.00021272911420159874]]
[[-0.48321344163977775, -0.40512213131008673, 0.3072272834265282, -0.014633404815013951, 0.010765815737170455, 0.010254954713869226]]	[[0.07282345142395501, -0.5708550797238224, 0.28105576623110873, -1.2090305879390837, 2.899620902684431, 0.00024971545300163866]]
[[-0.5244130293866719, -0.40515697728683814, 0.33192740441409824, -0.015027220967639717, 0.011169478062428777, 0.010768769806862321]]	[[0.07283939974445967, -0.5708527316927381, 0.281052065664982, -1.2091257045034383, 2.8995570712411114, 0.0001739795317327438]]
[[-0.5371324406250311, -0.33912285701164435, 0.34439467891664033, -0.014173407928475377, 0.010274403948095383, 0.010636130857981053]]	[[0.07282041357292506, -0.570856422411281, 0.2809996781730559, -1.2090327743080507, 2.8995796210616485, 0.0002852346193570089]]
[[-0.5939838953776614, -0.36330562387505455, 0.36995801793196437, -0.015348751517979547, 0.010859041939153772, 0.010824111626931924]]	[[0.07281365172327343, -0.5708382562459431, 0.28099567125904756, -1.2089983815501837, 2.899593896869591, 0.0002849510083566041]]
[[-0.5967606121284712, -0.4012851163016454, 0.3751948921682093, -0.0165843808296625, 0.009786280804628808, 0.010195960137130592]]	[[0.07282091679653739, -0.5708446851374531, 0.2809744360497709, -1.2090952980260923, 2.899580991095475, 0.00022969799895929517]]
[[-0.6514905667656582, -0.4066600512410342, 0.3776346829559606, -0.016826841427988713, 0.009581283946388372, 0.010417498982356279]]	[[0.07282037203653043, -0.5708493596155952, 0.28093610050134926, -1.2090928529976466, 2.8995288323882633, 0.0002646898328131697]]
[[-0.7026235165774709, -0.3961804259478806, 0.3772026081078626, -0.017205976787938657, 0.00942197932530461, 0.010576918534786485]]	[[0.07282819958070047, -0.5708381119303487, 0.2809080121770071, -1.2089988311157707, 2.899592880605042, 0.0003020546565849289]]
[[-0.7250566117689189, -0.4106940165332772, 0.3815862314177267, -0.017617207271672368, 0.009646482471055338, 0.011133024741143827]]	[[0.07282435068399622, -0.5708467870986643, 0.2809164050393691, -1.2090697216222648, 2.8995663220906978, 0.00017076769488190186]]
[[-0.7236591787628398, -0.39798926566380555, 0.37235082108448314, -0.01745755567814677, 0.009541734620713121, 0.010566174396883253]]	[[0.07284407959981196, -0.5708493334468286, 0.28084243291763084, -1.209093981292551, 2.899577957020722, 0.00036020595815352386]]
[[-0.6950802830261256, -0.3763116358675855, 0.3623319874616963, -0.017173979150708552, 0.008235638356516726, 0.010927337260881043]]	[[0.07281049788435591, -0.570836395755625, 0.2808283294601321, -1.2090420820364745, 2.8996007633479337, 0.00030255533642822207]]
[[-0.7243091245673141, -0.3888220075427605, 0.37009965046042365, -0.017959479494514215, 0.008384263584245162, 0.011776004319839295]]	[[0.07284758039577684, -0.5708394460764974, 0.2808024089521243, -1.2091809461281202, 2.899542757582225, 0.00030208223051281886]]
[[-0.6941778143814845, -0.36343339849494033, 0.36181518418051084, -0.01759670714267044, 0.007455690790533913, 0.011100138077376418]]	[[0.07282847265959275, -0.5708351879756043, 0.2807627805383966, -1.2090629295814763, 2.8995516715593888, 0.00033741759769239396]]
[[-0.6779404041382457, -0.3547594292687604, 0.3774567648184706, -0.017062048687696858, 0.007850294166908467, 0.011330364399891648]]	[[0.07281121753429115, -0.5708347530024162, 0.28075405705148276, -1.2090375951973762, 2.8995898007796983, 0.0002812312239007349]]
[[-0.653317123605279, -0.3753925828775548, 0.3710200950223247, -0.01699585977497089, 0.008557160746877141, 0.01140969820012224]]	[[0.0728170072309368, -0.5708303173649344, 0.28071692991867125, -1.2090382853753052, 2.8995893083622986, 0.00028140882920292776]]
[[-0.5516190520518017, -0.34057506277272626, 0.34715015746296785, -0.014486592967096847, 0.008264376576378105, 0.01056609263177543]]	[[0.07280528727241611, -0.570830892128416, 0.2806950642271989, -1.2089764925955866, 2.8995890587302586, 0.0002607596516559882]]
[[-0.5052393694303201, -0.35329117130719906, 0.32527479161653505, -0.013423575273364192, 0.008590822761344893, 0.010578609206989538]]	[[0.07279797349018545, -0.5708337340891511, 0.2806768510848805, -1.2089473593621123, 2.899614447518643, 0.00024247657151623425]]
[[-0.48901440018877435, -0.33663496747047894, 0.30926032185858393, -0.012557680970891391, 0.008571496324527063, 0.011366273079536632]]	[[0.0728068865716188, -0.5708296624997404, 0.2806496198036539, -1.2090125535439564, 2.899626393764933, 0.00024268105587156341]]
[[-0.47972794636437344, -0.31139456080661276, 0.3089617533323636, -0.01230586150047903, 0.008395463113876275, 0.011475188117474637]]	[[0.072823729264672, -0.5708323482021656, 0.2806450443298858, -1.2090610900175698, 2.899594937460444, 0.0001661659940126989]]
[[-0.5051041259413553, -0.2606792598569895, 0.3125374074997662, -0.01209754751903428, 0.008954952496714536, 0.011469181684941203]]	[[0.07280121014557782, -0.5708333204420583, 0.28063549123312054, -1.2089802589696337, 2.8996439928569133, 5.496116975465297e-05]]
[[-0.5408318304323279, -0.2313179276365215, 0.3130387188304036, -0.012702926880791495, 0.009571742878571663, 0.011841146098038066]]	[[0.0728078265380982, -0.5708284902553394, 0.28060804639337567, -1.2090441049419103, 2.8996043229309234, 5.3768685514157264e-05]]
[[-0.5241201087839944, -0.20283649671632628, 0.30285808648578283, -0.013056020401995532, 0.009525077071864908, 0.01164186466454472]]	[[0.07280103634876188, -0.5708327771755165, 0.2805475730244489, -1.2089959796067673, 2.899634919576327, 0.00014711210988560457]]
[[-0.537249919882779, -0.22893857882165855, 0.32299006472531955, -0.013446444543707053, 0.011191530652090886, 0.011706220747746236]]	[[0.07280147419102542, -0.5708270441449257, 0.2805252623184503, -1.2090564134410424, 2.8995850512168824, 8.868204349274993e-05]]
[[-0.5426654294834744, -0.15884166198230132, 0.32685680110173504, -0.012208171085713686, 0.011764015445324813, 0.01121578777076571]]	[[0.07281326325466181, -0.5708297966642706, 0.28052875069880484, 1.2090155177328648, -2.899628850431519, -3.51557962184283e-05]]
[[-0.5434073714105176, -0.13840394045461762, 0.32965201678053185, -0.014004336755574066, 0.011589435259158405, 0.011655710927231921]]	[[0.07280385238145107, -0.5708209801433981, 0.28049139617040875, -1.2090486703661263, 2.899614672469555, 5.557688877714496e-05]]
[[-0.5811838527747031, -0.12122233457657619, 0.3531527544495084, -0.015692483430625202, 0.012122423292201699, 0.012201842121241997]]	[[0.07280786363126832, -0.5708316612345606, 0.28047863045294374, -1.209049048541688, 2.8996157545006875, -1.5072407797505635e-06]]
[[-0.6129874026062508, -0.12277934274893221, 0.35333159404184056, -0.017223438249715662, 0.012395213800630894, 0.011757125185612359]]	[[0.07281534616317425, -0.5708250124333819, 0.28045000444946167, -1.2090576580926113, 2.8995857480344562, 1.6796492845862973e-05]]
[[-0.662949838604252, -0.10965693917768993, 0.3534212209291974, -0.01687183515676158, 0.013454303242624945, 0.01238128714142023]]	[[0.07280828472666943, -0.5708292605462829, 0.28042344439080075, -1.2090625298882114, 2.8995973148466185, -1.926969821114184e-05]]
[[-0.6699145399522985, -0.12205063933439358, 0.3522207679732391, -0.015471519775128085, 0.013734470617205835, 0.012652951867944644]]	[[0.07281547074258021, -0.5708285912371613, 0.28038362388464305, -1.2090802953633788, 2.8995892623213892, 3.714079118684717e-07]]
[[-0.6033417160795954, -0.16503186421166116, 0.33484692276501954, -0.01366786803738232, 0.01201092267767134, 0.011885009555370392]]	[[0.07282832847700778, -0.5708214002064758, 0.2803547626086717, -1.2090921318286494, 2.8995708192808944, 1.9205022830044116e-05]]
[[-0.6301713221707382, -0.2348692575210053, 0.3277041275592252, -0.01237863267307426, 0.012254997143575622, 0.012129546332435901]]	[[0.07281092912253505, -0.5708265575672722, 0.28037124402555424, 1.209113064159897, -2.8995719133144284, 0.00012827825485648754]]
[[-0.668158910320853, -0.31200704764908926, 0.32098882359024106, -0.012224015054350897, 0.011614533696974108, 0.011708006694203299]]	[[0.07280521159015904, -0.5708241926340285, 0.2803487728181705, -1.2090496230075156, 2.89961643774699, -7.406486050920328e-05]]
[[-0.6631516823759522, -0.3301345426726764, 0.31523585392214093, -0.011544986146165746, 0.009685164320184651, 0.011507143721834564]]	[[0.07281530576296802, -0.5708279323720188, 0.28031848953563077, -1.2090456177171198, 2.8996050248621468, -7.329074292051071e-05]]
[[-0.6826215250725838, -0.3623710986585633, 0.29983299844475814, -0.010327932234093827, 0.009551689941566051, 0.01131451702528165]]	[[0.0728132090580523, -0.5708325397595803, 0.28029189430782186, 1.209096074008591, -2.89957983473136, 0.00010855343398835293]]
[[-0.6778021490491523, -0.41504098364366426, 0.2881857373851993, -0.009745191282443558, 0.009484190506540688, 0.011629935136110811]]	[[0.07282331048209571, -0.5708198164121445, 0.2802932398219321, -1.2090495785580193, 2.899565668780627, -0.0001508934047316221]]
[[-0.6399237806723298, -0.41432837298677494, 0.257700641003771, -0.008235811814309959, 0.00838051041443866, 0.011332250042210017]]	[[0.07280886149840286, -0.5708172786092456, 0.2802456788528723, 1.2090322610171838, -2.8996209954565724, 7.150460673985966e-05]]
[[-0.6646378496827186, -0.42227831612715055, 0.2374711604572407, -0.006657353222940147, 0.008888674624297741, 0.011386435282146062]]	[[0.07281759539865, -0.5708215482953226, 0.28022515273718757, 1.2091186683426556, -2.8995850435221056, 7.207043473096042e-05]]
[[-0.655360439815945, -0.448891146610154, 0.20958460429960377, -0.006465831055347499, 0.009597037633261956, 0.011065231074578701]]	[[0.07279539637147955, -0.5708099498288168, 0.28019410880823636, -1.2090051565446156, 2.8996065676556406, 3.0649346415075954e-06]]
[[-0.7024844535650631, -0.4954362081455999, 0.2078808539173158, -0.0076792590841393326, 0.01085293475638583, 0.011067738391100491]]	[[0.07280250780334004, -0.5708098472958516, 0.2801649109267969, -1.2090396811856245, 2.8995920061841436, 3.806071660484304e-06]]
[[-0.696806852606938, -0.45742674480981005, 0.17928693723354505, -0.008796372377374002, 0.010479828742590382, 0.01110538256602029]]	[[0.07280950572978766, -0.5708121006255624, 0.28015026736895626, -1.2090110789410693, 2.899616806202295, 2.92915635690938e-06]]
[[-0.6919617779314753, -0.4009161799423895, 0.1644328669639212, -0.009255219940974007, 0.010546271684982424, 0.011712475942152554]]	[[0.07282736410639624, -0.5708182510485039, 0.2801405404348669, -1.2091108755310243, 2.899564318279402, -9.005584288916888e-05]]
[[-0.6419629476704777, -0.37870609810583183, 0.15349783524287414, -0.009877718446902502, 0.009266333055644038, 0.011351059324644653]]	[[0.07280225730241123, -0.5708157987371991, 0.2801112286792983, -1.2090320135275239, 2.899622049173545, -5.288566240047303e-05]]
[[-0.6531666762528775, -0.3977906634107298, 0.16306095637494544, -0.011173579614984762, 0.009478339640902757, 0.010767447305101862]]	[[0.07278272040102286, -0.5708119765911457, 0.2800721761430659, 1.2089718143032893, -2.899623323224666, -4.3135944680419996e-05]]
[[-0.6758280729910602, -0.3534103214126071, 0.153055671666497, -0.010937141350404056, 0.01010818332572826, 0.011480565604209214]]	[[0.07281585837360546, -0.5707975528287181, 0.2800372037178685, 1.2091033962254163, -2.8995962320046678, -9.715930179088082e-05]]
[[-0.6730878998804337, -0.33337828168254857, 0.14698430967658693, -0.011649041441054442, 0.010637800482838102, 0.01131347705198408]]	[[0.0727916643469626, -0.5708065019970402, 0.2799911683362978, -1.2090127730178428, 2.8996243880537045, 0.000172229232595226]]
[[-0.6321325172904217, -0.27603447360446, 0.1403907231349287, -0.011745855261954288, 0.009788454251953248, 0.01153980596392071]]	[[0.07278544374058962, -0.5707897783457669, 0.27997042740762496, -1.2090645815595615, 2.8996021619395407, 0.00019299520747779293]]
[[-0.619048180084717, -0.23053996743416372, 0.13452500570686363, -0.011893850476864627, 0.009772822017170845, 0.011888005453597535]]	[[0.07278997184931275, -0.5707950781793857, 0.27995091566683694, -1.2089863204867046, 2.8996093239045053, 0.00017265460896012]]
[[-0.5741082368515492, -0.18664058464420327, 0.14104256287754424, -0.012693731391578162, 0.00960093789454898, 0.011410979772875123]]	[[0.07281716984919293, -0.570790714571977, 0.2799464317710196, -1.2090400562928196, 2.8995881886150032, 0.0001148244661093509]]
[[-0.5208201058893489, -0.16205090723743318, 0.1414404758451551, -0.012897270472685645, 0.009639018152006101, 0.011209187195773466]]	[[0.07279845404609356, -0.5708053304254657, 0.27992407122638213, -1.209030974296988, 2.899618988643719, 5.870227795725032e-05]]
[[-0.5109474099213606, -0.16919598971690616, 0.12551025218347756, -0.012949266956648827, 0.01065786703895285, 0.010945843116527451]]	[[0.07280264441088112, -0.570786357011419, 0.27986709410793886, -1.209051336240583, 2.8995683464373463, 0.00017151548106909123]]
[[-0.4744139380847131, -0.18783897516402714, 0.10374182441463739, -0.012579070503540547, 0.0116021729683181, 0.010221299287150667]]	[[0.07278286087161547, -0.5707982982759618, 0.2798519568016683, -1.2089737077453016, 2.899627434787017, 0.0001530398080404784]]
[[-0.44792576894910113, -0.16279016366586804, 0.10686045319555336, -0.010765301135420183, 0.012554331820936796, 0.010063210502068334]]	[[0.072800960380715, -0.5707921061615611, 0.2798261184251451, -1.2090478234809954, 2.8996084394836985, 0.00019192947431320484]]
[[-0.44352013256702494, -0.15996289849431827, 0.09885454579651408, -0.010649412764904964, 0.012945290421486311, 0.010881087583672221]]	[[0.07278111156917437, -0.5707778824002012, 0.2797902079188238, -1.2090471323501422, 2.8996063959569045, 0.0002854009814880298]]
[[-0.48007213016020267, -0.19217127535812234, 0.1288920730004908, -0.012255431744309457, 0.013327438999733009, 0.011331518312596413]]	[[0.07279858787446061, -0.570782288603593, 0.2797611293196622, -1.209059876422028, 2.899588460706273, 0.00026624262408142074]]
[[-0.47967918075551685, -0.17281375171228436, 0.1494959106233756, -0.012634929571332857, 0.012687682514968738, 0.010933808090487558]]	[[0.07279164780162085, -0.5707740248676333, 0.27972749791276375, 1.2090671482691246, -2.8996055034140475, -0.00036292179224063403]]
[[-0.4935832816860277, -0.17258872819649207, 0.18171863716494635, -0.013119401731082466, 0.01266598582437196, 0.010871647284453147]]	[[0.07281950369494047, -0.5707809644329317, 0.2797049814003964, -1.2090767659832449, 2.8995802827361197, 0.00030431527499621107]]
[[-0.5319287083880742, -0.18952517351942613, 0.202150247943321, -0.013924003277138379, 0.012780368141498338, 0.011161613262327785]]	[[0.0728098255274227, -0.5707774779952743, 0.2796762827638245, -1.2090812294705489, 2.899590740971302, 0.0003238329055129899]]
[[-0.504779094357936, -0.19930916301302767, 0.20767939120092574, -0.013711214935395165, 0.01087307211398996, 0.010204613401265376]]	[[0.0727857713514725, -0.5707779934406806, 0.2796614454164401, 1.2090318942754177, -2.8996201031000184, -0.00034334731215694805]]
[[-0.5453515750618956, -0.23671040693165593, 0.2367646873473577, -0.013361835651824108, 0.01152538760063147, 0.010100199035466693]]	[[0.07279822403090482, -0.5707810601970075, 0.27963746913763177, -1.2090777485999529, 2.8995803763751415, 0.0002655549222950279]]
[[-0.5362441766235392, -0.25642208657351195, 0.24794775553416384, -0.013750109576486085, 0.009868004096324335, 0.010176078428700728]]	[[0.07278381293044076, -0.5707710830825026, 0.27960113511307755, -1.2089587574213485, 2.899588837219791, 0.0003392573812822641]]
[[-0.6085769161130273, -0.3052114201741294, 0.2606603798120264, -0.015119854628316436, 0.010073533973892448, 0.011033679479139526]]	[[0.07278464352685539, -0.5707679032640401, 0.27954734161338346, -1.2091141313450067, 2.8995738135580096, 0.0004346850763767632]]
[[-0.5976705142730064, -0.293003873575211, 0.26222111564837275, -0.014332411304908765, 0.00827898102283928, 0.01004287023479984]]	[[0.07279414898971376, -0.5707667584157212, 0.2795219610275673, -1.209035791906518, 2.8995788543416325, 0.0005085725738414446]]
[[-0.6020366953283911, -0.3120376194942589, 0.28226793435171454, -0.014499300787924366, 0.007320718609014485, 0.010189294085814022]]	[[0.07281405748334788, -0.5707660259038358, 0.27950820352726624, -1.209110647409732, 2.899563439483279, 0.0003777191443966187]]
[[-0.6171122663310085, -0.3388495629670782, 0.31033375119054996, -0.01482370182948043, 0.0063095614474630345, 0.010367231838567503]]	[[0.07281402426928447, -0.5707658960940114, 0.27947860347467546, -1.2090413426815636, 2.8995918065351876, 0.0003948371111991514]]
[[-0.640604217392808, -0.33672900041632486, 0.33012528957542936, -0.014830334646963476, 0.00505791931501881, 0.010913705790091242]]	[[0.07278928911699213, -0.5707767621274366, 0.2794619879221571, -1.2090405605290775, 2.8995920548017384, 0.0003948315879113756]]
[[-0.628653775166148, -0.3183158565976282, 0.34635485667036353, -0.014347866407236717, 0.004278885897460973, 0.011287464990006123]]	[[0.07279563052157627, -0.5707737864601263, 0.2794543683410748, -1.2090937628893115, 2.89957151045626, 0.0003196868728305332]]
[[-0.6426658733631274, -0.3294941889161945, 0.3527013785314179, -0.014859427583242128, 0.004521164277619734, 0.011367543148816541]]	[[0.07276790713613386, -0.5707697338658299, 0.2794059813382002, -1.2089446097648426, 2.8996049963469455, 0.0004119756840420729]]
[[-0.6096724957925286, -0.31219424066292556, 0.3472940869291969, -0.015099667749526095, 0.003813264762202194, 0.011110755562690183]]	[[0.07278813694224141, -0.5707665747284891, 0.2793838571216739, -1.2090491500331686, 2.899561726360603, 0.00039259958036932913]]
[[-0.6145046131699798, -0.28610970805405944, 0.3493231308511915, -0.015342677306485548, 0.003877944681205476, 0.011259885302110188]]	[[0.07280566957879311, -0.5707590690883272, 0.2793304202307312, -1.2090699321948246, 2.899562840707139, 0.0005427714892198162]]
[[-0.6175607736108276, -0.24318109709031144, 0.3569711417610074, -0.015132898462070526, 0.004778589223400636, 0.01122038172387564]]	[[0.07279709229493568, -0.5707687754312692, 0.2793283348040322, 1.2091551938084086, -2.8995723949518153, -0.000431129597841965]]
[[-0.588386934918548, -0.2399796192145816, 0.3686924376891313, -0.015742322598363022, 0.004872127134310061, 0.01114797037333904]]	[[0.07278463578689312, -0.5707707305671677, 0.2792975506014306, -1.2090151405683718, 2.899627650703476, 0.00039379097425093176]]
[[-0.5767556400500153, -0.23366805318688136, 0.38956734059530146, -0.016489447644277348, 0.004819959087833035, 0.010490892476706917]]	[[0.07279539771504036, -0.5707761673326776, 0.2793029912703268, -1.2090470334832928, 2.8996048770921865, 0.0002422290762318678]]
[[-0.5693796501066009, -0.2381143170572865, 0.39317709924206057, -0.01744560539761842, 0.0054238442102595135, 0.011263585665917487]]	[[0.07280831337824081, -0.570765844072037, 0.2792553264090615, -1.2090192780801567, 2.8995870449646013, 0.00038928890873731717]]
[[-0.5689838117576528, -0.20030512357850688, 0.3900463022244044, -0.017333677229797968, 0.00621547036833357, 0.011515019766700066]]	[[0.07278340631474281, -0.5707795645659889, 0.27923963145819475, -1.2090583064906653, 2.8995853172993704, 0.00031392273951317005]]
[[-0.5640026179403951, -0.219870750743658, 0.38543820736752105, -0.01862288360006714, 0.006867252708284769, 0.012308530274314618]]	[[0.07278651484842785, -0.5707824380375225, 0.2791942792958471, 1.2090457919063402, -2.8996036694936627, -0.0003372979217142073]]
[[-0.5124866126196241, -0.17434351392998218, 0.37616744661730717, -0.017502740948253756, 0.006402205868915224, 0.011958114091960771]]	[[0.07277783489419178, -0.5707904137207331, 0.2791857583525097, -1.2091027930328175, 2.8995927189553585, 0.00029765987643653037]]
[[-0.45895495734166336, -0.1613122143257693, 0.37325252085455174, -0.017181458183139077, 0.006790012132871927, 0.010929680328880522]]	[[0.07278893583165391, -0.5707839214480771, 0.27915072992570406, -1.2089921408194508, 2.899572798935401, 0.00033090603498097987]]
[[-0.45028586885016075, -0.1578627482400986, 0.39016884689179787, -0.017202552861564316, 0.006958255323875023, 0.011188566934194729]]	[[0.07279171162760366, -0.5707824962187557, 0.279134982676981, -1.2090410461838685, 2.899592401486266, 0.00029536865234386817]]
[[-0.47006677985996503, -0.1465270972046555, 0.38664842433689645, -0.016835268948227566, 0.007827740140400087, 0.011413443657263758]]	[[0.07277444127208564, -0.5707933414160749, 0.2791325973689977, -1.2089560308127951, 2.899631699515551, 0.00012393609639177277]]
[[-0.4472716604537965, -0.14268104675541912, 0.3851841138323716, -0.015783546072348827, 0.008087644186388389, 0.01137860377829353]]	[[0.07279573221970922, -0.570796480295319, 0.27910433474689705, -1.2090293692717873, 2.899613057890349, 0.0001621714853876847]]
[[-0.47118881703253757, -0.18757558053826187, 0.403287044841862, -0.015137767078778423, 0.009610621003400769, 0.01171688485832424]]	[[0.07280546789741521, -0.5707801316544301, 0.27906848956640296, -1.2090260615874349, 2.8996008328542806, 0.00018259239387562488]]
[[-0.48226716567439964, -0.2358904990774668, 0.39596675746474497, -0.015452740613199975, 0.010283228811020924, 0.012111097087072094]]	[[0.07279350979642778, -0.570786950284544, 0.2790542426060766, -1.2090252753720232, 2.8996028086735666, 0.00010613596498524972]]
[[-0.5178158299477535, -0.23474325654940656, 0.3932392697203467, -0.015292498711422532, 0.010279762586486194, 0.011574361752507773]]	[[0.07280042616372091, -0.5707855531012339, 0.27903158467451644, -1.2090606624751983, 2.899588317030393, 8.900541068663851e-05]]
[[-0.5478139956746165, -0.21749690023337429, 0.3878602524641508, -0.01512334843768676, 0.01001383328269984, 0.011410575529227402]]	[[0.0728097767550062, -0.5707880744454145, 0.27901816949143826, -1.209056172370831, 2.8995776577137025, 6.891601295591002e-05]]
[[-0.5740212002953791, -0.2343671626523, 0.3667260397853572, -0.015473244049918237, 0.010069049564066561, 0.012266613036012024]]	[[0.07281765109118953, -0.5707968149478114, 0.2789755449379566, -1.2091514995339714, 2.899563065331303, 9.083225671256355e-05]]
[[-0.5907581132454569, -0.2597264595949939, 0.35147014088086, -0.01580575723828586, 0.00963756028271393, 0.012050450994877188]]	[[0.07280492019887722, -0.5707973907256794, 0.27896952185383816, -1.209044013122116, 2.899597065793983, -4.773051334574047e-06]]
[[-0.6219966406107232, -0.2501778746973049, 0.3272430591979662, -0.014677626296831843, 0.010316860176713509, 0.01280848099475752]]	[[0.07280962074776302, -0.5707942721278165, 0.2789367794912372, -1.209048114138036, 2.8996067896324065, 5.395269044024006e-05]]
[[-0.5939178414642197, -0.24672456920564428, 0.3238079362177449, -0.013596031352290677, 0.009811358659696593, 0.01238015549636011]]	[[0.07280847456431053, -0.5708034575390627, 0.2789403933214345, -1.2090567487645516, 2.899579107079008, -2.299518853116246e-05]]
[[-0.5853820625644623, -0.26576997467634017, 0.28482682441370133, -0.012852578737347103, 0.00907511219069761, 0.012450695968885324]]	[[0.07281822183018552, -0.5707947535873792, 0.2789091407587501, -1.2090954654382255, 2.899574401112558, 3.5262374693949244e-05]]
[[-0.5853610666359123, -0.3158563136497844, 0.2756139318050417, -0.01309288731547222, 0.008517319878077894, 0.012347431537438398]]	[[0.07280343800318331, -0.5707966490051126, 0.2788776180686995, -1.2090836175899853, 2.899592511555199, 1.6786715584437762e-05]]
[[-0.6129324998975325, -0.3470763919166639, 0.2646027328050214, -0.012375682442446391, 0.008851602343266622, 0.011963989546014334]]	[[0.07281546714936438, -0.5708029077570057, 0.2788781017508439, -1.2090744416275585, 2.8995726379018953, -7.822138859873987e-05]]
[[-0.638684845645066, -0.3796682437574668, 0.24422921555266572, -0.011404449000037425, 0.00921440247017805, 0.012157171410009968]]	[[0.07279310006499118, -0.5707921571868366, 0.27883800031322936, -1.2090346766949955, 2.8996247392792562, 5.613981174230658e-05]]
[[-0.6594362285908313, -0.4115809186027272, 0.22212549780667654, -0.010751846217830917, 0.00916104361131663, 0.01196999544143254]]	[[0.07278665728896348, -0.5707938919792072, 0.278807675523086, -1.2090349695391447, 2.8996253229674576, 1.75778478182448e-05]]
[[-0.6555007228323935, -0.41310287974036874, 0.21337168080610233, -0.009606485918473077, 0.008180251670533888, 0.011183883801227775]]	[[0.07280123695985084, -0.5707905268729695, 0.27880276372616164, -1.2090840759437225, 2.8995931459922457, -3.8444423203206853e-05]]
[[-0.6398601160800724, -0.4760670501639227, 0.2188536550244461, -0.010080813822536797, 0.0078118391362846555, 0.011044654958343949]]	[[0.07281670652232368, -0.5707903840038113, 0.27876917108193355, -1.209147372335882, 2.899552423120223, 1.6977033758424567e-05]]
[[-0.6625527319158538, -0.5325921083355561, 0.23069179335320014, -0.011271912038714912, 0.008365970536788982, 0.011506785851772176]]	[[0.07281335029347627, -0.5707881616787772, 0.2787542677611733, -1.2091737245891219, 2.8995667447535274, 3.702783758458056e-05]]
[[-0.6643489427557806, -0.5029773521034331, 0.23428606163357812, -0.01155821880840729, 0.008243663477309211, 0.011019969324061176]]	[[0.07279825048510066, -0.57079895497433, 0.2787216183970653, -1.2090252779798651, 2.899602277774944, 5.402230342221437e-05]]
[[-0.671420307575881, -0.4933881957565345, 0.24280911724825008, -0.012888411089058381, 0.009052962050175984, 0.011111822743179147]]	[[0.0728154704698288, -0.5707835916267614, 0.2786993759480143, -1.2091249707410432, 2.8995471769213537, 7.444637230724685e-05]]
[[-0.6401686750065475, -0.4404973058256385, 0.227831025260768, -0.013321070376548153, 0.008844884374397923, 0.010813044765994146]]	[[0.07278554291872585, -0.5708063594070811, 0.27868782542624293, -1.208962002960101, 2.899643073568248, -1.9943867538248306e-05]]
[[-0.6001538673075193, -0.4028184540639841, 0.21853347233180553, -0.014082055519138144, 0.008964817335519536, 0.0112129445219714]]	[[0.07279426820027957, -0.5708106354862277, 0.2786589348652297, -1.2090480056015802, 2.8996062104940012, 1.8977223712834243e-05]]
[[-0.5867412086324589, -0.3779156275887456, 0.20969099612227401, -0.014488785340609036, 0.010171076136507641, 0.011203376850634312]]	[[0.07281324138146743, -0.5707999203268611, 0.27865207372860423, -1.2090273716009383, 2.8996031439247454, -3.975872437604012e-05]]
[[-0.5189951818205912, -0.3659957975360882, 0.2032397810704991, -0.015204745050290016, 0.01032110071703123, 0.01099225582822039]]	[[0.07281020145216484, -0.570795140652495, 0.2786324225875352, -1.2090657068914263, 2.8995994917449113, -1.8555495924619856e-05]]
[[-0.48941818330055503, -0.3205008306442573, 0.1877545114521802, -0.0143775421250572, 0.0112870105720789, 0.011047103235174023]]	[[0.07280395839452576, -0.5707907601794883, 0.27858069566646426, -1.2090380743965097, 2.899582004088249, 0.00011053725364514334]]
[[-0.43127520071840925, -0.2854838587654299, 0.17341125651669292, -0.013926293353801238, 0.011185045335727431, 0.010585155990034225]]	[[0.07279558819568169, -0.5707983273279181, 0.2785501031874313, -1.2090856794401663, 2.899600701163593, 0.00011389669763546277]]
[[-0.4362646784518588, -0.29112944950853253, 0.18394655186993447, -0.01413851040151389, 0.01246673134756652, 0.010475025825424367]]	[[0.07278815573645718, -0.5708097608551458, 0.278537554950572, -1.2090595635639771, 2.8995870299107, 5.4909964248014814e-05]]
[[-0.41450166720253506, -0.3168455367990789, 0.16949926366105722, -0.0151106852292159, 0.013015643707466783, 0.010753059765526372]]	[[0.07281415570116803, -0.5707989073598728, 0.2784903921786038, -1.209071808109115, 2.8995657978122704, 0.00018640570834010773]]
[[-0.47535979259245353, -0.35162687945760734, 0.1833447359203751, -0.01602615045333805, 0.014523383995431802, 0.011154210337494261]]	[[0.07280318362257801, -0.5708022324785764, 0.27846991286024936, 1.2091205300893737, -2.8995849634336786, -0.00014980339744814178]]
[[-0.5384494399057, -0.33618610186565356, 0.19210216647830464, -0.01587461511928621, 0.01563621812530671, 0.011465938819338719]]	[[0.07282022165839078, -0.570802688077432, 0.2784811844321075, -1.2090994023290433, 2.8995830262347413, 5.551978304003047e-05]]
[[-0.5393983511206366, -0.3407232783117419, 0.2184756987049858, -0.015343451134137574, 0.015546107492336578, 0.011698915422065954]]	[[0.07279058823018908, -0.5708038105160433, 0.2784567544011256, -1.2090520047155304, 2.899615150302023, 7.45704421656018e-05]]
[[-0.5259212557635882, -0.3391676630970261, 0.22245833539437246, -0.014439909652663254, 0.015389079151728697, 0.011437729964222003]]	[[0.07280199890552004, -0.5707989128036378, 0.2784213919866001, 1.209017420504741, -2.899627386812788, -0.000112545940053552]]
[[-0.5330308102130659, -0.34766518001935875, 0.22470870058921502, -0.013771380479346144, 0.014502491410801661, 0.011618429167867964]]	[[0.07279322852036273, -0.5708006170308336, 0.2784035253839197, -1.2090718585054876, 2.899567450845698, 9.111964848324522e-05]]
[[-0.6004246727929543, -0.36851068318464536, 0.23793360797568222, -0.013881853906558736, 0.015237138460797738, 0.01163858085175972]]	[[0.07280071870940438, -0.5707954281405321, 0.278376591085093, 1.2090517291755056, -2.899614165103923, -0.00015024573931727068]]
[[-0.5912511142921495, -0.3707614557263319, 0.2519432555547263, -0.013957875039166725, 0.013995974515503303, 0.011901338431677717]]	[[0.0727926735875636, -0.5707990881357152, 0.278362458686114, -1.2089850849919506, 2.899602554529071, 0.0001296642048529748]]
[[-0.6149644186091265, -0.36475674373463757, 0.2657923978463997, -0.014619463935082337, 0.012574015586148565, 0.011742672872658401]]	[[0.07280175811407379, -0.5708076785256903, 0.27831995486843175, -1.2090412525369088, 2.899591432020869, 0.0001488993893862672]]
[[-0.604127025871938, -0.3214418208824578, 0.25562872593832614, -0.014241399365203633, 0.010067283911282133, 0.011465981792253308]]	[[0.07279567127935493, -0.5707914120886851, 0.2782856003103782, -1.2090229560197183, 2.8995958954380012, 0.00028017656743624516]]
[[-0.5988284687083418, -0.32540348987164014, 0.2465869418110648, -0.014164996812614919, 0.008544294123186885, 0.010798459685389073]]	[[0.07280615981232655, -0.5707961138101572, 0.2782801910383472, -1.2090201150774575, 2.8995871169378433, 0.00014761010981415837]]
[[-0.63617967103486, -0.31309884157061024, 0.24140760801639857, -0.012995683125716863, 0.0084334784672618, 0.011104743648992225]]	[[0.07280173698905487, -0.5708075314031813, 0.2782327997262029, -1.2090584983371393, 2.899582125484881, 0.00022308275650882175]]
[[-0.6423988160811251, -0.3149725592883208, 0.23236463529520066, -0.012035000658489841, 0.0074185969829080305, 0.011265511777895327]]	[[0.07279814774277944, -0.5707978329410771, 0.2782135696958259, -1.2090234839297131, 2.89959703893773, 0.00020342578590023586]]
[[-0.6513140090489208, -0.3263342009697636, 0.24328387955216185, -0.01163109437634249, 0.006805368187319544, 0.011115902763764673]]	[[0.07278989073862854, -0.5708014356281277, 0.2782384062759659, -1.209052319127834, 2.8996152140146405, 1.4717024707943216e-05]]
[[-0.6993880716748891, -0.32771002850323816, 0.23975836838615355, -0.011570371522891178, 0.007451864399460234, 0.011452796971984031]]	[[0.07281784036392142, -0.5708046040369841, 0.2781602764379591, -1.2090666550341023, 2.899552916667819, 0.00018155488125462107]]
[[-0.712284407513323, -0.31609014963372256, 0.22122404121795908, -0.012270139848389105, 0.006604356481353503, 0.011480652628591867]]	[[0.07282528543770227, -0.5708053994928606, 0.278141768874927, -1.209102027917227, 2.8995384667156823, 0.00016405154010757874]]
[[-0.6990375886489213, -0.30067846088067385, 0.20751965228894106, -0.01305236205457334, 0.005742522121272525, 0.010631141493461548]]	[[0.07280516813790541, -0.5708033489826662, 0.2781309031358685, -1.2090683183876152, 2.8996050382807463, 0.00014700859302702442]]
[[-0.6800990889386207, -0.29302473325498346, 0.1877430451287334, -0.013703054234974837, 0.005825845638105597, 0.010339267552847435]]	[[0.07280811665039709, -0.570814765231962, 0.278102098256174, 1.2090350713420923, -2.8996228399218418, -0.00016636614434067704]]
[[-0.6318430900582391, -0.2774409438024708, 0.18732878320382398, -0.013465989695495712, 0.005656904921677072, 0.009950970414422607]]	[[0.07279852494398814, -0.5708142019492092, 0.27809623875730993, -1.2090024905413512, 2.899595355405307, 6.708756260179045e-05]]
[[-0.6292230633204664, -0.23139793742751966, 0.18164606295149188, -0.012639383341598394, 0.005743620663825876, 0.01039032855616637]]	[[0.07283530798399038, -0.5708129500095491, 0.27807391910620616, -1.209101855744676, 2.8995399437939096, 8.65550883079846e-05]]
[[-0.6498333224910422, -0.23259279024652707, 0.17158555822212224, -0.013359116138529777, 0.006106846851105368, 0.010777663731071224]]	[[0.07282709340256897, -0.570816870857336, 0.27803674139663803, -1.2090595178403083, 2.8995841800271687, 6.835264484717426e-05]]
[[-0.6406369427703105, -0.20448498741912183, 0.19048227332373552, -0.013622182129121606, 0.005729017409341662, 0.01119356501513221]]	[[0.07281831116782138, -0.5708191164571875, 0.2780240868049711, -1.2091046316697822, 2.899592829435294, -6.952016876138403e-06]]
[[-0.6288322238547691, -0.17608963486206336, 0.18720240530470972, -0.0145202465295239, 0.005313301061702376, 0.011329418786387229]]	[[0.07281810514058853, -0.570818498032989, 0.2780020156349278, -1.2090522391082672, 2.8996149873530492, -2.614118668565199e-05]]
[[-0.6700615916155205, -0.16212472460147576, 0.19250545007286038, -0.015199707444216152, 0.005958484561875752, 0.01189286776714778]]	[[0.07280191292566213, -0.5708331045023943, 0.27797276231866985, -1.2090344473285652, 2.899623137288692, -6.413976587448688e-05]]
[[-0.6478964536357354, -0.10818096366637747, 0.19252437729965127, -0.014492019031346743, 0.006381995487121199, 0.011888098233524163]]	[[0.07278477547129879, -0.5708322544852498, 0.27792774535444675, 1.208943006605417, -2.899644905923187, 2.4981967875195e-05]]
[[-0.6103794956485837, -0.059836650062175645, 0.19014887712837586, -0.014391606434624836, 0.006569464458449394, 0.011319531206059774]]	[[0.07280869763093181, -0.5708253084180309, 0.27790360341215764, -1.2090420276837348, 2.8995925543121377, -1.038084490129437e-05]]
[[-0.5412229805904096, -0.023532710633019593, 0.16175300742186408, -0.013922324994702738, 0.0060994363115882124, 0.010916061345870356]]	[[0.07279248345594495, -0.5708321982987355, 0.27787265333192523, -1.2089986494295695, 2.899584104004902, -9.040829798697188e-06]]
[[-0.5235844486874427, 0.018959536490038453, 0.14341740558319588, -0.013171033287912887, 0.006318568696379723, 0.011359628961845681]]	[[0.07279440181586337, -0.5708387636284608, 0.2778586077945462, 1.2090456983710118, -2.8996011580303684, 8.170594732784229e-05]]
[[-0.4495000532133673, 0.02257509049401729, 0.13946164719059673, -0.013364948113638546, 0.005629290099797924, 0.0114267679039291]]	[[0.07282635800736167, -0.5708368622417639, 0.27783404960319547, -1.2091169015032646, 2.899575573630985, -8.398093730131156e-05]]
[[-0.41184564900626197, 0.034043133551666466, 0.13625960663372222, -0.012665777433790826, 0.006581266819805837, 0.011476039577685006]]	[[0.07279477334625807, -0.570848416447374, 0.27782397726392416, -1.2090303646826253, 2.899613308262719, -0.00015931307745728387]]
[[-0.39811562264150485, 0.031100199085366403, 0.1272287118393724, -0.011974608657831665, 0.007228761929451627, 0.011758821985252592]]	[[0.07282730671982127, -0.5708393048352032, 0.27776971916163373, -1.2091166391847996, 2.899574909371682, -6.397174922481319e-05]]
[[-0.4070260760519826, 0.039024768994315395, 0.11016999602847334, -0.011299324782038937, 0.008317991585854799, 0.011499525318909427]]	[[0.07282369020100786, -0.570848610941185, 0.27776069512651025, -1.209030946508809, 2.8996127257828377, -0.00015857925924204764]]
[[-0.4338221653881002, -0.00035260841636552964, 0.10401322398479887, -0.010551178278276386, 0.009845493507029924, 0.011665761413976869]]	[[0.07281561042561065, -0.5708467489330511, 0.2777346290419239, -1.2090477008297629, 2.8996060210815426, -0.00017758313420302918]]
[[-0.43501000219234176, -0.0655469745031802, 0.10002775391449238, -0.010528786450259928, 0.009539886399427482, 0.011853563051760826]]	[[0.07283829322385518, -0.570846014394966, 0.2777269362920931, -1.2091304705944153, 2.8995593474753, -0.00021339188986226827]]
[[-0.48856917191012994, -0.11654482656925791, 0.08422023493892797, -0.009773863094507618, 0.009783905534451815, 0.011909023255582438]]	[[0.0728045321708578, -0.5708517298552374, 0.27770727681633256, -1.2090272118463163, 2.899603530274602, -0.0002682340597369288]]
[[-0.4630165108320675, -0.16146376393022688, 0.07028109647112288, -0.008612980660202232, 0.008644840375995859, 0.011266037697487184]]	[[0.07282853063355872, -0.5708456385788799, 0.27766414502433745, -1.209105587535387, 2.8995947486009825, -0.00019148374748548616]]
[[-0.4873626957060257, -0.23225542314884376, 0.07012646139414129, -0.007803632067464607, 0.009413322171013684, 0.01108161850896773]]	[[0.07283552060521511, -0.5708589374717394, 0.2776645712165104, 1.2090881532194229, -2.899554907810352, 0.0002446415437521581]]
[[-0.5055050083525697, -0.2759132016360621, 0.06874925274649796, -0.007591384173924182, 0.00881021422813561, 0.010228532562042028]]	[[0.07282701852042157, -0.5708571749428776, 0.27762243681728405, -1.2090660560020634, 2.899599390721322, -0.0002483551594513788]]
[[-0.5236937850226941, -0.29693707627443494, 0.05643198148104771, -0.007270372338948746, 0.008677377089193375, 0.009690455619838716]]	[[0.07284908010276721, -0.5708589309257619, 0.2775809354790605, -1.209100360684538, 2.8995844260534414, -0.00022796482771031233]]
[[-0.5425684916402707, -0.3192534608690647, 0.04826491684603872, -0.006859336773433884, 0.008839889094744438, 0.010329485720652579]]	[[0.07284028504900858, -0.5708544849160413, 0.277564020316982, -1.2090999201042438, 2.89958327802515, -0.00017266589476240952]]
[[-0.5461846340508516, -0.3229728902643474, 0.04401024379875406, -0.005961748610106435, 0.008560602363941157, 0.009789571306644282]]	[[0.07282400221879023, -0.5708490290236735, 0.2775233433309571, -1.2091167364133573, 2.8995747564347054, -0.00011522174298865046]]
[[-0.53939681204384, -0.3354274630728793, 0.03389713286639473, -0.005410369671857313, 0.008119347856844173, 0.009688105965152096]]	[[0.07282510756021095, -0.5708614901601434, 0.2775148025305609, -1.2090512406876486, 2.899564089634969, -0.0001741963827778528]]
[[-0.5158767126944692, -0.35898154265164794, 0.01802901950120316, -0.005479387754727082, 0.007656038933077604, 0.009730390371300923]]	[[0.07284058399979701, -0.5708551556463454, 0.2774864112798895, -1.2090996713941744, 2.8995825638563955, -0.0001539704573093778]]
[[-0.46771586685443445, -0.32596149981074307, 0.00457049604110644, -0.004508820637250983, 0.006746098477285773, 0.009380015946903538]]	[[0.07283973079685141, -0.5708528119319576, 0.2774802737131959, -1.2090999999515553, 2.89958320004923, -0.00019046767101964357]]
[[-0.4382420588681761, -0.2807225717954537, 0.002576666101091158, -0.00425700052157827, 0.006072844930766002, 0.00917553323846417]]	[[0.07281171059506758, -0.5708636854884718, 0.27744637195961197, -1.2090164396502607, 2.8995778349716037, -0.00015568698270342833]]
[[-0.41657852386308175, -0.2227607572046108, -0.018045938419281128, -0.00493545782108525, 0.004773184385223931, 0.009019845990175444]]	[[0.07280824380890519, -0.5708543958326152, 0.2774035098978414, -1.209032267201748, 2.8995688947724845, -6.193656789365282e-05]]
[[-0.42859222432968724, -0.1638769892869382, -0.015247883702095913, -0.005201649392562432, 0.004396231867727113, 0.009037930888329406]]	[[0.07282346511888466, -0.5708775034807748, 0.2773806582749522, 1.2090459766169748, -2.8996018258693006, 0.00015256955162803703]]
[[-0.39401975852548976, -0.14654142556728822, -0.00262319129391287, -0.00580251757436291, 0.003981960747352038, 0.009576542861119109]]	[[0.07282411225802715, -0.5708524743748105, 0.27734297335685454, -1.209068464203705, 2.899604756859499, -2.013180534560497e-05]]
[[-0.30353833501972804, -0.08759845871324075, -0.006210929345393924, -0.005278991778362441, 0.002178598816907588, 0.008869503424802921]]	[[0.07282446071556321, -0.570860284897713, 0.2773346545234884, 1.2091168026504155, -2.8995747051454908, 5.750915297974734e-05]]
[[-0.30289696425288704, -0.08593899640437486, 0.018183133597416662, -0.005858322567743605, 0.003309784961614489, 0.009311311126145428]]	[[0.07279267496227275, -0.5708556116603313, 0.2773085828479331, 1.2089907381446556, -2.8996145290858184, 5.661280354364104e-05]]
[[-0.28366342918738063, -0.07899567451314454, 0.03894743112441784, -0.006266882541872363, 0.004363035163772112, 0.00921523465851136]]	[[0.07282867439133064, -0.5708577904734228, 0.2772747540616234, -1.2090079732996557, 2.8996038612585426, -2.298410981708317e-05]]
[[-0.2506310352883575, -0.06790235588441405, 0.061677870914467754, -0.007084161852010597, 0.004933355267308756, 0.0094992607951342]]	[[0.07283129752177003, -0.570849094186154, 0.2772329961418408, -1.2090631260569773, 2.899591852738623, 5.286221949612039e-05]]
[[-0.3066999118649553, -0.08063541603291656, 0.09083859809076121, -0.00839809887181534, 0.0070472045836741815, 0.010392668355499624]]	[[0.07280908247364239, -0.5708475514283665, 0.2772130882178286, -1.2089936315405423, 2.899621519632205, 1.673516165470872e-05]]
[[-0.3021744464319124, -0.11882667917455214, 0.09662722824759774, -0.009961361693756436, 0.007895059882956277, 0.01111261100229166]]	[[0.0728188275842041, -0.5708478210841947, 0.2771813690037923, -1.2091045439222272, 2.8995472242114806, 0.0001081198639343747]]
[[-0.3099173869672599, -0.09008666335406643, 0.12979947238593745, -0.00990781618443673, 0.008200655604143747, 0.011308661440548316]]	[[0.0728106386283286, -0.5708550400106612, 0.27715710683777844, -1.2091016562117325, 2.8995887130624, 3.531095123923235e-05]]
[[-0.3063981576211706, -0.0798771701142509, 0.13281316372811655, -0.010656697600627207, 0.00824344639857051, 0.011528005589113188]]	[[0.07281396484120539, -0.5708571967023673, 0.27712644928846303, -1.2089714466740278, 2.8996153713867963, 0.00010873258813162024]]
[[-0.28053134035313826, -0.10582400424316266, 0.15342717202845838, -0.011791283665790596, 0.008143838047495817, 0.011521219384627916]]	[[0.07282194797626151, -0.5708524850598377, 0.27710007324915975, -1.2090652093961298, 2.899550207018023, 8.901728591414451e-05]]
[[-0.2931258530810517, -0.08703563171948359, 0.1527120932454659, -0.011523802861414191, 0.00919772573209528, 0.012158028129500056]]	[[0.0728032572035242, -0.5708578626761455, 0.27707575344539237, -1.209001676691189, 2.899640879118781, 0.0001490741375338889]]
[[-0.32855986213378535, -0.08980918586286853, 0.16475681266004702, -0.011382653738650569, 0.00986241359496764, 0.011726704289316473]]	[[0.07283604426373258, -0.5708547452376301, 0.27703855724436693, -1.209088241534867, 2.899552872592729, 0.00012755006571391362]]
[[-0.35889769406194527, -0.15082475066863021, 0.17371920494998488, -0.012136634146080866, 0.010384407773085334, 0.01152654497525929]]	[[0.07280822485708921, -0.5708519492570263, 0.27699838527572834, -1.209018613242203, 2.899632590575171, 0.0001852678081170972]]
[[-0.37161440779050053, -0.1916526183416687, 0.17077411742649887, -0.01260608393710196, 0.00981763784784964, 0.011619242253745572]]	[[0.07280678116983029, -0.5708568672868731, 0.27696959250282155, -1.2090221621536879, 2.8995908710507234, 0.0002218239935587043]]
[[-0.3785560574106638, -0.1762070387061124, 0.16953985720507286, -0.01103221414015443, 0.009383363395182096, 0.01167966331367575]]	[[0.07284163076724846, -0.5708538900495937, 0.2769599226487487, -1.2090917701957329, 2.8995630995147637, 0.00016399347290479638]]
[[-0.3988130778422805, -0.2313475937497674, 0.16643403616502542, -0.011738937452906365, 0.008984369443231492, 0.011827332278210081]]	[[0.07283256962291086, -0.5708520012675439, 0.2769410274607895, -1.209114145828144, 2.8995678008706567, 0.00010949372454660676]]
[[-0.42984551002388244, -0.21624875043758585, 0.16911316857231112, -0.010851978149023741, 0.008400043758956735, 0.01188705305389999]]	[[0.0728230605099261, -0.5708593190578746, 0.2769303765740716, 1.2090972547568006, -2.8995757960617605, -0.00011069868117594684]]
[[-0.4695770234888511, -0.23836170254141842, 0.1702981310134556, -0.00984998320534223, 0.008090360164982683, 0.011343778456054244]]	[[0.07281558396677391, -0.570857715271413, 0.2769179784389274, -1.2090179316909884, 2.8995824379763984, 8.840285345422768e-05]]
[[-0.5252497492117426, -0.3112322859571994, 0.18118184164864423, -0.009736640838823009, 0.008130216983235333, 0.012315539916560607]]	[[0.07283624828406726, -0.5708549841362526, 0.27687039696588495, -1.2090879040354543, 2.899551740070077, 0.00014537936503606564]]
[[-0.5411900492697621, -0.36242257424763996, 0.19355345439057858, -0.009605126384488571, 0.006616246763320685, 0.01261623435455456]]	[[0.07282311641521733, -0.5708490894988436, 0.2768209275687884, -1.2090482512005458, 2.8996042169560736, 0.00025906064101767885]]
[[-0.5861383433264974, -0.3701538886972788, 0.21780686402309227, -0.009031225115028173, 0.006036180759394202, 0.012139955033343398]]	[[0.0728291838512597, -0.5708618905450451, 0.276785081974781, -1.2090609311718101, 2.899586317421183, 0.00023859096872448055]]
[[-0.6266523200149048, -0.3753778149538124, 0.2417075966948425, -0.008844045456616158, 0.004895106105224174, 0.012308050989902257]]	[[0.072846643501544, -0.5708600474272552, 0.27678283442421825, -1.2090822799026624, 2.8995402649059807, 0.0001429323844793398]]
[[-0.6521368497673298, -0.38219565389932963, 0.23469137182113206, -0.009963182418793626, 0.003507187609532657, 0.012165307680078652]]	[[0.07283607119203105, -0.5708440358059079, 0.27674689410281916, -1.2090550906998156, 2.899523475007794, 0.00023440649481435466]]
[[-0.6790771085053279, -0.359417570395306, 0.24310110528358383, -0.00999945193261675, 0.003035307652808211, 0.012116699037448869]]	[[0.07283235166999828, -0.5708408204281477, 0.2767113405308309, -1.209046693474675, 2.8995517321291397, 0.000274291333628276]]
[[-0.7114587363019377, -0.3621078406453626, 0.2568484667068596, -0.009533379330418866, 0.00413147497268916, 0.012523904946796177]]	[[0.0728103511886609, -0.5708501620551482, 0.27667991667283104, -1.2090436721788105, 2.899592953476522, 0.00023725059414854446]]
[[-0.7185697241065822, -0.38177838222226335, 0.26064434102993567, -0.009943192112218528, 0.004211873581545228, 0.012357094667751697]]	[[0.07280353739194295, -0.5708578827572461, 0.2766604454476872, -1.2090524665547326, 2.899615954012523, 0.0002198040746075646]]
[[-0.7124973072474999, -0.38469795809724705, 0.27590724984234266, -0.010169289084699357, 0.004747904036622711, 0.012657058541053522]]	[[0.07282416501188727, -0.5708584062696509, 0.27664350227802154, 1.2090512449488762, -2.899610985675487, -0.00018205579547280577]]
[[-0.6761173681104276, -0.3566139507594336, 0.26866185128918724, -0.010889951308413907, 0.004927538510846265, 0.012427045710468737]]	[[0.07282938570788601, -0.5708532038919157, 0.27662410064110543, 1.2091374877691332, -2.8995743017493996, -0.00014443210682860163]]
[[-0.6324896718446824, -0.30273264868114746, 0.26418027607686384, -0.011805348878398021, 0.004242047617131277, 0.012563263749521806]]	[[0.07282749958590817, -0.5708446973615939, 0.27658094642713527, -1.2090369111672086, 2.899622883225362, 0.0001805731087059217]]
[[-0.6646371715270245, -0.24459551178989475, 0.25445195468978454, -0.011999895148794517, 0.0058198116704089985, 0.013349990631664308]]	[[0.07281909133268584, -0.5708412987040242, 0.27655636664169786, -1.2090528513990884, 2.8996143656087825, 0.000257767554490058]]
[[-0.6447670253029487, -0.20840362012448865, 0.285221578764013, -0.012289996473787645, 0.006694188065082468, 0.01350763776947475]]	[[0.07281274433702241, -0.5708528430010054, 0.2765246059238543, -1.2090557941764535, 2.8995750717817343, 0.00019728392243260442]]
[[-0.6142626802237086, -0.1969447861178786, 0.2900825608651954, -0.012185033674244165, 0.00734811725324217, 0.01328563118749369]]	[[0.07281153617767157, -0.5708529606184263, 0.2764947470752588, -1.2090602138268896, 2.899585566145443, 0.00021642836846804433]]
[[-0.6075126910306186, -0.19517509578423733, 0.3083436735079503, -0.012381623720847834, 0.00831514897631078, 0.012924453490953666]]	[[0.07282582362160071, -0.5708487874227083, 0.27646981011443006, -1.2089874853989548, 2.8996037041130314, 0.0001778083786194279]]
[[-0.6103339092252413, -0.17979379976311125, 0.31783725217421455, -0.012589476928834267, 0.009697330877784764, 0.012993652785236412]]	[[0.07283504332601673, -0.5708455419072878, 0.27645337883140925, -1.2091399360100337, 2.8995797187113626, 0.00016014003335000266]]
[[-0.5623771518589082, -0.1332846776568073, 0.3099083180876207, -0.01288016727441639, 0.009932013045238266, 0.013599549561413033]]	[[0.07281414552013968, -0.5708406397313753, 0.27643143292874994, -1.209095304762171, 2.8995718343599193, 0.00015998324348136207]]
[[-0.5108201372315895, -0.10421556470946744, 0.3189984748826534, -0.013282414790947559, 0.009825279942148962, 0.013421132436437909]]	[[0.07282955110590893, -0.5708428923792706, 0.276407878516882, -1.2091306640311401, 2.8995574117685483, 0.00014070139322248717]]
[[-0.4959093530131057, -0.13501312586542552, 0.3229389317874944, -0.014787228779957105, 0.010714113396012177, 0.013440873301510054]]	[[0.07280709885943035, -0.5708509677011654, 0.27638140036992953, 1.2090676441957344, -2.8996025334549924, -4.704757462030895e-05]]
[[-0.46807586404654183, -0.13391332154069757, 0.32546037708379827, -0.014742099868495742, 0.01086575331026726, 0.01365223519398412]]	[[0.07281109560986333, -0.5708445337890965, 0.2763634677256608, -1.2090178255866815, 2.8995805300304367, 4.483685697002829e-05]]
[[-0.4764909152096961, -0.18102593718299195, 0.3112642535185024, -0.0158775285988658, 0.012002858582158878, 0.0131879868557697]]	[[0.07280187879626764, -0.5708457137148284, 0.27632550047870846, -1.2090437976350672, 2.899594043612025, 0.0001030610567889339]]
[[-0.4201493779926737, -0.163189967716627, 0.304796630117985, -0.014679948927958944, 0.011859598118458034, 0.012963805805413951]]	[[0.0728106735711757, -0.5708500855324832, 0.2762934690705004, -1.2090267504976748, 2.8996018344930365, 6.581060854842683e-05]]
[[-0.3786132569248053, -0.1696942989626294, 0.3006906677215169, -0.014418562008139787, 0.011719901947289798, 0.012192541687364923]]	[[0.07284701310250422, -0.5708580387377402, 0.2762914934943623, -1.2091237945212558, 2.8995894107689164, -8.34022008648253e-06]]
[[-0.37698180221080785, -0.1708360466112283, 0.29543633321187496, -0.014073345792235462, 0.012035566664046742, 0.011849052600957055]]	[[0.07280863425813204, -0.5708581582334383, 0.276251460513807, 1.209046224424652, -2.899597607403731, 2.4229617927302796e-05]]
[[-0.3759560566445907, -0.2436725161594815, 0.29365501448659426, -0.014536519257864639, 0.012991167858633171, 0.011843831904000821]]	[[0.07284003975331137, -0.5708547869275459, 0.27624328689089045, -1.2091199845584089, 2.899578118452729, -4.5121962528708935e-05]]
[[-0.381248464546768, -0.2473267500692855, 0.26924329485811216, -0.012922331856927599, 0.01248164804384431, 0.011762766790325572]]	[[0.07279430026496976, -0.5708511189180429, 0.2761903454045428, -1.2089670511850799, 2.8996528612620103, 5.170835022325462e-05]]
[[-0.3969242161176153, -0.3228788119964278, 0.24506831188418896, -0.01313641708217356, 0.011991172277057911, 0.01133601083690523]]	[[0.0728102922841824, -0.5708366437751182, 0.2761609713114719, -1.2090184955851113, 2.8996299615946572, 0.0001082199554275991]]
[[-0.4460331626572922, -0.4054002966237317, 0.2404322112333732, -0.012607774084582921, 0.013307552292143894, 0.01147911546190635]]	[[0.07282764502208257, -0.5708405533917956, 0.27613998482939806, -1.2090493669081845, 2.8996048428866574, 5.076611492206173e-05]]
[[-0.44338885738734807, -0.42839214551835963, 0.23339890013055772, -0.011419060158644962, 0.012479494096825984, 0.010777450759378573]]	[[0.07281166662496517, -0.5708523773689999, 0.2761080137210926, -1.2090266453480998, 2.899601238381662, 5.153888821384444e-05]]
[[-0.4734446529409582, -0.4540511919400617, 0.21681405279881258, -0.011138188081520306, 0.011246487022193424, 0.010969293759751789]]	[[0.07281452226293487, -0.5708375122758461, 0.2761127789373413, -1.209022182223054, 2.8995902048614792, 4.960545191542383e-05]]
[[-0.531967444164223, -0.48920829718407144, 0.2294296837109142, -0.01172667600198892, 0.01044863838542381, 0.011282282008843545]]	[[0.07281718074861376, -0.5708412391076438, 0.27607362408101055, -1.209068852394232, 2.8995563806115743, 0.00010549145709737348]]
[[-0.5698286533527166, -0.4474823135574126, 0.22515305924455714, -0.01084121073304886, 0.009330738027235781, 0.011472304604001539]]	[[0.07282959609931335, -0.5708368415146792, 0.27605365990506303, 1.2090995013420631, -2.8995786507745867, -7.33162323542849e-05]]
[[-0.5912489770402571, -0.4527937704388406, 0.23051916316800378, -0.010991191762559041, 0.008176889303679446, 0.011850456353605855]]	[[0.07280786096920142, -0.5708366388152902, 0.27602976944904756, 1.2090471815145845, -2.8996009846007587, -9.052837488274197e-05]]
[[-0.6311775479303088, -0.4571065959641041, 0.23435566713810096, -0.011150032008384431, 0.0080004271427723, 0.01188077097033627]]	[[0.07281909073992816, -0.5708209724830448, 0.2759990679359394, -1.2091223548227183, 2.899584518579043, 0.00016413498551860674]]
[[-0.6504201239580565, -0.46280875632908913, 0.23144912938192913, -0.01190008679843641, 0.00788428478283039, 0.0111099171556655]]	[[0.07281773133880218, -0.5708364069092007, 0.2759483679934741, -1.209104549561109, 2.899590869609276, 0.00020221005088852967]]
[[-0.6609710314540398, -0.48302695185602956, 0.22297317765616045, -0.013071093325915824, 0.008459405455189816, 0.011493653424413558]]	[[0.07282878279584269, -0.5708242000308583, 0.27594646271226264, -1.2091003349962801, 2.8995804276886905, 0.00014513279354704152]]
[[-0.6649011025772414, -0.4395357804957028, 0.22414130433184246, -0.012804608611291513, 0.0081078583536534, 0.011743957064179581]]	[[0.07282383977720418, -0.5708300812594139, 0.2759102243914102, -1.209031158544046, 2.8996074136584733, 0.0002205477470712108]]
[[-0.6933241511353537, -0.48916505628837514, 0.22380404905761203, -0.014190219651959698, 0.008868815644494887, 0.01266821195919016]]	[[0.07282289465712533, -0.5708274547023215, 0.27587406493941263, -1.2091170118325745, 2.899571797495077, 0.00020341237498020475]]
[[-0.6831499504029499, -0.4888984663300479, 0.20481575123522316, -0.013789837978075002, 0.00952140577614164, 0.012729849823567235]]	[[0.0728165028027332, -0.570826032851887, 0.2758525546251432, -1.2090602237902897, 2.899581609830515, 0.00024040092113054867]]
[[-0.6558657164852001, -0.44472721949669985, 0.20359688478944893, -0.012853916015553938, 0.010068105566484358, 0.011971660211918266]]	[[0.0728021150112431, -0.5708176777479702, 0.2758085322322484, 1.20907242356954, -2.8996104622377974, -0.0003544834372568077]]
[[-0.5929369663268579, -0.4177257045231908, 0.18987531625244752, -0.01284961083636534, 0.00972083693793466, 0.011557288484572159]]	[[0.07282507540847642, -0.5708210322645872, 0.2758053053913547, 1.2090550720005884, -2.8996155554804854, -0.0002584725371173907]]
[[-0.5762662249053027, -0.3958125922727728, 0.19213240067270745, -0.01269249097799746, 0.009794799885798245, 0.01191686365084465]]	[[0.07285234792474421, -0.5708073686024536, 0.2757806959636893, -1.2091634868231247, 2.899536888698146, 0.0002963409472351458]]
[[-0.5294452153697474, -0.3387692424313005, 0.183460033876804, -0.012117605943546422, 0.009347778598689798, 0.010851049923396182]]	[[0.07280634972731657, -0.5708218944048223, 0.27578126504867095, -1.2090125957432984, 2.899614852475674, 0.00020254521198332788]]
[[-0.5471260662443653, -0.3656330838719746, 0.20709075745814254, -0.012506231761549448, 0.010819941812579942, 0.010997881600151301]]	[[0.07280162060012667, -0.5708059197225686, 0.2757040381906052, -1.209005936556618, 2.899598785366079, 0.0004466022794536824]]
[[-0.5327734939596024, -0.38107649082962264, 0.2239705956626286, -0.012613734075092009, 0.011702458691125801, 0.01080681207063725]]	[[0.07280937819835134, -0.5708136494200956, 0.2757123639287369, -1.2090689508423855, 2.8996018597698088, 0.00031640323673782307]]
[[-0.5199434128149043, -0.40623339291438176, 0.2375267856552878, -0.012626030896231646, 0.01256223861730342, 0.01127776984067352]]	[[0.0728177085059209, -0.5708045676308479, 0.2756628700694849, 1.209138039246385, -2.8995726502671406, -0.0004303957878253527]]
[[-0.5182345368057242, -0.3955602692129655, 0.26258567975106534, -0.011988671867415653, 0.014325727481443716, 0.011802709348264205]]	[[0.07280268619826627, -0.5708024826346528, 0.27562784776304317, 1.209052026256946, -2.8996095295582998, -0.00046744287448151367]]
[[-0.44424982638661314, -0.3853905128544318, 0.26792067041957857, -0.012330947269850068, 0.01366699716271823, 0.011694784924655194]]	[[0.07279825515699723, -0.5708036721020401, 0.27562905287435135, -1.2090678304212594, 2.899598920629935, 0.00044720066170445216]]
[[-0.47657227395097945, -0.41036300151872973, 0.28319426634186534, -0.013884449543827499, 0.014592760518010006, 0.011777568851766139]]	[[0.07279969940086144, -0.5708039858094098, 0.2755922539413945, -1.209027409147844, 2.89960132773316, 0.000483785469585776]]
[[-0.5382488228461206, -0.39729402272703435, 0.29077130225015424, -0.014516544334268279, 0.015383512501733827, 0.012789690959868137]]	[[0.07280543142618923, -0.5707926518317704, 0.275547467141982, -1.2090357071460296, 2.899570503419606, 0.0005397919774229672]]
[[-0.5521275006987435, -0.3460360699610879, 0.28782739454444495, -0.014126708481888616, 0.014616171863176847, 0.013480792285048452]]	[[0.07281000947501999, -0.5707995256777172, 0.27552957186547755, -1.2091066289079169, 2.8995925631793735, 0.0005618700939540772]]
[[-0.6262587070618105, -0.343745922690316, 0.3033690704571493, -0.01457921975914883, 0.015074862006475708, 0.014374819126571958]]	[[0.07276836923243611, -0.5707998962542182, 0.27546638341336277, -1.2089615303874373, 2.8996377012161374, 0.0006545234663119121]]
[[-0.6448103232367001, -0.340639065319157, 0.31513235857598987, -0.01493303032986832, 0.014550135519595556, 0.01435878807239435]]	[[0.07280764022147015, -0.5707930748078704, 0.27545103307093366, -1.209070867377895, 2.8996058070517776, 0.000617152894862526]]
[[-0.5947676326423116, -0.29959459588235804, 0.3219280494192147, -0.014138137652952512, 0.012356384008307462, 0.013678308841085948]]	[[0.07280255529095886, -0.5707951041814702, 0.2754332815203892, -1.209066392812323, 2.8995951248247334, 0.0005964041471775116]]
[[-0.6027453138980361, -0.25781004980913774, 0.335377805685312, -0.013684912299141459, 0.011151352444037721, 0.0136061313110066]]	[[0.07279321555274865, -0.5707829921449811, 0.27542143377486267, -1.2090389563425428, 2.8995797265985526, 0.000613090161754449]]
[[-0.6535585594335267, -0.22915330120688845, 0.3396197517373403, -0.01436280653732777, 0.009286378764291583, 0.01341469356852938]]	[[0.07281750582689633, -0.5707899739533662, 0.27538955233868545, -1.2091432101648307, 2.899536099703417, 0.0006138319137682725]]
[[-0.6810895195946558, -0.20605105053785105, 0.3710531677203678, -0.014517299738704238, 0.008031387733593895, 0.013824891048206884]]	[[0.07280351323766353, -0.5707941025332325, 0.27534817084141683, -1.2090605378204244, 2.8995811784267196, 0.0007074621086882537]]
[[-0.7443218194041437, -0.20052404682059904, 0.38906903758080374, -0.014445383322735024, 0.00756247482198155, 0.013766400789029224]]	[[0.07280341903958341, -0.570790370597788, 0.275339402019129, -1.2090391558658622, 2.899578409464524, 0.0006502205693167126]]
[[-0.783160811761974, -0.23913774979491786, 0.41115158501099286, -0.015565440320105275, 0.006652357592118912, 0.013847023327779309]]	[[0.07281719359626895, -0.5707835786699323, 0.2753442584723059, 1.2091227288740207, -2.8995835828221326, -0.0005584180206534417]]
[[-0.7822389189046455, -0.29371906263210984, 0.4134037355301545, -0.0156319391590748, 0.006384486608071794, 0.01401765440101238]]	[[0.0728172702991542, -0.5707755042779942, 0.2752812851575417, -1.209071935336758, 2.8995110124196564, 0.0007028877913954277]]
[[-0.7697299545368264, -0.3084584685150703, 0.4013575740923815, -0.014892367650165973, 0.006395300616762907, 0.013468903222930536]]	[[0.07279651212125429, -0.5707820330014458, 0.2752541191239426, -1.2090701502827101, 2.899603469291323, 0.0006868145172154361]]
[[-0.7905993807969343, -0.35241686147717993, 0.40754385480443484, -0.01529928945828879, 0.007079744744534065, 0.013453138367585743]]	[[0.07277968448590033, -0.570791606480765, 0.275220141080857, -1.2089952827994916, 2.8996207790092985, 0.0007233309236189581]]
[[-0.7621719600630801, -0.3813019962702398, 0.41055942312208554, -0.01592590713384742, 0.005735658246440284, 0.012690470504722861]]	[[0.07281751990057024, -0.5707843047792848, 0.2752015445008054, 1.2091238823452122, -2.899586285800348, -0.0006689905376652542]]
[[-0.7701539234540075, -0.37092680179879844, 0.4097750036737063, -0.016624925291583628, 0.005357789017849676, 0.012574838711633665]]	[[0.07279373917642967, -0.5707839646610415, 0.27518666625643284, -1.2090385551770413, 2.899578354516126, 0.0006272524618045325]]
[[-0.7851181079597853, -0.41413006174056927, 0.415222005798569, -0.018398810289718265, 0.00566830415878384, 0.012414720373595573]]	[[0.07277499156569604, -0.5707788019681873, 0.27518089458206463, -1.209013625769737, 2.899615452082496, 0.0006095290005701669]]
[[-0.7802552686237989, -0.3942241255101021, 0.4207436819415547, -0.018454431160643228, 0.005835646097513048, 0.012264333195210954]]	[[0.07278062229468776, -0.5707903503898891, 0.2751438830528339, -1.2089914439011753, 2.8996112657548325, 0.0006082221394083566]]
[[-0.752669495454528, -0.36391719889401486, 0.4351789010205531, -0.0182214126866474, 0.005983677651031636, 0.012236741371254292]]	[[0.07278670363711942, -0.5707840631536631, 0.27511400781796935, -1.2090215790483918, 2.899586058289793, 0.0005882178818105268]]
[[-0.7555921904562153, -0.3508663074632745, 0.4619084284277629, -0.01823782623549544, 0.006744875776031759, 0.013002869238142395]]	[[0.07281060523470612, -0.5707845550869217, 0.2751049351184949, 1.209088415958435, -2.8995980572133506, -0.0005154096760920723]]
[[-0.7773944270161626, -0.2949748187307488, 0.4689905105273388, -0.018278196920408482, 0.007822292439705933, 0.013097290896676588]]	[[0.07279274568883648, -0.5707879257863768, 0.27508719254431446, -1.2090835920175398, 2.8995885543690147, 0.0004939448066282847]]
[[-0.7383995289229671, -0.19032688745467602, 0.4779486139151995, -0.01812127477935648, 0.007063292667809557, 0.012919801680942988]]	[[0.07278873355091213, -0.5707962405108661, 0.275061462378183, -1.2090143776315887, 2.899617349255346, 0.0004920679761062989]]
[[-0.7194055656367555, -0.1078000957871586, 0.4869191014419016, -0.018611831564571947, 0.006863894577522509, 0.01252760534130741]]	[[0.07279420967411927, -0.5707882362187278, 0.2750473331087785, -1.2090791275839312, 2.899577794664731, 0.0004541755758463129]]
[[-0.7169630129729495, -0.061282906595828746, 0.492475682574148, -0.018812649834985335, 0.008408578363231006, 0.012234749199797364]]	[[0.07279210605940119, -0.5707860678460952, 0.2750116840116458, -1.2089804193195925, 2.8996327443974788, 0.0004361075160513578]]
[[-0.6984343758248956, -0.04484844173354574, 0.49345530480279054, -0.018539833843838192, 0.009150212351528499, 0.01250123234284139]]	[[0.07278870265715875, -0.5707939426721518, 0.2750004258600027, 1.2090039122953684, -2.899591467760032, -0.00038252610173930465]]
[[-0.6372286110067389, -0.07757377704913176, 0.4816032319504279, -0.01939423066927312, 0.008407673430506309, 0.012183100580793754]]	[[0.07277714154740471, -0.5708045374804395, 0.2749816948969752, 1.2089984773937978, -2.8995784111296117, -0.0002883717479877212]]
[[-0.5986311132768873, -0.07833316027356008, 0.45291949118335056, -0.018550899281982176, 0.008888156009791271, 0.012598902560960001]]	[[0.07280491483180065, -0.5708008141826211, 0.27495561427956156, -1.2090345747893025, 2.899614813445274, 0.0003042446505565958]]
[[-0.6456594553270674, -0.12402894268661546, 0.44381697132790143, -0.018449211313756483, 0.009290493055361466, 0.013602875811517302]]	[[0.07279351764502828, -0.570797488140087, 0.27493361691836216, 1.2090844238466003, -2.8995898963115496, -0.00024871316811173397]]
[[-0.6947145506213772, -0.15117660629150786, 0.433673183160136, -0.018174839056129044, 0.007910506501603992, 0.014035203747401987]]	[[0.07279882798820816, -0.5708027158617581, 0.27491295681244476, 1.2090711673488523, -2.899554097088363, -0.00025154712062398625]]
[[-0.719590302776767, -0.23030498919030534, 0.4392436597889492, -0.017277507006046352, 0.006810141354819894, 0.014014535619077548]]	[[0.07281030938803237, -0.5708022049037766, 0.27488203833800157, 1.2091126954197364, -2.899509425110087, -0.0002171735580854651]]
[[-0.6724776297617183, -0.31250372790078385, 0.4357324177336808, -0.016298569003919572, 0.00772520536818554, 0.013298341827534744]]	[[0.07280197510483301, -0.5708012308850968, 0.27488482167004574, 1.2090751332456857, -2.8995144721306696, -0.00014115205394864394]]
[[-0.5630426127668817, -0.3300366753672017, 0.42832209032197704, -0.01598085751654955, 0.011309622669792671, 0.013420409168939192]]	[[0.07279475573552509, -0.5708104876825484, 0.2748584334080582, 1.2090450251960834, -2.8994908989781423, -0.00014420615121044217]]
[[-0.4091069479148471, -0.3272109079249169, 0.37812249511792734, -0.016844191304009125, 0.014915725433778093, 0.012425026747786297]]	[[0.07280650538422277, -0.5708070202581794, 0.27484295402624015, 1.2090057859723242, -2.8994938839249347, -0.00010840390325628354]]
[[-0.37825766491247764, -0.325237406533512, 0.34791234538447346, -0.015641041713431114, 0.01712434978492601, 0.012409943382720376]]	[[0.0727980925696314, -0.5708088349549005, 0.27481580699532954, 1.2090753689118725, -2.899516979238602, -8.622703069338513e-05]]
[[-0.47106362425932324, -0.38850113870652914, 0.339347089395169, -0.013999652858183446, 0.015916492273102517, 0.013014832183999465]]	[[0.0728056103915026, -0.5708132100833314, 0.27479454023555444, 1.2090715618765195, -2.8995059452439804, -8.964419164857613e-05]]
[[-0.5465691489678878, -0.4465371206636951, 0.29486001677254686, -0.012279743691878505, 0.011972073313092949, 0.013370686589726921]]	[[0.07279022585189923, -0.5708211601817352, 0.27477235736614214, 1.2090733615138287, -2.899465344830444, -5.3914907275533746e-05]]
[[-0.5485421758137033, -0.49436363018873913, 0.26115733962013615, -0.011077412732205609, 0.010266689728815543, 0.013627523520796114]]	[[0.07278751412532024, -0.5708138204906394, 0.2747853087856019, 1.2089691742611628, -2.8995070867356523, 2.0294547658624914e-05]]
[[-0.5101021186832666, -0.4731452897433492, 0.23302200291783126, -0.010510717235156258, 0.012599748817653515, 0.013439470795983734]]	[[0.07279661811524868, -0.5708095233519987, 0.2747423766173313, 1.2090085927743064, -2.899453446106454, -5.662452653439606e-05]]
[[-0.4499301076296782, -0.47331470920822843, 0.19688235319153988, -0.012232606733955723, 0.016166170549136445, 0.013485276980981599]]	[[0.07280481046370443, -0.5708175917022812, 0.2747111733974865, 1.2090444445640098, -2.8994912658216663, -5.2676029639120526e-05]]
[[-0.42373554415891906, -0.41569853688600805, 0.18362011339876672, -0.011091617401793808, 0.017375819932518386, 0.013445027154811948]]	[[0.07279502544582511, -0.5708103990012987, 0.2747134057740062, 1.2090095580496254, -2.899504581513443, 3.0949261134270113e-06]]
[[-0.494220818149177, -0.45884376710939584, 0.17750464175458627, -0.011102935345587473, 0.01541093775801144, 0.01342597810643379]]	[[0.07277615274207877, -0.570811090710977, 0.2746926271660661, 1.209001616856053, -2.8995342809298896, -1.6245203275980037e-05]]
[[-0.584260815404499, -0.4724273712830792, 0.1720537686147471, -0.009331424131697292, 0.011563859569803771, 0.013441545631483701]]	[[0.07276946427192883, -0.5708088439349769, 0.2746683847006042, 1.2089891172510268, -2.8995529263411908, -3.311461254410968e-05]]
[[-0.6598001828258792, -0.4106642202316772, 0.16021993352419392, -0.006970295542443828, 0.008808895326243035, 0.013881635000006491]]	[[0.07281228629521132, -0.5708115858236663, 0.27462502352529083, 1.2090539767538326, -2.8995139967495143, -7.058891820656454e-05]]
[[-0.659413075468328, -0.3480287508440576, 0.15563959562703453, -0.007337787063235253, 0.008986479935500093, 0.013349958595556214]]	[[0.07278124908328554, -0.570800163783165, 0.27459946270980595, 1.2090191183992238, -2.8994783978945526, -0.00014963759646518038]]
[[-0.6614883115201056, -0.29651616969347916, 0.16096462663263966, -0.008411242440121213, 0.012306637819040712, 0.013322020884301773]]	[[0.07279359611672757, -0.5707942580608184, 0.2745917526819786, 1.2090191724425594, -2.89947838792829, -0.00014794513739947628]]
[[-0.5776156835658007, -0.25820174583533306, 0.1540566001569539, -0.009789064332900187, 0.014049311585784024, 0.013274798244358888]]	[[0.07279547318483555, -0.5708079967573958, 0.2745567807214302, 1.2090326956798996, -2.8995113130999504, -0.00010927425280002172]]
[[-0.5529889681385686, -0.23544559197647208, 0.14770442154113275, -0.00998577424514957, 0.014230678678048291, 0.013409733840355131]]	[[0.07277404540409724, -0.5708017333621079, 0.27454921018316253, 1.209023599183317, -2.899539884610634, -5.272087077217822e-05]]
[[-0.5614551477022067, -0.2814886589851921, 0.14000273682787825, -0.010836345457894359, 0.012915989534658905, 0.014361929480179668]]	[[0.07277841658297049, -0.5707909998428141, 0.27450828312668407, 1.2090120481885385, -2.899560767351147, -0.00018299608792943602]]
[[-0.5834995591246512, -0.30723112888025716, 0.16220795819436723, -0.011049300244090498, 0.011943478067239522, 0.013516131843190619]]	[[0.07278867115486157, -0.570796593177377, 0.2744704867720249, 1.2089734578019224, -2.8995127832847887, -0.00022242449644510422]]
[[-0.58255582539012, -0.32761348120602296, 0.17642342690684096, -0.011847116725307333, 0.012202185934427314, 0.014134457314148195]]	[[0.07278923830371062, -0.5707911129874309, 0.27447781529279924, 1.2090334103438198, -2.8995124417153355, -0.00014676835885463966]]
[[-0.5588711353105863, -0.2805747594567689, 0.1866634864925604, -0.012452066448753804, 0.012797233218255029, 0.013731078615980843]]	[[0.07278603003016558, -0.5707894154386122, 0.27443596571259166, 1.2089734927299185, -2.8995125602813094, -0.00020398026877481686]]
[[-0.496673979282193, -0.2658676566960326, 0.20645650311237762, -0.01293099206373594, 0.013543720059816754, 0.01283452379481939]]	[[0.0728051592845467, -0.5707920865057972, 0.274424262885892, 1.2090553579337133, -2.8995164829285236, -0.00014687854286046337]]
[[-0.5007742239859481, -0.28451386007515367, 0.2331765096889497, -0.012471474757204908, 0.013199385131962556, 0.012259933061920306]]	[[0.07280655531201943, -0.5707834725994545, 0.27439084382874446, 1.2090812487939375, -2.899480878782563, -0.0001845129227099725]]
[[-0.6053532929851551, -0.33307249417845153, 0.26828457159938357, -0.01202413472269444, 0.012629917230465268, 0.012500018560445908]]	[[0.07278416888094491, -0.5707904179115357, 0.2743777841181564, 1.2090766722175796, -2.8995207554964284, -0.00014596858647882425]]
[[-0.6780737961344024, -0.3510872047426653, 0.28986138329352074, -0.011590320689114558, 0.010685544836265897, 0.012356391562229133]]	[[0.07276287129832561, -0.5707940621912644, 0.274343055437683, 1.2089870166269285, -2.8995470757473956, -0.00022134984927518075]]
[[-0.6431416372908552, -0.3059398453599657, 0.3009574332157472, -0.010717064140887697, 0.007624965905937586, 0.011833772757508049]]	[[0.07280166287048075, -0.5707948831631128, 0.27433154892929684, 1.20903024773419, -2.899553642718931, -0.0001634839227945291]]
[[-0.6857157498662046, -0.30570650384757275, 0.3317495090464528, -0.0118291998162558, 0.00811286077059776, 0.012247629358604177]]	[[0.07278187069872562, -0.5707874602160732, 0.2743202916799826, 1.209002924174501, -2.8995381695598086, -0.00010773234768397325]]
[[-0.6959940333202377, -0.2894856586117708, 0.34013403604838427, -0.013401343968284594, 0.0092705809618197, 0.012155825095336532]]	[[0.07278235670385752, -0.5707922224853245, 0.2742557200863046, 1.2090512381838667, -2.8995082339669085, -0.0002396333710615645]]
[[-0.6723305431907973, -0.27646340270049885, 0.3514264816260932, -0.01380540039376548, 0.00988446637782036, 0.011648131719267756]]	[[0.0727959286776308, -0.5707998800522514, 0.2742481708972464, 1.2090202955736895, -2.8994806661080488, -0.0001858412448897443]]
[[-0.6341489011904661, -0.2825259325609217, 0.34986842579070543, -0.013573861680089267, 0.009464051905063279, 0.011930891292112182]]	[[0.07280556492949558, -0.5707875474592449, 0.2741962611072908, 1.2090734986024478, -2.8994621308732307, -0.00033657251125715476]]
[[-0.6222103064104619, -0.2706447870393928, 0.3593868911770834, -0.012880100403280883, 0.00898701867659031, 0.01181928161287942]]	[[0.07277451343642158, -0.5707868055438238, 0.2742052511692996, 1.208986862228223, -2.8995482619089046, -0.00023890175566504006]]
[[-0.6042105149389112, -0.23240632833874597, 0.35255548665186975, -0.012546036850702364, 0.008027848143720491, 0.011819650856097411]]	[[0.07279464844201479, -0.5707949789750837, 0.2741670261361593, 1.2090486248584331, -2.8995488889779324, -0.0002555217137865472]]
[[-0.5681904265160397, -0.2014289945667382, 0.36734064907111585, -0.013552963428075358, 0.007143417873653371, 0.011119371807524859]]	[[0.07279982246779887, -0.5707806844894913, 0.2741757304272921, 1.2090688220749979, -2.89949923822256, -0.00014509552389437383]]
[[-0.5488561675471444, -0.12366064426120432, 0.378112004918377, -0.013642464863595789, 0.0065337777577741465, 0.01018214328156172]]	[[0.07278359321525107, -0.5707884755277807, 0.2741581410983212, 1.209008231467223, -2.8995507972623757, -0.00016190937035493456]]
[[-0.5427314864947872, -0.0729566613926754, 0.36301750871199145, -0.01270968882817864, 0.0061618432369549645, 0.009896751462230178]]	[[0.07276755672652212, -0.5707939048481041, 0.2740896636677416, 1.2089437957190172, -2.899542183049058, -0.00029392199689268916]]
[[-0.5744407256839792, -0.08016235424883303, 0.37520505004570165, -0.012310414897164414, 0.006442145079433734, 0.009857065615693382]]	[[0.07280050164200788, -0.5707947393502383, 0.27408588853295723, 1.2090790990683755, -2.89952241117404, -0.00019838628903072716]]
[[-0.5736864961157252, -0.11609750269570668, 0.3581238977777747, -0.01142110829953866, 0.00579640170817638, 0.0103411200292126]]	[[0.07277713919024263, -0.5707934997494664, 0.27408430536025546, 1.2089689523212825, -2.899553745947935, -0.00012236914173060828]]
[[-0.5873172890663305, -0.1393298782609519, 0.35282239805643983, -0.010611859200363182, 0.005619662520212155, 0.010650167950023989]]	[[0.07276971348361555, -0.5707893563979235, 0.27401452840374646, 1.208957700088284, -2.899575502032506, -0.00029156850561589607]]
[[-0.5776644411744609, -0.11615414299376439, 0.3350897080001651, -0.010344222125119582, 0.005126212992957549, 0.010869457907282012]]	[[0.07280392042926628, -0.570791427298697, 0.27402824380667234, 1.2090871543798567, -2.899492675864579, -0.00016059319918112596]]
[[-0.6110802194826476, -0.1275033118087083, 0.3304831993876177, -0.012574963073200222, 0.0065056938457492535, 0.011498764620865435]]	[[0.07278708256935809, -0.5707913471084701, 0.27403049894786613, 1.208955652613301, -2.8995194931382686, -8.653156426200842e-05]]
[[-0.5885519379627617, -0.06529234708220305, 0.3134346514400281, -0.013361777361268007, 0.007043877947183247, 0.011238609227868866]]	[[0.07281024869834611, -0.5708015059682687, 0.27397914131443346, 1.2091127166156792, -2.8995076031685643, -0.0001389390603777397]]
[[-0.5591210397649262, -0.05822598171537685, 0.2976990534160172, -0.014750075796693185, 0.007815140884530008, 0.011301773186435403]]	[[0.07279690551385297, -0.5707949476745001, 0.2739432190489697, 1.2090819461185276, -2.899481945102053, -0.00014182569026086766]]
[[-0.5543288063098076, -0.10490161342397211, 0.2803623125397074, -0.016072336275774125, 0.009080615613752114, 0.0117179894079542]]	[[0.07278390248972295, -0.5708079296230614, 0.27394110763098534, 1.2090078441027408, -2.8995498575947574, -6.416426036581809e-05]]
[[-0.4872972892443973, -0.12395802376968112, 0.24823541121540035, -0.016435240245538187, 0.008772823223729388, 0.01101811178950096]]	[[0.07278798918308346, -0.5708030844205164, 0.2739215142051115, 1.2090549534547377, -2.8995165819453113, -2.716496984627358e-05]]
[[-0.47275080040131673, -0.10633910100925822, 0.21165489776901966, -0.015998946141406463, 0.009016493778858414, 0.011030316705924394]]	[[0.07279055078605082, -0.5708064441607916, 0.27391431496509355, 1.2089730661282208, -2.8995615244894775, 6.919096193511821e-05]]
[[-0.4473267921635231, -0.06315421384933204, 0.18045042849508452, -0.015377752638301689, 0.008520144652749227, 0.01145150408833161]]	[[0.07280084423767855, -0.570807253342275, 0.273873502213861, 1.2090009813403808, -2.8995781335168025, -6.166414136677616e-06]]
[[-0.43361530229282486, -0.04778317776790106, 0.1547515238498611, -0.015100519644110976, 0.008061473072776538, 0.011515381721509108]]	[[0.07278391855466092, -0.5708043510544164, 0.2738449803704356, 1.208977839784025, -2.8995749433479943, -2.5709891867177276e-05]]
[[-0.40243841928505936, -0.008657506548235383, 0.13584802285886244, -0.012381374889363101, 0.007424639092286293, 0.011028689080297801]]	[[0.07278769020711202, -0.5708142840793041, 0.2738639790271968, 1.2090107134576356, -2.8995564504910543, 0.00018267538882199208]]
[[-0.4141969370254358, -0.06516533966474508, 0.11002056007152941, -0.012048510935281757, 0.007812952175034506, 0.011230065265922226]]	[[0.07281787593929712, -0.5708144677706629, 0.27382471002613457, 1.2090857432341044, -2.899540035883016, 0.00012737760206782008]]
[[-0.4035756817448988, -0.11301580885523532, 0.09760518339328283, -0.0106735800818961, 0.008425047137199975, 0.011493474813008697]]	[[0.07278285937822623, -0.5708147745262383, 0.2737927832512972, 1.2090106173655244, -2.8995052092327693, 0.0001811337144081856]]
[[-0.39412877928305745, -0.15553701245087143, 0.08661472613034686, -0.009451709231999292, 0.008969050942368485, 0.01172772935850344]]	[[0.07281326528116333, -0.5708279295849397, 0.2737904566261545, 1.2090407081333459, -2.899529247152023, 0.0002770505310857688]]
[[-0.34741618900818017, -0.16895671174047058, 0.08405268156138233, -0.0077115994953264365, 0.008748908452569093, 0.010889186179073019]]	[[0.07280707018370836, -0.570811333579698, 0.27375450412843144, 1.209041692632834, -2.8995312125776267, 0.000181522160894434]]
[[-0.3443203768387122, -0.19051943418455614, 0.0674461073000367, -0.00779675069089406, 0.008818194915812734, 0.011876433161674214]]	[[0.07280754914700636, -0.5708282778833113, 0.27373366436087765, 1.2090458289871238, -2.8995415781409526, 0.0002212615773499183]]
[[-0.34536191397699123, -0.18869930357371728, 0.06834057901342061, -0.00812235179481593, 0.008773131923964015, 0.011379668387085769]]	[[0.07280431788008425, -0.5708297192285756, 0.27371240039206995, 1.209031923493824, -2.8995079562659813, 0.00025532868747096485]]
[[-0.3538256253432574, -0.16354616607203443, 0.05916061673866137, -0.00947661466068805, 0.007855859369507228, 0.011328337473299284]]	[[0.07279682191423358, -0.5708383278173017, 0.2736859271651631, 1.208975348386278, -2.8995691161232866, 0.00031381894228155665]]
[[-0.3618567298697749, -0.13355505377557647, 0.0533037147638934, -0.010407299631740414, 0.007383823861738968, 0.01093162901450049]]	[[0.07282717430405565, -0.5708354429638661, 0.27367388289079275, 1.2091229435563453, -2.899531887405101, 0.00040764173218574973]]
[[-0.3793350476132644, -0.15853926317576383, 0.04683592995729429, -0.010471455625239863, 0.008195876465369659, 0.011463668421635109]]	[[0.07278792752155253, -0.570836880415896, 0.2736405962315464, 1.2089880855862656, -2.89955075950932, 0.0003300482132818262]]
[[-0.40121593051504467, -0.23903609375250826, 0.05170884387304162, -0.01156761788588097, 0.008819605419079272, 0.01165742787292871]]	[[0.072829649934722, -0.5708263405606481, 0.27362238601019545, 1.2090846211131918, -2.899537018677857, 0.00032861804744373896]]
[[-0.41340834369931634, -0.2807104316160353, 0.0575898134640052, -0.011739584009394295, 0.008713729853503058, 0.011715881876706722]]	[[0.07278756270405626, -0.5708289179626833, 0.273580830742319, 1.2089807696117656, -2.899581772007828, 0.000273603107509428]]
[[-0.46624379365097246, -0.2906029175580674, 0.045770739380512133, -0.010847177274610226, 0.00880427308237905, 0.011687348371164898]]	[[0.07280103712942664, -0.570842418335763, 0.2735824328901958, 1.2090014703810261, -2.899583037271012, 0.000406167376554369]]
[[-0.472101633244543, -0.325489013967734, 0.05652523032821068, -0.010773877772864775, 0.008266517585350462, 0.011021859663307798]]	[[0.07282976898971273, -0.5708300332817235, 0.2735577876549495, 1.2090970048506802, -2.899517922185884, 0.0003651346025436421]]
[[-0.48993783457753437, -0.3905992570880686, 0.06953470657170335, -0.01085242825361419, 0.007568507553374647, 0.011420201712431393]]	[[0.07281558550562894, -0.5708423845504114, 0.27351939519026347, 1.2090034260270597, -2.8995838760651997, 0.00034713902452484504]]
[[-0.49442997365972113, -0.4229915337788244, 0.04324791519235691, -0.010786535796344462, 0.006079342947000752, 0.011191919094635601]]	[[0.07279383389158545, -0.5708401688386481, 0.273481864339123, 1.2089797568286222, -2.8995305818206893, 0.000268767678360061]]
[[-0.4985132078195401, -0.4300800032426084, 0.04562690731794377, -0.009893610436335343, 0.005984077206091831, 0.011315685235874532]]	[[0.07280133526013029, -0.5708445050901053, 0.2734693622925376, 1.2090094527880786, -2.8995044902410414, 0.00030613732212660274]]
[[-0.5181963720623397, -0.45623081894187145, 0.042366258638131885, -0.010193661235559542, 0.0059685764694430606, 0.011950679336845956]]	[[0.0727998402121666, -0.570842436883392, 0.2734474164167029, 1.2090669406432335, -2.899545255073379, 0.00032865658208092787]]
[[-0.5392026329542472, -0.4181083640356045, 0.030844956302571766, -0.009729118020960142, 0.006228877948218177, 0.011333523531211592]]	[[0.07280425359914519, -0.5708289560740195, 0.2734148307709028, 1.209032436323436, -2.899508586217942, 0.00028703476995277973]]
[[-0.5578569031094488, -0.3842460384023292, 0.02065929184081091, -0.009315516589189513, 0.006460041383733546, 0.010786135737234142]]	[[0.07282023591268191, -0.5708425346503571, 0.27335908745892273, 1.2090467823159419, -2.8995436951820417, 0.00019422153666718593]]
[[-0.5089112427974809, -0.3547055412847555, 0.026985881961034904, -0.009519504034525238, 0.00659921007015529, 0.010589738257502273]]	[[0.07282063478992204, -0.570862617847301, 0.2733687762192082, 1.209063532703718, -2.899533628471983, 0.000326810543089132]]
[[-0.48624777231539823, -0.3514423169873874, 0.015773236767275385, -0.01045320257596701, 0.007359934122909012, 0.010875487705499344]]	[[0.07283079824739834, -0.5708446931879754, 0.2733248713126869, 1.2090729879712536, -2.8995579683431845, 0.000253612945033397]]
[[-0.472510995685306, -0.2965254560308666, 0.012694443125946924, -0.010426191298572219, 0.007892561908170483, 0.011333815352981617]]	[[0.07281089011252917, -0.5708398482198784, 0.2733110168182805, 1.2090248243132407, -2.899539364395062, 0.00023113427082371068]]
[[-0.4448406620772446, -0.25592060956590346, 0.015821421869533805, -0.010260973465327318, 0.008232026472437802, 0.011330968203744338]]	[[0.07282432067925433, -0.5708463619576258, 0.27325892635603954, 1.20909140655864, -2.8995515165225405, 0.0002138586915210289]]
[[-0.41350198517421455, -0.20948057213917198, 0.019343946373030732, -0.009838940364377253, 0.007432200229296035, 0.011252366640878036]]	[[0.07281752793997429, -0.5708438564429245, 0.27324452997215487, 1.2091127590542403, -2.8995559944899307, 0.00019698672670392505]]
[[-0.42716471919460375, -0.183212736565242, 0.00818883469416116, -0.009818055236153202, 0.007617843490038571, 0.011438468619779183]]	[[0.07279842153081684, -0.570841891917902, 0.2731886919142907, 1.2090303722950022, -2.899552696376886, 0.00013774343625757101]]
[[-0.3948127129782649, -0.19017269594046526, 0.013305531192263506, -0.009964359149387786, 0.006620036345689848, 0.011096222198719235]]	[[0.07282309401062481, -0.5708341269983802, 0.27318690395467166, 1.2090771614662317, -2.8995186171592966, 0.00021254662673922324]]
[[-0.40715792483962643, -0.20626648353447335, 0.023568035835486948, -0.00945547663441397, 0.0066063563634730475, 0.01110845099748595]]	[[0.07282309401062481, -0.5708341269983802, 0.27318690395467166, 1.2090771614662317, -2.8995186171592966, 0.00021254662673922324]]
[[-0.3947680806066233, -0.20600347595709378, 0.00903697583631094, -0.008513899082842164, 0.006096759640888804, 0.01121296518865058]]	[[0.07280102765306155, -0.5708521503595197, 0.273136588267942, 1.2090255391358453, -2.8995411799108473, 0.00017577842990305583]]
[[-0.4463820824715886, -0.24676648775847188, 0.015199104167612915, -0.008288030046262005, 0.007346792391691225, 0.011206320496447283]]	[[0.07279149350903985, -0.5708388530736075, 0.2730994961355476, 1.2090355147951433, -2.89956697458681, 2.5562071389967255e-05]]
[[-0.4490992616556728, -0.25234283689071013, 0.04328063599270572, -0.007979011893179504, 0.007433496414744024, 0.010635871077217354]]	[[0.07281678538636345, -0.570845068374578, 0.2730834253230967, 1.2090920019314053, -2.899554716662828, 0.0001008636818478136]]
[[-0.4300570632653087, -0.2758497083439863, 0.049879065917645356, -0.008183861577941948, 0.00765730098468593, 0.010229370905505861]]	[[0.0728180001201948, -0.5708516988842308, 0.27305651531046193, 1.2089838657017562, -2.8995874123593617, 8.275072669964468e-05]]
[[-0.46300489317350507, -0.28607181725628295, 0.07670841751929336, -0.008553953017809085, 0.008446889072270765, 0.011246510090397196]]	[[0.07279817966739115, -0.5708375621833872, 0.2729757048157152, 1.2090020878008427, -2.8995840846915235, -8.763084961547392e-05]]
[[-0.4635349871765675, -0.26365349090912066, 0.08691253558153321, -0.008941435871547141, 0.008499737280051434, 0.01133675324883577]]	[[0.07281366357635219, -0.5708536998002135, 0.27295350112979677, 1.2090534733526812, -2.8995088611208897, -1.3317923026464053e-05]]
[[-0.44851418801551357, -0.30116211827114403, 0.09634924314571769, -0.01056941096158709, 0.008824533328886938, 0.010918791566101425]]	[[0.07281788363249683, -0.5708445050451576, 0.27293326428485903, 1.2090461791789484, -2.8995908453824293, -4.763449229870389e-05]]
[[-0.4403927096706434, -0.24197303807876008, 0.10671932188289342, -0.010201493399916575, 0.009231823325561137, 0.01044745090329228]]	[[0.07280980307197703, -0.5708398990509024, 0.27291126001939986, 1.2089894488073893, -2.8995495921501844, -5.1512316018650156e-05]]
[[-0.43901461600816455, -0.2180356183227879, 0.1165433955800833, -0.010519940834893658, 0.009378839473778365, 0.010748457781680208]]	[[0.07280117899165285, -0.5708332622404582, 0.2728633656095751, 1.2090280725943985, -2.8995487322057407, -0.00014351926215923146]]
[[-0.4331744217323633, -0.1901375548410763, 0.13239740531794003, -0.01065503157834993, 0.00981064686478044, 0.010432364616292366]]	[[0.07278900098933513, -0.5708476076343898, 0.2728294036917961, 1.2090420027566666, -2.899582698909436, -0.0001592148800972656]]
[[-0.4093889691978836, -0.1647095807762486, 0.12755561315299707, -0.010371765589618033, 0.009153068839070886, 0.009755007593849159]]	[[0.07281764383824645, -0.5708349726606935, 0.27282252906245597, 1.2090335124437104, -2.8995599749736978, -0.0001610381998817298]]
[[-0.34487092190429225, -0.15261790476338813, 0.13339952044779488, -0.009798277100210593, 0.00711828869779443, 0.010396284671860684]]	[[0.07281368132807897, -0.5708364665423181, 0.2727947425475331, 1.2091291469581176, -2.899546156077039, -0.00014095607154134077]]
[[-0.3676326370591236, -0.1904143377813533, 0.14653133100865165, -0.010688087520610975, 0.0068348768732588005, 0.010527977195907756]]	[[0.07282765059925171, -0.57083905675033, 0.2727636612235669, 1.20907289568503, -2.899557243402401, -0.00015925399041112097]]
[[-0.38453056094241866, -0.19640643049819512, 0.164472872584722, -0.010280070411802851, 0.006518342760273543, 0.010706630407748104]]	[[0.0727884297542918, -0.5708302446468746, 0.2727154006140359, 1.209004174409747, -2.899588719174835, -0.00027275058602175916]]
[[-0.42041091568254646, -0.22807045034172735, 0.20633284500009139, -0.01075588754218301, 0.006820413454712231, 0.010554596230067324]]	[[0.07281442310736405, -0.5708329492500892, 0.272702807940109, 1.2090425833748586, -2.8995327771779076, -0.00023598247975447362]]
[[-0.46885827447225503, -0.2522224137924075, 0.2153633309984135, -0.011446883610427741, 0.006610913659938478, 0.010457934773530091]]	[[0.07280201049652614, -0.5708283090957007, 0.27265694922332906, 1.2090390584719766, -2.8995749966650175, -0.00029032063751764176]]
[[-0.5150399432146937, -0.2650070427387361, 0.24439070451151002, -0.011706279876701087, 0.006892991371175014, 0.010490601575840374]]	[[0.07281670376191526, -0.5708286083674308, 0.2726654419888776, 1.209091421110522, -2.8995506039044256, -0.0001775628388366903]]
[[-0.49666411249414855, -0.2819565340798459, 0.2733822545601067, -0.012765379683270857, 0.006436905542056996, 0.011138078436395436]]	[[0.07281730687261377, -0.5708391195411425, 0.2726276101781927, 1.2090526549653082, -2.8996060325903916, -0.0001925319826692265]]
[[-0.4306984648589405, -0.2582259379092029, 0.2788901703277064, -0.013181458882954616, 0.004995227894809323, 0.010569934265412036]]	[[0.07280577774252077, -0.5708314632906235, 0.27260316813409263, 1.2091169748034039, -2.8995673044408745, -0.00023095283352271234]]
[[-0.4585422262649388, -0.2250081557669948, 0.3089173309929647, -0.013737564313109825, 0.005850641248781159, 0.010313918508796921]]	[[0.07280989698748006, -0.5708293734487909, 0.27257996446118116, 1.2090394869214924, -2.89957390932069, -0.00023172094344669488]]
[[-0.45472963478506456, -0.17577070377461618, 0.3170524036696481, -0.014025329342344977, 0.006327663730553752, 0.010856290368508503]]	[[0.07280431039363057, -0.5708411468324635, 0.27252157614726374, 1.2090125086332475, -2.899559931539234, -0.00027040694621622966]]
[[-0.5029654747250701, -0.15495430206457148, 0.3485392310017653, -0.014821681337087085, 0.008138291772099676, 0.011290879295083333]]	[[0.0728193576272189, -0.5708390214747172, 0.27252631664517424, 1.209068712464644, -2.899546698703162, -0.0001550674549831612]]
[[-0.5456585054292934, -0.1363424572683669, 0.35293907538010927, -0.01568981067655986, 0.009870753195686983, 0.012107354551296665]]	[[0.07282031037502364, -0.5708415539126961, 0.2724859527798622, 1.2090348062433218, -2.899562825418222, -0.00022963030027996299]]
[[-0.5607069199747502, -0.1298926069635635, 0.3633725147570164, -0.01727788393742422, 0.010255013778419485, 0.012296956685834403]]	[[0.07280215719023518, -0.5708405395984224, 0.27248599470879675, 1.2090299122578243, -2.8996016349091787, -0.0001161035273590995]]
[[-0.5414059403758715, -0.1139980904168447, 0.36514389167199873, -0.01859698223064101, 0.0096338952931532, 0.013164252696925787]]	[[0.07279932532854719, -0.5708396718120716, 0.27245357890322436, 1.2090035893455804, -2.8995869212292718, -0.0001152809177075045]]
[[-0.5659549595055977, -0.09857635513878316, 0.3859700981509899, -0.018580542989060984, 0.010097442644496402, 0.012858575284383493]]	[[0.07279493282299121, -0.5708401662526907, 0.2724251864808741, 1.209012772049408, -2.8996090423779, -0.00011337396134788437]]
[[-0.5861186895485819, -0.09841440351144573, 0.390157263295098, -0.01823047754249238, 0.010405786157633672, 0.012827811875205286]]	[[0.07281177830719446, -0.5708503792945282, 0.2724136236415103, 1.2090248774158803, -2.8995895459247087, -3.800379548649657e-05]]
[[-0.6208367618519137, -0.10572413401003383, 0.3992676758302421, -0.017151535021652398, 0.011200904764382522, 0.012480085780463128]]	[[0.07280082254690749, -0.5708503379280958, 0.2724059165294452, 1.2090284746337183, -2.899547173913928, 3.5244658888906865e-05]]
[[-0.6415340211670872, -0.14927026750791944, 0.40009881847328566, -0.01711355329912082, 0.011277315037551501, 0.012272930520222727]]	[[0.07280179449542196, -0.5708495062004086, 0.272348879599548, 1.209033594971318, -2.8995595057405747, -2.0543381414586597e-05]]
[[-0.6453783950922661, -0.16873380431463045, 0.40459325285894526, -0.017148631643665473, 0.010560713888237734, 0.01157882283301129]]	[[0.07282375412807171, -0.5708466279234274, 0.27232042112304744, 1.2090730591324714, -2.899556867987351, -1.931209878128189e-05]]
[[-0.6490509036954311, -0.2158135277895336, 0.3852021308487946, -0.017349635574718077, 0.010794698386191955, 0.011873728521451833]]	[[0.07282070466730362, -0.5708540453425145, 0.27231030870582545, 1.2090943405129058, -2.8995593773725923, 5.6833700356955416e-05]]
[[-0.6180968487265692, -0.24573686558647073, 0.3760036863581897, -0.016789277660092437, 0.01094612325092141, 0.012148430167566655]]	[[0.07283531862962217, -0.5708480159654525, 0.272299892841142, 1.209051783202441, -2.8996011818583582, 0.00015139379259732777]]
[[-0.5952000242538349, -0.31027757385943044, 0.35996810757722164, -0.016198261934178677, 0.011904154299866165, 0.011945912296244223]]	[[0.07281714998055003, -0.5708606075196606, 0.27225857165731476, 1.2090460166100527, -2.89959140181126, 0.00014968058385570919]]
[[-0.5361902719034942, -0.3333252434029601, 0.3479372613983203, -0.014654316822846658, 0.012742723353080838, 0.011848669280858468]]	[[0.07282668135342195, -0.5708626793929836, 0.2722448973913141, 1.209086613667868, -2.899587672011305, 0.00016896024801980403]]
[[-0.4523995091602595, -0.3442497724676294, 0.3185665188468895, -0.013117935553305286, 0.013138843235994065, 0.010913365514524327]]	[[0.07281993625981632, -0.570864161174971, 0.2721983556492868, 1.2090002689562185, -2.899625835298848, 0.00012943936462183112]]
[[-0.3907524308451958, -0.3463945030120477, 0.2926301715910086, -0.011815610387661456, 0.014042943296719294, 0.011072820123273418]]	[[0.0728275338336188, -0.5708538626421591, 0.2722090357249993, -1.2090671461858802, 2.899591409499383, -0.00022591239670616934]]
[[-0.3423136679201898, -0.3505442054750083, 0.26411108875500544, -0.0118891628468328, 0.015158921486712256, 0.011771116798594487]]	[[0.07283118419257609, -0.5708633013648299, 0.2721772997754463, -1.2090845708723539, 2.8995828318073404, -0.00022532037727151724]]
[[-0.32433523286733107, -0.3158068634074987, 0.22545392550963597, -0.011562597722415538, 0.016121758725343438, 0.011226000332098326]]	[[0.07282719919287477, -0.5708555512614841, 0.2721379245906546, -1.2090253541632787, 2.8995421373021855, -0.00018903436950246875]]
[[-0.3261227638435756, -0.3208413652387926, 0.1987312746426027, -0.010940277299564037, 0.014005237355632747, 0.011659106428810856]]	[[0.07283217295160725, -0.5708461836321645, 0.272132142028285, -1.2090916080589418, 2.899504238435363, -0.00020601831147956266]]
[[-0.4539267279708288, -0.43212960725973504, 0.1773207513245105, -0.01131672692262309, 0.01164976054548717, 0.012380035078330924]]	[[0.07282640929015127, -0.5708509440971712, 0.27209332057463376, -1.209039660074964, 2.8995257644451042, -0.00015047466899331858]]
[[-0.504979600965046, -0.4878073664468133, 0.17032571615470743, -0.009944920041951332, 0.008377627830261334, 0.011526592896145623]]	[[0.07284541293704393, -0.5708438937890835, 0.27208321541338654, -1.2090575209201604, 2.899519725340469, -0.00018787267954879512]]
[[-0.5375200340959304, -0.4729405095980691, 0.154755603413163, -0.00856971538297366, 0.007767843585190081, 0.011623173595065097]]	[[0.07284618652322432, -0.5708529071205073, 0.2720583509256152, -1.2091023171903632, 2.8995279422872673, -0.00020493919083163414]]
[[-0.5354800657594999, -0.4544835011872213, 0.13377093739040632, -0.009351874005538597, 0.009299824925156255, 0.01250108003302037]]	[[0.07282778992111728, -0.570851401955926, 0.27202607274106555, -1.209035321340437, 2.8995153351198963, -0.00015040975848959863]]
[[-0.5105827374182522, -0.43620812786555796, 0.11958288541760968, -0.0100040584838641, 0.011073417554447565, 0.011921915628934139]]	[[0.07284593724559726, -0.570841909470803, 0.2720119676785736, -1.2090702950736156, 2.8995016079720095, -0.0001874600434035524]]
[[-0.5182785102864395, -0.45652077266793234, 0.1021412437811402, -0.010905911752230282, 0.010470073978242582, 0.011796800323698644]]	[[0.0728070908495421, -0.5708408914159928, 0.27195668013734325, -1.208956856648972, 2.8995718947258826, -7.282019884053202e-05]]
[[-0.5867705347819986, -0.4650585719327667, 0.09010907430673921, -0.009747122432025935, 0.00805375812415633, 0.011352126494707643]]	[[0.07283283818213224, -0.5708292965293273, 0.27194389404778935, -1.2090392603660727, 2.89952415039545, -5.61333178880927e-05]]
[[-0.6411640055766443, -0.46772798464852305, 0.08561938075122506, -0.008030933996998876, 0.006412883973850829, 0.01193062021364507]]	[[0.0728490104834434, -0.5708289635167428, 0.27190570548509946, -1.209109669508648, 2.89954674359123, -5.362739437773109e-05]]
[[-0.6378785725991073, -0.4619448021553291, 0.0759744415530573, -0.008134122837143824, 0.006345850544917837, 0.01154137455509759]]	[[0.07283328861675924, -0.5708270640414583, 0.27190137988070245, -1.209051937635719, 2.899505843108786, -5.610683286051944e-05]]
[[-0.5839979249131511, -0.44435851068000015, 0.07310093255787285, -0.01023259073394474, 0.0077861661990700996, 0.011386141825519554]]	[[0.07281634034788668, -0.5708240501910957, 0.27184918152684123, -1.2090381132178047, 2.8995212878745877, 7.625224084363128e-05]]
[[-0.5325249387749097, -0.37573096165010683, 0.07275819414549703, -0.011890021146465365, 0.009534046945471273, 0.012131619564586818]]	[[0.07282167468938182, -0.5708218072715039, 0.2718164533805938, -1.2090254170101713, 2.899539323782581, 7.649491610516802e-05]]
[[-0.5414290725174863, -0.32305129401539256, 0.08604730074797237, -0.012716117441015857, 0.010374737741968515, 0.011992096419124144]]	[[0.07283414316768319, -0.5708272565097576, 0.27180524160803476, -1.2090571320678858, 2.8995665839104237, 2.0932251393809977e-05]]
[[-0.5655915925931772, -0.3126704179497173, 0.1056190283461087, -0.012427262071508462, 0.009083467782846874, 0.012089245507783614]]	[[0.07281173608322034, -0.5708238628057003, 0.27176988358558324, -1.2090628342874263, 2.899485178019711, 5.570401651119841e-05]]
[[-0.5910137365799119, -0.33423936823429046, 0.11554199923147357, -0.012043760454104442, 0.007175583247847352, 0.012043057268069894]]	[[0.0728214654215808, -0.5708177366870918, 0.27173344653215964, -1.209003127912648, 2.8995344211452196, 0.00011365488315061378]]
[[-0.6053589846513444, -0.3683119415990637, 0.11652142213139602, -0.011276193263900496, 0.006390304718909955, 0.012101026088699125]]	[[0.07281149931012852, -0.5708212057428422, 0.271717199239803, -1.2090515108452797, 2.8995529918144376, 0.00013407058670020212]]
[[-0.560342682315961, -0.3800582615917818, 0.11843081648706232, -0.010357078376393183, 0.006851686840344236, 0.01165265829525656]]	[[0.07282730983339895, -0.5708142408352929, 0.2716725220513873, -1.209089005516171, 2.8994970374451308, 0.00016940644126509473]]
[[-0.49907355274956067, -0.35947569739703555, 0.12692146219276454, -0.010399769729016678, 0.007287728737672434, 0.010786948293908142]]	[[0.07280527232506434, -0.5708201644871396, 0.27166553402666566, -1.2089770828438282, 2.8995709985260656, 0.00013231801495305963]]
[[-0.4816020659596103, -0.365770136373594, 0.15076972942531042, -0.011450710233388046, 0.008039579913642018, 0.010026483954332267]]	[[0.07280972506376096, -0.5708129780779511, 0.2716185620683189, -1.2089937200951015, 2.899562121582482, 0.00020725953233154525]]
[[-0.5660036162099262, -0.34405473064479597, 0.18347483291577826, -0.011296483501813219, 0.009219960818891083, 0.01049983479898006]]	[[0.07280883248398988, -0.570817362225411, 0.27159640968632187, -1.2090199827916752, 2.899576423761137, 0.0002289940445826017]]
[[-0.6210304601685921, -0.3423664488524816, 0.21382552725890355, -0.012504883978481991, 0.008831240033690117, 0.01099034498036699]]	[[0.07281037361398487, -0.5708214731906129, 0.2715480791574302, -1.2090546677038383, 2.899560495311392, 0.0002836295190919556]]
[[-0.5584169007056896, -0.3081476588996896, 0.2468786736516622, -0.013432689421183107, 0.007635752141288203, 0.010892826184823182]]	[[0.07280337682698634, -0.570808064214269, 0.27154350244139547, -1.2090190228485451, 2.8995235324785376, 0.00026379256725373]]
[[-0.43775580945329773, -0.23139678182783602, 0.257973815373879, -0.01340882921148674, 0.007328941982573789, 0.010462691088330077]]	[[0.07281595041175017, -0.570809653931657, 0.2715096082685111, -1.2090456504849325, 2.8995386180539615, 0.0002641238990055162]]
[[-0.3426940419498976, -0.15288131897083065, 0.2574930209056808, -0.014488263130456019, 0.008302500801393132, 0.01028127613512644]]	[[0.07281231273503032, -0.5708067432780073, 0.2714508450530742, -1.209018973589298, 2.899571880013105, 0.0004153591727442257]]
[[-0.3411477515503115, -0.12598828850123905, 0.27803073453691596, -0.015923960880975356, 0.01036428424181137, 0.010309127893945905]]	[[0.072836139822676, -0.5708064129970883, 0.27146042162075046, -1.2090627594988075, 2.8995309347943534, 0.00028311665916312684]]
[[-0.33748824459663207, -0.10616291948997027, 0.2909680150627992, -0.016936202825567355, 0.011409106522118923, 0.010341843827747237]]	[[0.0727941569404195, -0.5708126580035593, 0.27142430174962, -1.2089798963067762, 2.899577385744343, 0.00032003366205189194]]
[[-0.362270917548199, -0.10012371958236649, 0.2968129290448438, -0.017319748449928455, 0.011298135351252157, 0.010834683952245556]]	[[0.07280615357697079, -0.5708065772382892, 0.2714160476760213, -1.2090317734232012, 2.8995556958003177, 0.0003202186047954411]]
[[-0.37140593471224537, -0.10082846898571401, 0.3002005888560235, -0.01732645867346144, 0.010558733997610892, 0.010776073221189193]]	[[0.072788651175006, -0.5708012835124149, 0.27135021017890604, -1.2090352260409958, 2.899563823047672, 0.00045304508127552164]]
[[-0.3991365310407756, -0.10129997309425645, 0.3019605191825004, -0.017001997777045485, 0.010531819878201319, 0.01136389103275783]]	[[0.07280035793598699, -0.5708100241272841, 0.2713622450650334, -1.2089970582262575, 2.8995697460018457, 0.00032122801656342577]]
[[-0.4100426295451188, -0.12447148014892315, 0.3031821219069755, -0.016724730688896697, 0.010261380701767117, 0.011024098335380927]]	[[0.07282873709764322, -0.5708122836668781, 0.271307314526297, -1.2090707423192504, 2.8995500291416576, 0.0003948301363070954]]
[[-0.4919427256518969, -0.1487916680971858, 0.2964133842914739, -0.015980887591928738, 0.010252077772897134, 0.011427799056333704]]	[[0.07279359286753012, -0.5708142889996549, 0.27130775896427267, -1.2089673915475008, 2.8995957716685266, 0.000281981214982504]]
[[-0.6010505085839114, -0.20860715830371684, 0.2871253410176682, -0.01636130757751985, 0.010141267615503748, 0.01154739117648453]]	[[0.07281048314658468, -0.5708146289568394, 0.2712517848784491, -1.2090950420958229, 2.8995130829985496, 0.00043024926576380143]]
[[-0.6677677786959125, -0.2582890772431101, 0.28844861522577886, -0.01618897905604579, 0.008591657438362854, 0.012096552987928048]]	[[0.07279874254607784, -0.5708123362065953, 0.27124047628163617, -1.2090231395552928, 2.8995834211413225, 0.0003565123515667084]]
[[-0.6776975971675783, -0.24771936990643204, 0.29937075875017866, -0.01493483981729955, 0.006461562526590176, 0.012109406563221665]]	[[0.07281831447572559, -0.5708086340367888, 0.2712197496580071, -1.209035465901515, 2.899513982617855, 0.00031480920222158506]]
[[-0.6901192042163907, -0.23744038942281664, 0.2743881465316352, -0.014164300067257291, 0.005993954069377231, 0.012401519856513237]]	[[0.07281802838893978, -0.5707990484488545, 0.271202449349649, -1.2091012436646447, 2.899525271036927, 0.00033466606146266906]]
[[-0.6901086242563116, -0.23855255890901614, 0.2543816891930962, -0.014211207317203687, 0.005889457502031857, 0.012011840283672014]]	[[0.07282612502582182, -0.5708207162466654, 0.27117275315514633, -1.2090320216492467, 2.899554440626373, 0.00031735272731629234]]
[[-0.6928887161667601, -0.21588623138990481, 0.26897752818765475, -0.014142486482434805, 0.006774371151886133, 0.01147437877085821]]	[[0.07281101645608148, -0.570815735531212, 0.2711418640199579, -1.2090267509154502, 2.8995435797861435, 0.00031512613311693115]]
[[-0.6885136958177989, -0.18468573712817354, 0.2573197512807472, -0.013400700143804081, 0.0076800857070848366, 0.011288789386653206]]	[[0.0728355073960389, -0.5708197308568125, 0.2711155785716679, -1.2091089548155736, 2.899495750106737, 0.0003150336061819078]]
[[-0.718916884202614, -0.18962830499143846, 0.24626428244041249, -0.013608444496156134, 0.008733498816143135, 0.011642917428800961]]	[[0.07281059114772347, -0.5708179140262839, 0.27108736765598146, -1.2090656835484495, 2.8995395740023726, 0.00033351437508439673]]
[[-0.702112087576156, -0.22004900780014006, 0.2521481896605489, -0.014939431375341322, 0.008224468893721273, 0.011251796366610032]]	[[0.07283658504204285, -0.5708136987330971, 0.27107318867575164, -1.2091060296823612, 2.8995368535458756, 0.00027771176037950343]]
[[-0.7220853554948742, -0.20100407722998936, 0.2663309607492128, -0.01498861457271377, 0.008495373883495388, 0.011607114763839509]]	[[0.07281295332312152, -0.5708171373425229, 0.27105355900848693, -1.2089880756471831, 2.89954795620893, 0.00021947725320133478]]
[[-0.7056974422848026, -0.21755817861693214, 0.27117510964982433, -0.01523705417536735, 0.0078059823432513695, 0.0113448321216493]]	[[0.0728209478782963, -0.5708248430324151, 0.27101380731977887, -1.2090381080567254, 2.8994738958428674, 0.0002555898604995485]]
[[-0.6714571908783894, -0.2164793937478482, 0.26101495206082176, -0.014610409339681277, 0.007048902831699512, 0.012087242906901352]]	[[0.07282309810311006, -0.5708210118607782, 0.2709964830702692, -1.209053531693776, 2.8995066325898056, 0.00025626752417672516]]
[[-0.6505875621438, -0.22751502635033177, 0.25164063978839385, -0.013782073396673008, 0.006820302573635354, 0.012090763496286351]]	[[0.07283010399787739, -0.5708239209819496, 0.27098713857978074, -1.2090765130321448, 2.899512868893891, 0.0001251366030449787]]
[[-0.6309294105355071, -0.23666895474051228, 0.2635964264357282, -0.01306729067870796, 0.006071267203431088, 0.0121403762586606]]	[[0.07280603828813333, -0.5708244608439966, 0.27092948597511335, -1.2090142269079105, 2.899561929100208, 0.0002574911184255954]]
[[-0.6295268743231144, -0.2351322509475572, 0.2707913384747966, -0.012906500894539286, 0.005902339124400096, 0.011733971431426323]]	[[0.07283189303624382, -0.5708355304873581, 0.27092795615201626, -1.209033368101315, 2.8995573642589063, 0.00010646454643838438]]
[[-0.6011320466774991, -0.24061592427865494, 0.2806382284730978, -0.013578235819338372, 0.004971095303950962, 0.011063456987775203]]	[[0.07281172341209645, -0.5708462940745045, 0.27089313278131244, -1.2090590676725133, 2.899572319707637, 0.00010695106672259467]]
[[-0.5645694793527163, -0.2661841004854964, 0.2740816271755394, -0.014555998242772466, 0.005123174600880614, 0.010651856600709077]]	[[0.0728256164957175, -0.5708254161944785, 0.2708715507462048, -1.2090948235630858, 2.89955636887326, 0.00014605916139337068]]
[[-0.5460756654973848, -0.2744150091820449, 0.28727602108235295, -0.01467599969831487, 0.006195389045620072, 0.010500951948094766]]	[[0.07282707692816602, -0.5708312601172794, 0.2708519938722654, -1.2090369534778271, 2.8995172123372415, 6.581385985722832e-05]]
[[-0.5061897727702237, -0.2840075618336062, 0.287430778306065, -0.01563191437405454, 0.006685760697628841, 0.01015445976718328]]	[[0.07283650739319875, -0.5708285942008721, 0.2708287117742395, -1.2091200778236049, 2.8995216495663234, 6.835664248388164e-05]]
[[-0.4777015667496834, -0.24538058283032563, 0.2913227614987154, -0.015553170872589193, 0.007157809141842449, 0.00992412285975047]]	[[0.07283940969615703, -0.5708328795311542, 0.2708142389520356, -1.2090994560029564, 2.899518950033823, -7.129369548959612e-06]]
[[-0.47847790410122604, -0.24757700302165891, 0.28802452882053203, -0.01573788433252924, 0.008989398394252423, 0.010255554329158314]]	[[0.07283426273874813, -0.5708448964917471, 0.2707914386378565, -1.2090737570630432, 2.899556616804716, -6.063053062728378e-05]]
[[-0.45467658321279886, -0.24675283923933697, 0.28820751930217603, -0.015357217053852023, 0.009993959701031788, 0.009875968674164336]]	[[0.07283022310614755, -0.5708272913589716, 0.2707559792452897, -1.2090818185458174, 2.899525102068305, 3.224906776869786e-05]]
[[-0.4350710625423461, -0.2219287926494961, 0.272831493037703, -0.013889856661141425, 0.010907447332663647, 0.00975324488571971]]	[[0.07280591518198466, -0.5708339243899049, 0.27072285850081435, -1.2090295110617713, 2.899597995006086, 7.518231774564905e-05]]
[[-0.44264195836709197, -0.27308765364803933, 0.29509013636844955, -0.013449995108851786, 0.012333821313646473, 0.009898000645958546]]	[[0.07282270424330617, -0.5708363158497832, 0.2707089144726489, -1.2090260003642692, 2.899587678324579, -1.7323811021705524e-06]]
[[-0.43549092527632216, -0.3138886679988427, 0.298441790295645, -0.01332394723437482, 0.011892062080287126, 0.0112162297236247]]	[[0.0727964298016072, -0.5708293390143572, 0.2706750203852196, -1.209006398577538, 2.899542636154135, 3.428841545692272e-05]]
[[-0.45772876536512036, -0.39853373076161763, 0.29152697355211604, -0.014629344598719948, 0.011438204601888107, 0.011754494147793396]]	[[0.07282804465216001, -0.5708349464655528, 0.27068546669981997, -1.2090830989541483, 2.8995784232076183, -5.7331289335381063e-05]]
[[-0.4719710397098572, -0.42874204335943883, 0.2907032419665805, -0.013636516742865595, 0.010871197454965608, 0.011168746157176846]]	[[0.07282654895946145, -0.5708327092526085, 0.27066322796993214, -1.2090604698941256, 2.899522438231564, -7.856750168236188e-05]]
[[-0.4924537290229191, -0.5073215997927526, 0.2887499709505039, -0.013835547634549309, 0.010147778447967413, 0.010282572290332949]]	[[0.07283809238998051, -0.5708323610439632, 0.2706194709568559, -1.2090857704451015, 2.899536361352768, -4.036735612686958e-06]]
[[-0.5118530853681896, -0.5312063108707356, 0.28227821422446076, -0.013418177275512623, 0.00882375601056844, 0.01015439474348598]]	[[0.07283065459138416, -0.5708349319804069, 0.2705849490796362, -1.2090552505981766, 2.899560505013977, 5.553018435522072e-05]]
[[-0.507548763371424, -0.520871358959251, 0.27340523275978246, -0.012697643973737613, 0.00761478546459615, 0.010040941452448406]]	[[0.07281080510377869, -0.5708275576661664, 0.2705664337038227, -1.2090469174817173, 2.8995906323147564, 3.676802122019433e-05]]
[[-0.5224488745530187, -0.5049327119740804, 0.268340880688273, -0.012288599691854205, 0.007032892958415153, 0.009655939668816128]]	[[0.07280865185973893, -0.570830537603702, 0.27055244359225306, -1.2089811655782077, 2.899579151238913, 1.6623995619997118e-05]]
[[-0.5402938012634462, -0.4854493061266456, 0.2585944308399635, -0.011832437895767045, 0.007196898536896845, 0.009979377317425792]]	[[0.07281541935827943, -0.5708260852256508, 0.27051694380263774, -1.2089939880043108, 2.899561133618225, -3.3781192601066955e-06]]
[[-0.5745179467864251, -0.4782708145513279, 0.24638347329940913, -0.011922838987097364, 0.007769671176215742, 0.01090537040936245]]	[[0.07280645745634229, -0.5708280526814, 0.27047536998364496, -1.2089845581481913, 2.8995872639823976, 0.00015019819233104897]]
[[-0.615482105315218, -0.5102093294282867, 0.2452746745345198, -0.012934080169488396, 0.009131917410344416, 0.012040299063373436]]	[[0.07280667218191465, -0.5708128519993968, 0.2704672543617454, -1.2090240234521918, 2.89958405613836, 0.0001317275481672837]]
[[-0.607512080776777, -0.5019563471996481, 0.2324919163911051, -0.012709652686959425, 0.009846972011959828, 0.012289454974710155]]	[[0.0728321442943127, -0.5708248937838, 0.27046046989050565, -1.2090724471068333, 2.8995021951456943, -2.26303163444163e-05]]
[[-0.6202121976502535, -0.5052038081287591, 0.23233299805060573, -0.012950321188555065, 0.010043535447384467, 0.011902752621729592]]	[[0.07281155464546785, -0.5708128583843776, 0.27044317705749, -1.2091042242732815, 2.899579467446819, 2.033164783252429e-05]]
[[-0.6379247203850721, -0.4977070833926205, 0.22816280994864704, -0.013243200120116552, 0.010578586162375437, 0.012120691512461606]]	[[0.07281988781188281, -0.5708180942209431, 0.2703917732439174, -1.2090636200055318, 2.8995294054899254, 9.278855219375599e-05]]
[[-0.6106440720849851, -0.5101590774425034, 0.24004999800648985, -0.013563704711837841, 0.010568997392308401, 0.011543871730441328]]	[[0.07283002734894863, -0.5708137559392412, 0.2703751625532587, -1.20912411168719, 2.8995301734036687, 7.60579425447032e-05]]
[[-0.6331006853066354, -0.5410724652687031, 0.24748237835385128, -0.014796455338427751, 0.011554504728859341, 0.011695252389335428]]	[[0.07281662565214687, -0.5708194808904284, 0.27036306812019256, -1.2090594331251316, 2.8995697302823618, 9.455783553526829e-05]]
[[-0.6715346289787135, -0.551889102155485, 0.2528577307459297, -0.016113051271558505, 0.011894988555553487, 0.011767196610912158]]	[[0.07280638438602328, -0.5708050455723988, 0.2703281103218027, -1.2090148885907888, 2.8995618459575274, 0.00011182803544278927]]
[[-0.6313644054898799, -0.5186404524818685, 0.24103506850783774, -0.015953447085641722, 0.011040549033924152, 0.011091903019560607]]	[[0.07279541412552507, -0.5708050367629274, 0.2703145916904671, -1.2089943356261832, 2.8996095823960006, 0.00011362531892616781]]
[[-0.6127141676559744, -0.5275816832490584, 0.22788943118410074, -0.015602120548470943, 0.011091464403099143, 0.011592205395869986]]	[[0.07280725137229463, -0.5708039515969413, 0.27028108249696425, -1.2090450023101058, 2.8995348914600085, 0.00016668107454177264]]
[[-0.6165132327390674, -0.5207560874932494, 0.22427528411326228, -0.015085871388201128, 0.011435043996580274, 0.011751577948270439]]	[[0.07282649610922405, -0.5708008377913016, 0.2702429947075527, -1.2090836437088186, 2.8995302096129625, 0.0002244721350685666]]
[[-0.6049903386557574, -0.5069961656434874, 0.21785457218736046, -0.015709662622490725, 0.0118563271101861, 0.012395421842483796]]	[[0.07280154417628522, -0.5707988335303809, 0.27021628958840704, -1.2090398523864723, 2.899572861887013, 0.00028223000000446443]]
[[-0.603023729165615, -0.47455251117890457, 0.22553840982186407, -0.01576208804818395, 0.013145399970747538, 0.012904001731452307]]	[[0.0728007965912872, -0.5707967407079961, 0.27019162675047803, -1.2090228787207695, 2.8995806479974937, 0.00024460596576805397]]
[[-0.5034971673073549, -0.3969097091018776, 0.2164848129489357, -0.015310039969161807, 0.012950646341121468, 0.012807254512752426]]	[[0.07281020949489886, -0.5707953065067152, 0.2701645134279391, -1.2090139875525578, 2.899557553408801, 0.00028115734695514244]]
[[-0.4666399021920564, -0.34588014982102877, 0.19006762491103385, -0.01556354739583259, 0.013252012222253192, 0.013091830292486076]]	[[0.07281226108293812, -0.5707987368421279, 0.2701475677443266, -1.2090381880065273, 2.8996132777659964, 0.00024695944914864866]]
[[-0.43900020925651473, -0.291876783504215, 0.18021307231987516, -0.0159887893376054, 0.013927857796011339, 0.012949540467298855]]	[[0.07276667094699393, -0.5708007536295099, 0.2701079073633287, -1.2089708166051865, 2.899599844667714, 0.0003366598132698101]]
[[-0.35935815063526666, -0.27720469572471496, 0.17175663148041156, -0.016333372712012934, 0.01312297891220575, 0.012368750884958611]]	[[0.0728101697244124, -0.5707897126559875, 0.2700970820760739, -1.2090841212256598, 2.899579288184147, 0.00031931100117050376]]
[[-0.33889832625036154, -0.3188568361023897, 0.188001560622392, -0.017368993475435985, 0.013540561211093514, 0.011928734328081355]]	[[0.07279538633105509, -0.570785603415359, 0.27007645438502614, -1.2090271511868276, 2.899590420035336, 0.0003003394088850239]]
[[-0.32055119331699905, -0.28694017799608124, 0.19625432488236236, -0.016439245071058328, 0.012639217550215425, 0.011505755269573145]]	[[0.07280742720394427, -0.5707856451472856, 0.27006616329483807, -1.2090548473049543, 2.8996060215784896, 0.00024572568463227906]]
[[-0.3529596998208383, -0.26269982277642145, 0.2006406506766574, -0.015556120583895015, 0.012798032240555363, 0.011818228808990089]]	[[0.0727979107261351, -0.5707887230109852, 0.2700415192326324, -1.209074605800728, 2.899558293309627, 0.0002434411416559173]]
[[-0.41561880453133376, -0.24017037336914282, 0.22612819550201269, -0.015406796304254624, 0.012819889616653538, 0.012024072415885661]]	[[0.072795390005206, -0.5707820044131494, 0.27000380507423666, -1.2090740125239867, 2.8995567530903728, 0.0003192332266784286]]
[[-0.45779174116705174, -0.23301559150591783, 0.2358173251524858, -0.01558015846682185, 0.011154406759112898, 0.011667575081005471]]	[[0.07279581334684006, -0.5707796661729491, 0.2699810546847285, -1.2089483773633198, 2.8995960123681526, 0.00031738393703275474]]
[[-0.4786418781279834, -0.25741076998265655, 0.24024733359488823, -0.01614636016273204, 0.00889445929828728, 0.011413904874517647]]	[[0.07279206086887721, -0.5707798634360792, 0.2699590456270984, -1.2090316642449146, 2.8996008318864486, 0.00030018306416406147]]
[[-0.5114693313369805, -0.25065864617770794, 0.25368861261553566, -0.01574612883963091, 0.007029247358049653, 0.012035740610193878]]	[[0.07279584477889828, -0.5707769056753325, 0.26991735507419057, -1.2090583509495698, 2.899614045938866, 0.0003571920075856269]]
[[-0.4783172101099607, -0.25496669211657247, 0.26747548973177415, -0.015604848501422226, 0.0039077675144488675, 0.011525972271208822]]	[[0.07279373738040057, -0.5707809232779419, 0.26992359909410546, -1.2090095531015417, 2.8995965548172515, 0.00031779784120775735]]
[[-0.5074184385730812, -0.20584167465022826, 0.26851274698525096, -0.01438566644966738, 0.0028409988445797212, 0.010899526825041545]]	[[0.07280156361872674, -0.5707853176912802, 0.26988256297346935, -1.2090669357393495, 2.899586212821483, 0.0002792963722279574]]
[[-0.6331230027174873, -0.1942229783589731, 0.27574583005433595, -0.014388385960258175, 0.004272651350936585, 0.011115409162334626]]	[[0.07277850166287163, -0.5707746918520062, 0.2698547037577532, -1.2090388223881319, 2.899569293761104, 0.0003724303597819674]]
[[-0.6393728698131517, -0.177899569656808, 0.2728289010262985, -0.014147051135475177, 0.002917353379993456, 0.010912535961777041]]	[[0.07281477273116198, -0.5707721383230331, 0.2698538441413386, -1.2090531901600838, 2.8995530842214934, 0.00025821609987571764]]
[[-0.6908231700906431, -0.1561318458438053, 0.28003857914660774, -0.014004779520401588, 0.0028592218151560836, 0.011049530404883377]]	[[0.07279050500840326, -0.5707754664581769, 0.2698066908418334, -1.2090666651806217, 2.8995852071213792, 0.0003156819854490927]]
[[-0.6943388275495843, -0.11982044529817648, 0.2676849024717996, -0.013458771150571123, 0.0016712158947558738, 0.011268828578521716]]	[[0.07280097870816887, -0.5707836374021917, 0.2697828924659499, -1.2090848890840795, 2.899578481295973, 0.0002782528943774685]]
[[-0.7046268353069294, -0.10216920343809244, 0.25073851474625236, -0.01356455769949924, 0.0014034565896410348, 0.011351217506768986]]	[[0.0727990903230729, -0.5707716462197467, 0.2697724511896995, -1.2090756331054098, 2.899556079058239, 0.00027557803259305305]]
[[-0.7474347284865333, -0.11731004623001356, 0.2820949062546671, -0.013796846120333446, 0.0018235467234689858, 0.011513451641830303]]	[[0.07280008721690176, -0.5707879747565365, 0.2697658296342577, -1.2090423666070467, 2.8996241947278922, 0.0001839665455405545]]
[[-0.7329534338972972, -0.17566428191146127, 0.2833288224800102, -0.01574545325426551, 0.0014686492048282766, 0.011244277494942018]]	[[0.07281094001568814, -0.5707720425073004, 0.26972419965463307, -1.2091201058477807, 2.899565158340066, 0.00021976948084399502]]
[[-0.7124109232275209, -0.14222760441838195, 0.2711086788079244, -0.01458755757842734, 0.0006733026011323182, 0.011049865224547673]]	[[0.07278662386031376, -0.5707751412180586, 0.26971029271414865, 1.2090543596514858, -2.8996056531628707, -0.00016429061010716681]]
[[-0.7165173962076805, -0.13972473845061317, 0.26706288562659064, -0.013894019068356061, 0.000925300441005669, 0.010834096561513918]]	[[0.07277118721458163, -0.570778872691474, 0.26969067539807323, 1.209044581087878, -2.89958197904786, -0.00010895504045118594]]
[[-0.7308818705204383, -0.18261692807634378, 0.252551082368094, -0.01436283502523842, 0.0015768227551868214, 0.011732755471429037]]	[[0.07279182125140589, -0.5707823939297587, 0.2696646355001271, -1.20900433114642, 2.8996299018027445, 0.00010608926648001714]]
[[-0.7063620562474282, -0.17509953545050344, 0.2544612994584757, -0.014216971927203139, 0.001953354636521459, 0.01155873644825217]]	[[0.07278666336812364, -0.570785647514297, 0.2696450402606778, 1.209004730706055, -2.8995837325768106, -5.299432145023938e-05]]
[[-0.6236640511512234, -0.16261432349687782, 0.24133516818137754, -0.014466720874531814, 0.0015840652999709126, 0.011293420381210546]]	[[0.07279170931126729, -0.5707954779327975, 0.2696465701643642, 1.2090081025855801, -2.8995919135282526, 0.00011786718170000057]]
[[-0.5599154007753495, -0.14363010360291603, 0.2338183170593635, -0.014301703966816414, 0.0014797459378149856, 0.011270871433297087]]	[[0.07278925663902697, -0.5707889493150313, 0.26961687518629474, 1.2090775680934185, -2.899563718982529, 7.958908062366675e-05]]
[[-0.5196427838739559, -0.10543417186971354, 0.210404991540164, -0.013783585301756926, 0.0024668869899186936, 0.011334668156416837]]	[[0.07278348355641075, -0.5707959313126044, 0.2695974719007749, 1.209038974375833, -2.899566574802375, 9.740428263591905e-05]]
[[-0.47056992304683, -0.07951805755836353, 0.20152997187413713, -0.013981288210986154, 0.004152712042583653, 0.011084634214677654]]	[[0.07278494220130359, -0.5707926937736776, 0.26957211073984694, 1.2089957502958149, -2.899610793535908, 0.00013426838912225628]]
[[-0.4613703696704273, -0.09028724596839818, 0.200830415748933, -0.014853223915245906, 0.007461117921579087, 0.011575753345113272]]	[[0.0728072419945667, -0.5707974574545853, 0.2695513354189062, 1.2090956170312832, -2.8995544087829828, 0.00024840543123227953]]
[[-0.49594898392981523, -0.08319126278094555, 0.19330614915089508, -0.015512173135575368, 0.011437852766836846, 0.012600290567000865]]	[[0.07279506950526687, -0.5707942473947826, 0.26950826243700476, 1.209013160468503, -2.899553039062952, 0.00011290937193303724]]
[[-0.4014357296150533, -0.1165508511412647, 0.1638486119191904, -0.016404956403104545, 0.011602151633975485, 0.012466200021745921]]	[[0.0727832294683976, -0.5707910265741554, 0.2695076253581627, 1.2090437172792945, -2.899577595875758, 0.00020801073030789015]]
[[-0.3170714333542907, -0.09659472118687047, 0.1397657108166557, -0.014754114886851202, 0.011751315847975221, 0.011653024457959474]]	[[0.07280854736710472, -0.5708076124335904, 0.2694892903406167, 1.209102853158262, -2.8995250714793297, 0.00028273084016752146]]
[[-0.29655336159798945, -0.15167533138973693, 0.1265471733129801, -0.014275370491635797, 0.013042267077745109, 0.011350560773070678]]	[[0.07277670339267785, -0.5707960142022506, 0.2694654252380169, 1.2089691572445183, -2.89959530929053, 0.00022610103899683935]]
[[-0.2805055507137989, -0.18065641598944354, 0.10648066680736909, -0.013518516750560657, 0.01333688851908726, 0.011126217063138304]]	[[0.07278525925140664, -0.5707997431700753, 0.26945091956442363, 1.2090204393278292, -2.8995723290916486, 0.0003001223114938311]]
[[-0.2789736862661985, -0.19895750568120524, 0.10243896188290079, -0.013015980657501645, 0.013100131746704411, 0.011744478124190192]]	[[0.07278992469094792, -0.5707998846897593, 0.2693965082957219, 1.209063895692148, -2.899530522640573, 0.00022216182645807097]]
[[-0.29159918050382516, -0.20599761973662123, 0.09318320626627848, -0.01201163770354817, 0.013254477873693927, 0.011726613085166619]]	[[0.07280617562167238, -0.5707906948655488, 0.269403051867409, 1.209065378892224, -2.899580779868701, 0.0002811103581044358]]
[[-0.3083676672914759, -0.2344745484234109, 0.0822733140290775, -0.011539411197082053, 0.012703698545006198, 0.01098378384800993]]	[[0.07280150363938755, -0.5707972622597937, 0.26937570016838264, 1.2090655210076384, -2.899581285689838, 0.00026137131611557316]]
[[-0.2795476299218702, -0.25264057925388694, 0.07992837272064408, -0.010240382002382519, 0.010400248418908523, 0.010911937477229332]]	[[0.07277687025372508, -0.5707927607738249, 0.2693293725065167, 1.2089584239307354, -2.8996162432308865, 0.00012909845487493437]]
[[-0.29532598055728115, -0.27452395830735654, 0.06528943140080558, -0.00907915326508427, 0.009241836007859933, 0.011141211482485508]]	[[0.07277875980176444, -0.5708012626063348, 0.26930267037960864, 1.20896982742221, -2.8995969304856994, 0.00018422691998250956]]
[[-0.3404011190710222, -0.28152111598168106, 0.07639651628655289, -0.00847501262917268, 0.009152734782973819, 0.011155483870506315]]	[[0.07279488504518034, -0.5707958310546845, 0.269296762923489, 1.2090181243528901, -2.89961549733022, 0.00022347489928632296]]
[[-0.3411676869138374, -0.270632504638043, 0.0492284692130267, -0.008901192661505236, 0.00794963446974709, 0.01071421171174321]]	[[0.07277605816012213, -0.5708093821292425, 0.2692916887869929, 1.2090427633143013, -2.899577293748976, 0.00031589440093388033]]
[[-0.41866667270600977, -0.25219553109575077, 0.04268339683916778, -0.00976731956112165, 0.008481942604984541, 0.011116644421782063]]	[[0.07281198465783494, -0.5707938705524415, 0.26922254819616476, 1.2090410706699202, -2.8995691800280015, 0.00012765005979557695]]
[[-0.4320364538819634, -0.25106344241906997, 0.04380884234281261, -0.010397264831797474, 0.008589063083100097, 0.011112078532074805]]	[[0.07277705158171699, -0.5707998201777971, 0.26922057516140185, 1.2090344106524966, -2.899556917357617, 0.0002222819418249349]]
[[-0.4180234482186357, -0.25184290951323296, 0.045175108310798906, -0.01054394369695072, 0.007887694333797417, 0.011041746426367145]]	[[0.07281688056057217, -0.5707911811656583, 0.26921495492628966, 1.2091044336092651, -2.899528209699728, 0.00020245075827905596]]
[[-0.43815967204556705, -0.2827543327968136, 0.055609943961458054, -0.01045714501889431, 0.006646723739103173, 0.01121620517866549]]	[[0.0728095815724814, -0.5707770281467585, 0.2691674510190082, 1.209141236236921, -2.899567792544092, 9.353212929712532e-05]]
[[-0.44454836728379815, -0.2850661411284322, 0.05350728212827788, -0.009934468979963463, 0.006167093327398235, 0.010519884813354443]]	[[0.0727828719309234, -0.5707893239008078, 0.26916773894878027, 1.2090269410731682, -2.899587519418154, 0.00018567323459103512]]
[[-0.4505826505531134, -0.2962630108192892, 0.08060822084867711, -0.009093975130577832, 0.005929448267405178, 0.01028004022521571]]	[[0.0728120669965532, -0.5707903894755649, 0.2691391754917113, 1.2090970587672079, -2.8995592733308713, 0.00014750218658704915]]
[[-0.4991360665793193, -0.2865626033628068, 0.0875689565476453, -0.008620325191796169, 0.006010231608056455, 0.01114007857315116]]	[[0.07279421952131536, -0.5707876866346453, 0.2690853729112871, 1.2090720354165647, -2.8995457711006596, 5.2200122598647395e-05]]
[[-0.5389790174268504, -0.3067509824458523, 0.08439711691166464, -0.009624018812241952, 0.005805333937109988, 0.011461358966691168]]	[[0.07279575053523783, -0.570788264104484, 0.26909115881317147, 1.2090576289463373, -2.8995617095065613, 0.00018457764497527464]]
[[-0.48451899701864803, -0.31130562429259795, 0.09551587499833389, -0.01021907918462172, 0.004418995270337293, 0.011625737224261237]]	[[0.07278216494374315, -0.570794219128917, 0.26905229886874316, 1.2089491307134228, -2.899595466990257, 0.00012875499765146046]]
[[-0.49586592101254967, -0.3348866707825679, 0.09752621635239174, -0.010618827814688883, 0.0047613237686049, 0.011524966179508827]]	[[0.07280662377152321, -0.5707913839344114, 0.2690183206558595, 1.2090678797440413, -2.899586654723827, 7.310798454836421e-05]]
[[-0.5298315811332681, -0.3953832894917226, 0.11929561175432896, -0.011781074585254892, 0.005840815044050014, 0.011884684558298799]]	[[0.07279642248371546, -0.57079001449161, 0.26900199202450914, 1.2090412163422959, -2.8995710928501452, 9.158624338738116e-05]]
[[-0.5411002292021021, -0.3844602535150774, 0.1262098826518671, -0.012110728186306886, 0.0064324861443152, 0.011595584912071811]]	[[0.07280025951018376, -0.5707967748479632, 0.26895091666058707, 1.2090292593113119, -2.899591406249465, 1.7946725445639352e-05]]
[[-0.4796721706868435, -0.33141733075052515, 0.14091243559753813, -0.012188644995042219, 0.006526429939674289, 0.011276410057014833]]	[[0.072799820497446, -0.5707867711558291, 0.26895074226518656, 1.2090672289388518, -2.8995359744814664, 3.3553525991953086e-05]]
[[-0.48599458398662054, -0.30141153066637083, 0.16029553288223608, -0.013157448978764714, 0.00843760592597034, 0.011393728865062996]]	[[0.07279256466359536, -0.5707925563489248, 0.2689131789104287, 1.2090160178130809, -2.8996101372715026, 1.4555972210753162e-05]]
[[-0.46632780139734153, -0.25594281557496756, 0.14485879129331944, -0.014305766339006917, 0.009087019582821765, 0.011917564728590093]]	[[0.07279820477808253, -0.5707911195350795, 0.2688819004603581, 1.2090293666011243, -2.8995913866107483, 3.378017966753101e-05]]
[[-0.46193899953384554, -0.1864339384059568, 0.1589739672166972, -0.014666794222343002, 0.010020500130221781, 0.012036938046979412]]	[[0.0727842718792495, -0.5707893827596586, 0.26884199425516464, 1.2089994794209094, -2.899619042617833, -5.8321737086925817e-05]]
[[-0.4372203678809914, -0.13567002143336335, 0.15523418852533025, -0.014717919197186291, 0.010532483410434456, 0.011793007224763343]]	[[0.07277442775796328, -0.5707889259877453, 0.26883488231947184, 1.208989653882901, -2.899595149245313, 1.667439798059421e-05]]
[[-0.4678550960559638, -0.11901465401424227, 0.14730087549159301, -0.015258720416357318, 0.01127953509271784, 0.01159025434848194]]	[[0.07277803008321024, -0.5707828587280712, 0.26879819239094294, 1.2090547986211417, -2.899556581344432, -4.1956560526488705e-05]]
[[-0.5150930505704514, -0.10926370490373238, 0.1407057127032784, -0.015380891031576697, 0.012397294049602077, 0.012356997018768016]]	[[0.07279642870901289, -0.5707897829453276, 0.2687765239432044, 1.2090599928898953, -2.899567397730213, -4.085960249278327e-05]]
[[-0.5278339039856592, -0.09703842653258712, 0.13202097219211667, -0.014713972479126779, 0.012883233025800547, 0.011665001997653149]]	[[0.07279027674446004, -0.570793108416933, 0.2687421756774746, 1.2090600442556891, -2.8995675505445404, -4.0945468906541296e-05]]
[[-0.5158477612767765, -0.12833785000478162, 0.12781083850695737, -0.014946839107531992, 0.011919964496908889, 0.011653610356341711]]	[[0.07278063277341427, -0.5707863741266298, 0.2687213403161502, 1.2089907574727374, -2.8995977884216404, -9.549315696966146e-05]]
[[-0.6089838252586188, -0.12406842389090536, 0.1239681868414679, -0.014595938326183371, 0.011381649494393034, 0.011925121486944067]]	[[0.07278554980550841, -0.5707925657282107, 0.2686757753512662, 1.2090000957334384, -2.899620473304452, -9.552261686439679e-05]]
[[-0.6512089703818131, -0.16252743858782534, 0.11996494975889967, -0.015346694376682074, 0.010360308736870369, 0.012552958439761695]]	[[0.07279290996801271, -0.5707863493799826, 0.2686756740386432, -1.209076296127197, 2.8996065871995773, 5.57225969784292e-05]]
[[-0.6551416087586925, -0.19472585970248946, 0.13705548569511994, -0.015493739086638328, 0.008488492747867997, 0.012200373318721536]]	[[0.07279128331843687, -0.5707921540536778, 0.2686378805632226, 1.2090654317196867, -2.899580484999911, -9.454496822485562e-05]]
[[-0.7568862551375981, -0.2002330016447081, 0.135733160410829, -0.014751282881838653, 0.008997297065099627, 0.012349466874267192]]	[[0.07277431186134782, -0.5708005288315963, 0.2686090603164314, 1.2089654549585758, -2.899634775012895, -7.435800625143861e-05]]
[[-0.7642214321069043, -0.2254428284937109, 0.1386843991769327, -0.014825843844511149, 0.007591143157526431, 0.012546823566933766]]	[[0.07282030353595151, -0.5707961425247894, 0.2685987289890687, 1.2090774300527454, -2.8995605781197717, -2.0693436796756967e-05]]
[[-0.7422932850460653, -0.23943747798304915, 0.13444308054117896, -0.014479020561405695, 0.0063744298556335, 0.012224423649575919]]	[[0.07279271645491861, -0.570795858812401, 0.26856643802943003, 1.2090820129252324, -2.8995735364883055, -7.674750763451175e-05]]
[[-0.7543166315802332, -0.2500698184542825, 0.12918472097586697, -0.01415669157596911, 0.006520855455144656, 0.012328445684895899]]	[[0.0727830969154151, -0.570809776772602, 0.26854565632648586, 1.2089849196506115, -2.899535155954069, -6.003592460192191e-05]]
[[-0.7737299708729759, -0.2592310229897591, 0.1270052241776597, -0.014766281640888133, 0.006762470249209432, 0.01287582045725845]]	[[0.07281708820114238, -0.5708065190761396, 0.2685020407272392, 1.209146936810905, -2.899532874867601, -5.679279550840597e-05]]
[[-0.7908546852057321, -0.2722351605716796, 0.125094433171919, -0.015004437721924887, 0.007898790905636395, 0.01260587367695304]]	[[0.07280505286261459, -0.5708089104422495, 0.26849362806640287, 1.2090478529162996, -2.8995872360401016, -3.7239956510611975e-05]]
[[-0.7368291780153182, -0.29628883512051274, 0.11955020121407167, -0.014780442746529492, 0.007722451436791664, 0.0129634461683832]]	[[0.07280236842966877, -0.570805211727953, 0.2684316555439627, 1.209043845930223, -2.899577483842201, -0.00011263842228857149]]
[[-0.6603393140679001, -0.28463287737617987, 0.10214167278470565, -0.013156369457024687, 0.00737923179074179, 0.012342382264078928]]	[[0.07279180412610287, -0.5708122880746428, 0.2684299103469119, 1.209030132364246, -2.8995953390985285, -5.4536228881615315e-05]]
[[-0.6663065162533575, -0.30273189473857537, 0.10018505732931351, -0.012135197428571151, 0.008686102898682642, 0.012492142929360933]]	[[0.07279768570283661, -0.5708055514407268, 0.26837632092694214, 1.2090528448009565, -2.89960114785739, -0.0001470078930725033]]
[[-0.641776871284609, -0.3437866215690284, 0.11802969073049802, -0.01198673787103638, 0.00908554632318698, 0.012277447805984188]]	[[0.0727952905154314, -0.5708214736050042, 0.26837615188977954, 1.2089784289314818, -2.899615443912664, 2.192970012198079e-05]]
[[-0.6338939875143119, -0.35395479727535106, 0.13109354124359163, -0.012063620196749236, 0.009082885720817328, 0.01226424745208765]]	[[0.07281399246864441, -0.570817002520252, 0.2683526642456229, 1.209042903539117, -2.899575290765474, 2.0166433674164013e-05]]
[[-0.6024622272444818, -0.31090839355528466, 0.12209811449095853, -0.012011739006055306, 0.007913662408893903, 0.012814569568316758]]	[[0.07282591809875653, -0.5708107153785941, 0.26833501364705775, 1.209146693570267, -2.8995321213661427, 1.9983781072976467e-05]]
[[-0.6411834450492175, -0.27606540661798157, 0.132126724592168, -0.012164088251304458, 0.008703143134362556, 0.013285058213808066]]	[[0.0728212461303563, -0.5708137532559286, 0.268275868079258, 1.2091348029910904, -2.8995524520291136, -5.318605929415826e-05]]
[[-0.6193451231947043, -0.24404637733890303, 0.1362478350489357, -0.012281072501832415, 0.00913193237175081, 0.013278261523871753]]	[[0.07280256003428291, -0.5708182930344743, 0.2682592998599549, 1.2090519918093288, -2.8995991244528168, -1.4567195646635653e-05]]
[[-0.6016980797545077, -0.2190874656026713, 0.14190164962147622, -0.012914779673397592, 0.009996306081596771, 0.01340797930625295]]	[[0.07281758067499756, -0.5708263947065693, 0.2682607093175328, 1.2090770076623956, -2.899559818380799, 9.645309004474138e-05]]
[[-0.5813955084389828, -0.16806848946320718, 0.15057623096882256, -0.012622936056210976, 0.010583875299150369, 0.013405800540065791]]	[[0.07279651171548407, -0.5708280031465686, 0.26822303796491875, 1.2089904154708655, -2.899597386151093, 3.9942396483292634e-05]]
[[-0.5686304187854161, -0.18040176113919454, 0.17345407063957033, -0.01361159525658269, 0.012155495143284338, 0.013608687842831967]]	[[0.07279868701933086, -0.5708234839837311, 0.26817152371273, 1.2090912738512851, -2.8995961262598127, -1.5232488706393071e-05]]
[[-0.5593409696586098, -0.18616084783965176, 0.21503852709485902, -0.014416651097055344, 0.013987178804119505, 0.013857239681512201]]	[[0.07281077603438732, -0.570840037230206, 0.26815803245575526, 1.2090510060775181, -2.899597069286473, 0.00011655764428892958]]
[[-0.5536721513540414, -0.17786620355454466, 0.2218879911922299, -0.01522671934801092, 0.015079496317237486, 0.014308408494098883]]	[[0.07278044822843022, -0.5708297684635729, 0.26810742018478945, 1.209016263958018, -2.8995618126909406, 2.0101402110682845e-05]]
[[-0.5216174745168514, -0.08929205581078536, 0.22440852540958264, -0.014038632827711327, 0.015260453180865812, 0.013671855436876454]]	[[0.07280671255211883, -0.5708324407098013, 0.2680972267019427, 1.20902953075722, -2.8995938847845113, 9.686208632933853e-05]]
[[-0.5300464728379595, -0.09688867231618409, 0.2380663873944589, -0.01468220012600245, 0.016658138452766168, 0.013634645422892564]]	[[0.07280006340401894, -0.5708371739145253, 0.2680818772011879, 1.2090070813152414, -2.899588628286153, 0.00015264363362267098]]
[[-0.5173883636918726, -0.09324012182521385, 0.24771283597877927, -0.01453751106705331, 0.016984661515220316, 0.013623769624950615]]	[[0.07280694315677769, -0.570846706352563, 0.26803449071818647, 1.20902851861263, -2.8995428769602447, 7.498788723758752e-05]]
[[-0.5298300569776376, -0.11826298904290761, 0.23326914546576202, -0.013941656358097337, 0.01734771795268403, 0.013555402660325606]]	[[0.07280701592522139, -0.5708487675317414, 0.2680348722094008, 1.2090677895091917, -2.8995886045100017, 0.0002096973062609132]]
[[-0.4867693529714479, -0.1427747188720357, 0.23248672662009126, -0.012996764593245821, 0.016348252158981436, 0.013179946045494802]]	[[0.07281798974565669, -0.5708391900705228, 0.26799632949364305, 1.2090348359834429, -2.899604819845972, 0.00011510958126877432]]
[[-0.4845272683708839, -0.18797209412721036, 0.22633972467378252, -0.011906300660974093, 0.0164936535302805, 0.013207718066013367]]	[[0.07281268935244249, -0.5708447848348921, 0.26797410605267036, 1.2090691221367595, -2.8995897880616757, 0.0001524511564489291]]
[[-0.5213520550783414, -0.21655891588549878, 0.22663704405450308, -0.010551718781573141, 0.01632887861764211, 0.012878822846277282]]	[[0.0728211439494624, -0.5708318888350234, 0.2679297767589337, 1.2090656392972017, -2.8995811698695255, 3.68360771187818e-05]]
[[-0.49615363814300034, -0.2323796313582099, 0.21042939602005833, -0.00945241834741343, 0.013812986483764549, 0.012171603190690414]]	[[0.07280457192237107, -0.5708421037453589, 0.26792219164229947, 1.2090690239938673, -2.8995914325482084, 9.33241208223254e-05]]
[[-0.49400988712470284, -0.2342400775043577, 0.1990478677441732, -0.008726311544635719, 0.01210670820532293, 0.01154335391212124]]	[[0.07279382019930285, -0.5708583659909563, 0.2678971920246819, 1.208990200106464, -2.899597198028296, 0.00013032906746759194]]
[[-0.5252768798769547, -0.23678819597238027, 0.19022536729973138, -0.00851368782735536, 0.01117657571057988, 0.010829865656474105]]	[[0.0728222101328621, -0.570844900076714, 0.2678707677983814, 1.2090684859539584, -2.8995393092600623, 0.00011122027595208269]]
[[-0.5833397628685539, -0.2819346958384722, 0.1926372148891959, -0.009437998437047191, 0.011239739722936834, 0.011494376289820368]]	[[0.0728268558669702, -0.5708382233378492, 0.26785174909195675, 1.209103999290267, -2.899525063083491, 9.129449307872978e-05]]
[[-0.5589184768749391, -0.27391261840973236, 0.1695317361651129, -0.008502754397436783, 0.009286161916186678, 0.010786258298680266]]	[[0.07279225512144027, -0.5708437759766538, 0.2678194509397971, 1.2089358176179297, -2.899661233433594, 5.74796349382862e-05]]
[[-0.5517907264641257, -0.27262298539399543, 0.16413333872277636, -0.008063577083429476, 0.008285791862275193, 0.011085381389296654]]	[[0.072784234535466, -0.5708325819980998, 0.2677901366609032, 1.208991705523413, -2.8996001413424812, -8.331477205945779e-07]]
[[-0.5695150863653655, -0.27195179277030296, 0.15241335730649702, -0.007882903027794073, 0.007485356949738929, 0.010536386312074262]]	[[0.07282104763787008, -0.5708436962206307, 0.26776877822777934, 1.2091095593110865, -2.8995894847255426, 3.77472991038858e-05]]
[[-0.5779730369877085, -0.23536855195736178, 0.13361962382066134, -0.007834519311815547, 0.005758470874676667, 0.009829265711491042]]	[[0.07281138737907143, -0.5708281702813436, 0.26770788011953106, 1.209097262683137, -2.899559510708867, -0.00013322185896192954]]
[[-0.6472816952073612, -0.24731544921059118, 0.1536738812419608, -0.008672203153166436, 0.006309853184967022, 0.010000959202919879]]	[[0.0728033620210237, -0.5708419996721663, 0.2677150047479574, 1.2090310498128536, -2.8995975131633163, 2.0572333084281956e-08]]
[[-0.654269363851579, -0.23056174968113807, 0.1548701496299227, -0.008685882738079184, 0.00545728392333363, 0.009980726047493201]]	[[0.0728394911047329, -0.5708357158813093, 0.2676849513891685, 1.2091620697060381, -2.8995692929211616, -1.8282924108443866e-05]]
[[-0.6394557419771041, -0.19419266202067398, 0.14120341624310095, -0.008384784865417359, 0.00410210124949388, 0.010456570352609287]]	[[0.07284609951622865, -0.5708308172256945, 0.26768417356839047, -1.2091100454141308, 2.8995902950694483, -7.619897225848743e-05]]
[[-0.6460127452832403, -0.20479246079590738, 0.13931865844905778, -0.008984260645388258, 0.004156646644468387, 0.010094291154139824]]	[[0.07283022131747244, -0.5708299224542884, 0.2676368901209438, 1.2090761012344406, -2.899606207257004, -5.3922393126712915e-05]]
[[-0.6309522407281596, -0.19508716265363535, 0.1220401371028318, -0.008730846821873837, 0.004171647355743938, 0.010400221709453275]]	[[0.07279896643261399, -0.5708336831756309, 0.26759103085583996, 1.2090105070172241, -2.8995966815502645, -0.000151064746098683]]
[[-0.5793878661222585, -0.19809269873899343, 0.11543523283702943, -0.008038266495351583, 0.004128696694507096, 0.010261607064201653]]	[[0.07281490591978775, -0.5708373015816142, 0.26759515087359714, 1.2090274475265967, -2.899586662717986, -2.0151509170499624e-05]]
[[-0.5448193280699796, -0.20250811092694662, 0.10172897704164571, -0.007320255357675977, 0.005068175129594944, 0.010140213814488161]]	[[0.0728052634223916, -0.5708380994932494, 0.26757482007976796, 1.2090530814226907, -2.8995506796306905, -3.992161679153585e-05]]
[[-0.5102793789084534, -0.23026581342426466, 0.08828060523724199, -0.007658897424333257, 0.006381289590131994, 0.010624359058000415]]	[[0.07280301206752687, -0.5708375231325555, 0.2675148195683235, 1.2090202032042063, -2.899620188192368, -0.00018720703318339505]]
[[-0.4572359865758295, -0.20615399427287306, 0.06473117775737376, -0.0077236915795794525, 0.007022265192615164, 0.010574219346955167]]	[[0.07283218154469957, -0.5708296301806234, 0.26751278250616445, 1.2090929577988958, -2.89954898702802, -0.00011516942742158064]]
[[-0.40904027879454746, -0.1481768662961745, 0.04728285165290145, -0.007442382153004628, 0.007609002127898736, 0.01082983102051733]]	[[0.07282716341695851, -0.570847367185827, 0.26751816089061764, 1.2091183751043988, -2.8995617124737025, 1.7570005329498506e-05]]
[[-0.35767138957918987, -0.12878472943796648, 0.019998062545539538, -0.007777708852559711, 0.0076167260265624995, 0.010794606478075426]]	[[0.07280739791826804, -0.5708333859983872, 0.26744853861860335, 1.2090845672565869, -2.8995795946704606, -0.00013363052045044864]]
[[-0.35230847497468815, -0.1294881525992551, -0.0012213940352839997, -0.008469046517666298, 0.009230621252919695, 0.011162105817365332]]	[[0.07281496701040738, -0.5708338364270644, 0.26740687102338867, 1.209017584939582, -2.899609829278192, -0.00022785093857980528]]
[[-0.3388373203876587, -0.10842300966065364, -0.006178871828450986, -0.00840346511291452, 0.010680399347939164, 0.010815171321966834]]	[[0.07280351439756212, -0.5708386702296996, 0.26738367151399994, 1.209037915081529, -2.8996139367998333, -0.00020747939396241127]]
[[-0.3093016828500375, -0.12212706145418771, -0.009633679103711393, -0.009088247555949969, 0.011159637387004926, 0.011152160713230426]]	[[0.07281300658214364, -0.5708483122325438, 0.26740528150472337, 1.2091186470145983, -2.8995643187077493, -7.775646556594383e-05]]
[[-0.32875481398599504, -0.12212223210531303, 0.010485116882035711, -0.009282964089711986, 0.011257647288070842, 0.011411001807124212]]	[[0.0728137725485929, -0.5708305424134493, 0.2673446845069327, 1.209051767891029, -2.899596310208311, -0.00024570788067042315]]
[[-0.3109231398145955, -0.0947793801039866, 0.01971247481080785, -0.0097756808202358, 0.009682942443294384, 0.01134152564727639]]	[[0.07281321352790451, -0.5708352141236982, 0.26734888096669257, -1.2090507938108324, 2.899596138255859, 0.0001116487499969897]]
[[-0.37395402171116, -0.06330138658258835, 0.05105921157447424, -0.010875090931480041, 0.008791142369341965, 0.011461089230686491]]	[[0.07280154839857696, -0.5708245398843245, 0.267303111665336, 1.2090420355813638, -2.899574531760888, -0.000264189451173963]]
[[-0.4388195138554757, -0.03890211165753785, 0.0889679754028966, -0.011749573174520373, 0.00757079890655263, 0.011285004724152838]]	[[0.07281586254841574, -0.5708238919161759, 0.2672675077090141, 1.209060223025192, -2.8995675759150843, -0.000284391619955263]]
[[-0.5051611574343177, -0.02089881280451314, 0.09744825854528094, -0.012753393553698086, 0.006373695310369789, 0.010653653246491639]]	[[0.07279840169006324, -0.5708317396339614, 0.26724780182286567, 1.2090293737902678, -2.899593032385508, -0.00026551957960999496]]
[[-0.5403678532056264, 0.01965983695444834, 0.13073038471542706, -0.01259371073237289, 0.005588112531338039, 0.010223361718431271]]	[[0.07279779494633747, -0.5708334788383741, 0.2672143774417331, 1.2090253203637122, -2.8995833334854146, -0.00032105646635299513]]
[[-0.520107363491763, 0.04919074940009274, 0.1463832099779755, -0.01259678274736576, 0.003575018757302477, 0.009866875194203973]]	[[0.0728224253482883, -0.5708256308332338, 0.2672047616831412, 1.2090558108787093, -2.899556923453187, -0.0002835861825301324]]
[[-0.5572637622731663, 0.07887753191882613, 0.15572751276548358, -0.013068917439068062, 0.0021620137886261687, 0.009190044224905769]]	[[0.07282854151432878, -0.5708249322687379, 0.267178747409337, -1.2090935533563203, 2.8995991728015578, 0.00029926297476719205]]
[[-0.6304291860100486, 0.045644230617529535, 0.15392018016365797, -0.014552386821752306, 0.0024225886468143094, 0.009363400949736282]]	[[0.07284410122672086, -0.5708249402548308, 0.26714489332511426, -1.2091061197726864, 2.899580751761712, 0.00029759565217278686]]
[[-0.6748824553652661, 0.03164017377367856, 0.15984566448322596, -0.015433436135179555, 0.001871512820640458, 0.009494270649781821]]	[[0.07281286865380386, -0.5708278771648105, 0.26709808299421467, 1.2090196883529085, -2.899614670639513, -0.00041202375073298513]]
[[-0.6990339462581463, 0.021554941712123132, 0.14361084372383942, -0.01521538345385082, 0.0009080700021517132, 0.009354663472154816]]	[[0.0728026086131164, -0.570835874693787, 0.26708772980820134, 1.209039549794335, -2.899617674630717, -0.000336351894330577]]
[[-0.7545377700468683, -0.0303072364083104, 0.1349447532427374, -0.01468163819571229, 0.0015538743797807921, 0.009669340069856897]]	[[0.07283736721196804, -0.5708326715627611, 0.267060451352536, 1.2091611179754973, -2.8995666638975237, -0.0003159447855233544]]
[[-0.7948281061516193, -0.07650281590895497, 0.14112780373307232, -0.012792436575377906, 0.0022616171625945616, 0.010313730883032064]]	[[0.07282905341667201, -0.5708349789004016, 0.2670343057966864, -1.2090796056964805, 2.8995660503732616, 0.00027452244576574325]]
[[-0.8262281346299496, -0.17410579709460605, 0.13573205228118898, -0.012214789732146396, 0.0025719022870616653, 0.009949778719659397]]	[[0.07281269187840995, -0.570847024758527, 0.2670095742648847, 1.209034404842609, -2.899605399851404, -0.000258075071279034]]
[[-0.8838445890997838, -0.2740384993962535, 0.14047281465170855, -0.010985722415552804, 0.003496238199118676, 0.009937255305036231]]	[[0.07280812141251984, -0.5708469454412973, 0.26701424826906106, -1.2090073042306853, 2.8996376725380495, 0.00014415817622703806]]
[[-0.8772242695290708, -0.3194241487463687, 0.1400475672770616, -0.008719220550652461, 0.003276910409385784, 0.01000876242276057]]	[[0.07281981945352661, -0.5708393212115186, 0.2669602972105576, -1.209041731373982, 2.8996209073611703, 0.00023856305282074023]]
[[-0.8814377501897637, -0.3602177889422541, 0.14873986574367268, -0.0071331016351265965, 0.004149308722984451, 0.010247459902362512]]	[[0.07281545648958718, -0.5708597778276804, 0.2669274552727395, -1.2090317657299245, 2.8995995946481092, 0.0002166290516679241]]
[[-0.8170875324577345, -0.3716699629037713, 0.14097696735155812, -0.00642679455519185, 0.004808808067501915, 0.01005875678149117]]	[[0.07281624476055643, -0.5708494583025163, 0.26693387027371274, -1.2091110294998395, 2.8995944811919565, 0.00012308237226029008]]
[[-0.7171288121784866, -0.3659665021372822, 0.12509017822203927, -0.0064017147794253465, 0.006435475457174487, 0.010774361292201159]]	[[0.07280994965529788, -0.5708620579153413, 0.26687067111625734, 1.2090640742198642, -2.8995793703663244, -0.00021732785760589221]]
[[-0.6184084270968188, -0.35800115438739055, 0.11092032681515698, -0.007496260583106849, 0.010026458595922421, 0.011223139244505758]]	[[0.07282185395979875, -0.5708583084969545, 0.26685508669822167, 1.2090779754474568, -2.8995599522620235, -0.0001820111126513787]]
[[-0.41310409660508096, -0.32619038410599016, 0.11127611762163261, -0.008171224929214908, 0.013076102774010844, 0.011179417368870532]]	[[0.07283126250083992, -0.5708472375660733, 0.2668305509195637, -1.2091585276062669, 2.899560505741303, 0.00016043051360359198]]
[[-0.26668252822313904, -0.2830585738563489, 0.09185942418343739, -0.009146490086503149, 0.017914126978149023, 0.011210045786886058]]	[[0.07281024486535145, -0.5708590805930563, 0.2668042496111298, 1.2090515804533548, -2.8995958676252656, -0.00010474397449043839]]
[[-0.10735726952669175, -0.1998615790398286, 0.096434909654213, -0.01017300819880737, 0.020738854618794225, 0.010607112105498322]]	[[0.0728074907758513, -0.5708483047222471, 0.2667788294567881, 1.2090733301985452, -2.8996011484986495, -0.00016138255002281053]]
[[0.024496376338724618, -0.11843419102329175, 0.09156442471791505, -0.011851931226436376, 0.02292169085441773, 0.011147921458714214]]	[[0.07280775510156184, -0.5708558342926372, 0.2667590686633139, 1.2090634405178138, -2.899577353240619, -8.77870991095107e-05]]
[[0.0953582366636635, -0.05762298808448221, 0.0941524310380876, -0.013816842830656765, 0.025007089858255616, 0.011455536574420113]]	[[0.07278537107876219, -0.5708730064899078, 0.2667259103033002, 1.2089589740438969, -2.8996210631566957, -8.871704994017379e-05]]
[[0.15101881905323433, -0.0012300361318426517, 0.1184689850967155, -0.015277087194841095, 0.025639443135593392, 0.011552821395149125]]	[[0.07280220631168607, -0.570866104244894, 0.2667079726906433, -1.2090023942074297, 2.8996279393945374, 2.9579282900808437e-05]]
[[0.16042594691628162, 0.08420697441415337, 0.1605791712740804, -0.014866352877521286, 0.025429274234596122, 0.011175761943938647]]	[[0.07281284864298712, -0.570856407687957, 0.26667764145188927, -1.2090883585268608, 2.8995906547521826, 8.581001806380283e-05]]
[[0.11415074935765784, 0.0814428014241957, 0.18713775222259052, -0.015844948702186466, 0.02505313408199623, 0.010843123960385679]]	[[0.07279435088814394, -0.5708646979477079, 0.26667199513546713, 1.20895021364032, -2.8995975938390823, -1.779860173410003e-05]]
[[-0.03422708436491925, 0.10650369834412265, 0.21051971125513477, -0.015643475471190216, 0.02450750906139567, 0.01113088958344677]]	[[0.07281376358606051, -0.570864761142298, 0.26663181832711264, 1.208968819533073, -2.8996425707538545, -3.2583206076804875e-05]]
[[-0.16069567479526808, 0.133369708231062, 0.22681265537684606, -0.015417199013722412, 0.022148414177504693, 0.011057291568137978]]	[[0.0728313534825779, -0.570850387143883, 0.2666210070762189, -1.2090435976545557, 2.899623117042368, 3.2891821397674176e-05]]
[[-0.2849381730790122, 0.1074702456952826, 0.25030815843191123, -0.016160706953438648, 0.019256239842077045, 0.01045394284024372]]	[[0.07282577509537423, -0.570845771539726, 0.2665766200004752, 1.209082217065357, -2.8995714545367854, -0.0001306884060943004]]
[[-0.39777093151931925, 0.10930351447132186, 0.2651195831220091, -0.015303930495877352, 0.01577793112519402, 0.011014455330018094]]	[[0.0728105208397947, -0.5708594181430412, 0.26654935264462304, 1.209017060430958, -2.8996121367099668, -0.00012919420384030754]]
[[-0.49209704967283746, 0.12695194014660074, 0.24618597566716385, -0.01376279333554344, 0.011679391920389515, 0.009909784056981213]]	[[0.07282876420730364, -0.5708624217863286, 0.2665541865814638, -1.2090955637684502, 2.8996019794588763, -5.022974053376317e-06]]
[[-0.598173537042842, 0.05818615042563152, 0.2531101913570533, -0.013641612140683955, 0.008790567408968159, 0.009630275598913088]]	[[0.072811418014259, -0.5708549057929734, 0.2665118284204868, -1.2090416874206413, 2.8996224436065887, 7.338273074652927e-05]]
[[-0.7227102115047688, -0.007573248464551874, 0.23381772831487815, -0.01276481861408776, 0.006734342911175462, 0.010205856907470305]]	[[0.07284837370629842, -0.5708534696923226, 0.2664809974718322, -1.2091592131934257, 2.899559983547936, 9.043842530116723e-05]]
[[-0.7896519127471808, -0.08909028141171099, 0.19717575823595462, -0.011732461624939471, 0.0030667164899806773, 0.010031408438150844]]	[[0.07284106634620341, -0.5708495324552424, 0.2664713263932418, -1.2091031080492582, 2.8995712611568307, 5.153928813140801e-05]]
[[-0.8920178386618072, -0.18809072569072477, 0.17870832045373702, -0.010302494758298709, 0.000307694405050637, 0.009726712258382944]]	[[0.07281671413725586, -0.5708389165224786, 0.2664498911544078, -1.2089767482989975, 2.8996104521099504, 7.046673187181365e-05]]
[[-1.0022000979263153, -0.3015466795396452, 0.14248877515492456, -0.008341837223349632, -0.002093800486600289, 0.009657684939930192]]	[[0.07284051273677933, -0.5708479297087178, 0.2664381884239837, -1.209068979034938, 2.8995865519025283, -3.960498686011151e-06]]
[[-1.0988758618965955, -0.45187774812385195, 0.1220197266643121, -0.006422826912206999, -0.005278206376737569, 0.009668836948538656]]	[[0.07286695337266297, -0.5708423080419596, 0.2664055881516992, -1.2091035182716336, 2.8995719806521674, -4.3422808106445205e-06]]
[[-1.2022516903874538, -0.5954062408507125, 0.11331614762924663, -0.00434472699486691, -0.00818651413210593, 0.009783647801896021]]	[[0.07284109434504758, -0.5708425998959731, 0.2663821771893038, -1.2090597136703818, 2.899564276759277, -4.565550480069473e-06]]
[[-1.2302898373512507, -0.7085290991237956, 0.08602138479302521, -0.0022708291154563366, -0.011515038648108235, 0.008512740353237498]]	[[0.07285008663627376, -0.5708475497520719, 0.26636351362178845, -1.209077095444646, 2.8995574249626728, -2.5904521828776727e-05]]
[[-1.2680616990016491, -0.8108595158936194, 0.07579262387040829, -0.0004958734868430563, -0.01307320189852205, 0.009326876336784633]]	[[0.07283577591688709, -0.5708317632055758, 0.2663116258129382, -1.2090976115969363, 2.8995576430173444, 0.00014547806372667256]]
[[-1.273857409966977, -0.892570049070261, 0.07412780753204033, 0.00016692332660443992, -0.013517999090075707, 0.009520691405088792]]	[[0.07285312468380942, -0.5708441342599864, 0.26630414910655, -1.2091545786573732, 2.8995484994498506, 7.002347445937298e-05]]
[[-1.169942495426078, -0.8634288032385949, 0.04507066859114336, 0.001365600810336546, -0.013436936937101875, 0.008832848590698512]]	[[0.072838491718357, -0.570856656189839, 0.2662898884208217, 1.209034906656623, -2.8996039628018644, -3.554764587566415e-05]]
[[-1.0620299365660621, -0.8333688925787526, 0.03873246774169508, 0.0010455715737967986, -0.010803209309629289, 0.008888864844240542]]	[[0.07279933041544585, -0.5708445518420636, 0.26625405289878756, 1.209004749095817, -2.899630515097953, -7.215832824147202e-05]]
[[-0.8812395521032212, -0.7588883265350458, 0.024762774797159496, 8.330623187001972e-06, -0.007538933321746219, 0.009074132277228359]]	[[0.07281323023623368, -0.5708401725753964, 0.26624031597298614, -1.2091105451630835, 2.899592295687269, 7.209276113344105e-05]]
[[-0.7129580229388238, -0.6501720138700534, 0.002191109125352632, -0.001679725092294968, -0.002570859923089305, 0.00911446241805773]]	[[0.07280850183610946, -0.5708378291505758, 0.26619048483842056, 1.2090309164886617, -2.8995957457392567, -0.00016885926112997422]]
[[-0.48459898369924026, -0.5209489085799224, -0.010975421403745036, -0.004263077944169015, 0.002296180770842284, 0.010107785151012216]]	[[0.07279361327716745, -0.570840247200386, 0.2661620656284208, 1.2089572736273797, -2.899613663473161, -0.00016825759650453815]]
[[-0.28630465772906266, -0.3618788377906617, -0.0028770962870104584, -0.006748517139159666, 0.007029111373545436, 0.010657428216520591]]	[[0.07278662795978154, -0.5708344779823951, 0.2661355789146107, 1.208983018168352, -2.8996306748995653, -0.000223314597965206]]
[[-0.1491046161761178, -0.22986403051102583, 0.009312043983504598, -0.009639151977767752, 0.012467621624157595, 0.010826902021761009]]	[[0.07280190676572207, -0.5708399112530441, 0.2661345982924248, 1.2089956231596537, -2.899610312685506, -0.00014919364506481693]]
[[-0.03957974632441359, -0.1293469867773561, 0.02675682890669219, -0.012798825774457087, 0.017525078705047884, 0.010929895255594416]]	[[0.0727764347095539, -0.570832335979986, 0.2660997443579377, 1.2089923733014902, -2.8996002515728363, -0.0002069828945360811]]
[[0.112466214552955, 0.028496338960826602, 0.029623587793828662, -0.01363514676180802, 0.019703245513273605, 0.010498099387489263]]	[[0.07279594655076163, -0.5708239263126937, 0.26607289933248623, 1.2090140614353815, -2.8996055305118333, -0.0002630587028934275]]
[[0.16698197010872184, 0.11656666574902358, 0.04547730054929441, -0.01574348671654002, 0.021892541736222737, 0.011152270959611438]]	[[0.07278196497175933, -0.5708279617369761, 0.2660372260594411, 1.2089747163694453, -2.899608377459859, -0.00022624163879133715]]
[[0.20668033656995255, 0.18881412598858424, 0.06150219796847924, -0.017619274633377698, 0.022822360048531165, 0.010689021200464015]]	[[0.07276499308561239, -0.5708206392714762, 0.26602129354371545, 1.2089755454098434, -2.89960813909756, -0.00022586322597458993]]
[[0.1696156345238939, 0.22653466061087482, 0.10077997301848021, -0.018841291846024698, 0.023888629372977494, 0.01148137562025564]]	[[0.07275975041221892, -0.5708223184024762, 0.26597047899144877, 1.2089456261486313, -2.8996358457740246, -0.0003179623773723233]]
[[0.11724586774504943, 0.2344862179032961, 0.14429392146260997, -0.019999881191805152, 0.02388798899628818, 0.011324420014754626]]	[[0.07277116228765573, -0.570815931382466, 0.2659381018956675, -1.2089948564080684, 2.8996063134652044, 0.0003713295635743591]]
[[0.0438669030840137, 0.24171081671626227, 0.18115380375450885, -0.02022973266906453, 0.022600329306126783, 0.011391066135435713]]	[[0.07280659260189155, -0.5708090144594761, 0.2659219630766607, 1.2090558993650287, -2.8996043741671125, -0.00035416988121794436]]
[[-0.05076119362534265, 0.23887418361713086, 0.21793932200710991, -0.020010414085878295, 0.020712965221614, 0.01135478974666673]]	[[0.0727827664469672, -0.570818934746278, 0.2659052560904885, 1.2089733174573103, -2.899651802558964, -0.00035429362003474977]]
[[-0.08320540827590496, 0.23439691520136513, 0.23020537379033634, -0.019039150463585466, 0.018083882524489513, 0.011361275275047204]]	[[0.0727984489648799, -0.570822685954647, 0.2658940569871926, 1.2090074274743525, -2.8996363561331115, -0.00029739643081476007]]
[[-0.13532196310956698, 0.2216996230626112, 0.2476474911768635, -0.01844519693790991, 0.015069483378824891, 0.01112951571789031]]	[[0.07278334698338053, -0.5708150087726389, 0.2658590929989747, 1.2089723294779253, -2.899600312523202, -0.00035651160722188405]]
[[-0.25907127735085395, 0.1503013158719927, 0.26963197301346425, -0.019248983390192223, 0.013537856100363179, 0.010643694653799881]]	[[0.07279821276645125, -0.5708062741876108, 0.26584825209920726, 1.2089861378210511, -2.8996334344902186, -0.0003351535172572068]]
[[-0.3660000379926609, 0.14859497379755549, 0.2664252562270509, -0.0179057847751438, 0.011148176491369836, 0.010795249675340101]]	[[0.0728089488627237, -0.5708116833261546, 0.2658286439899539, 1.2090426489743527, -2.8996211787664152, -0.00025863636302905524]]
[[-0.514185168744031, 0.11380665903567894, 0.2863108736831288, -0.016815568773165465, 0.009418935434499311, 0.01061400141463766]]	[[0.0728273162729475, -0.5708062641802332, 0.2657715793624718, 1.2091263020242073, -2.899576567691583, -0.0003887541856193089]]
[[-0.6398641332499218, 0.05897275901071647, 0.2999002330595745, -0.015584438780942192, 0.006609678890825317, 0.010510053124390179]]	[[0.0727915663595805, -0.5708032528583663, 0.2657480371280982, -1.2089924611821166, 2.8996446153534676, 0.0003512560833363136]]
[[-0.708124296589346, -0.01687990560620617, 0.30373480107020334, -0.014146782437006674, 0.002727795768117337, 0.01005290627528638]]	[[0.0727986498563256, -0.5707997680690873, 0.26571887479307665, -1.2090213815120576, 2.8996187084296707, 0.00042557962783830054]]
[[-0.8448665941852891, -0.09996176127267342, 0.2923243722506109, -0.011604121479705085, 0.0012568712722539144, 0.009752688185056011]]	[[0.0728197342189155, -0.5708171121255469, 0.26574251561816753, -1.2091449986259433, 2.8995728259887956, 0.00018088350635054687]]
[[-0.8814070010173658, -0.17449930104861666, 0.28632759969106375, -0.008783536260242789, -0.0019480732191617736, 0.008618336916346385]]	[[0.07282910783669057, -0.570823209302414, 0.26568450532999754, -1.20910899656918, 2.8995841907638895, 0.0003314360726356638]]
[[-0.9541548243372342, -0.2569313679493428, 0.2769264150195127, -0.006466814110873349, -0.003946240426185924, 0.00846656522056688]]	[[0.07281874225543467, -0.5708111012411873, 0.265663210196407, -1.209121597052939, 2.8995654676788867, 0.00034886430147822406]]
[[-0.9550439443509238, -0.31333197202684615, 0.2578526565393904, -0.005118638322743138, -0.006963517490109627, 0.007826761743187655]]	[[0.072808238611433, -0.570802659527633, 0.2656520465010284, -1.2090700981744185, 2.8995894048651456, 0.0002350702639897787]]
[[-1.0141547962562045, -0.3691836980690618, 0.23890125281536967, -0.0041758171729373884, -0.0070687880926725705, 0.008066419946487761]]	[[0.07280786131418394, -0.570811782981502, 0.26562697495767335, 1.2090728005937312, -2.899595862831857, -0.00021906066790852534]]
[[-0.9861222688653859, -0.3808441591108156, 0.20020974466743147, -0.00353367925236551, -0.006584684674550987, 0.00787550705612612]]	[[0.07281099761681296, -0.5708065602466099, 0.2656105644092415, -1.2090836693009526, 2.8995714500277936, 0.00019794107120778292]]
[[-0.9185209079959181, -0.35559673010740334, 0.1814989313674674, -0.0031872511232012325, -0.0045900055587933105, 0.00850052896770488]]	[[0.0727950345690764, -0.5708218041154743, 0.26560199131656365, -1.2089443899499075, 2.899630823838362, 0.00013964303665058275]]
[[-0.7852608948193068, -0.31344091791706197, 0.17152652969006438, -0.004019336343912728, -0.002595579775701991, 0.00787397312428022]]	[[0.0727836668870299, -0.5708206083859039, 0.2655603017259115, 1.2089728977464989, -2.899650296879118, -0.0001976478322793823]]
[[-0.6820558267489117, -0.24616679419443602, 0.14793715262851637, -0.006249782886727906, 0.000928678791821588, 0.008798485087916098]]	[[0.07277645912344141, -0.5708135866934613, 0.26553062287134555, -1.2089827413822016, 2.899625212754352, 0.00023494487881694996]]
[[-0.5810586221127043, -0.1525473611650312, 0.13607944139172526, -0.0088403533771763, 0.004445779662972379, 0.009163386787217606]]	[[0.07279554608988666, -0.5708264042681388, 0.26552282917751324, -1.2090362691042789, 2.899605877953311, 0.00010187860160948665]]
[[-0.47104667259231126, -0.03337779464633345, 0.10503514832418183, -0.010508588160632618, 0.008696118689617676, 0.009927280181049054]]	[[0.07278259218486226, -0.5708244195339461, 0.26550354085364014, 1.2090318428178213, -2.899596734931891, -6.686668629110788e-05]]
[[-0.2780210215153487, 0.07744515977065528, 0.08964603953837728, -0.012370186415293093, 0.010473375275207418, 0.009757735264906265]]	[[0.07278145784243237, -0.5708247685670798, 0.26547696413415034, 1.2089757593301305, -2.899608164370871, -0.00010407032606373666]]
[[-0.17324139306133235, 0.1424817531585024, 0.07405191712676552, -0.014465882496338798, 0.013996207401496446, 0.010579464527091608]]	[[0.0727543019912617, -0.5708263841377067, 0.2654687008697731, 1.2089261625771166, -2.899638889706755, 2.6999818413604987e-05]]
[[-0.14123020521037072, 0.19514586659824174, 0.06494047386283065, -0.01584241480090223, 0.01770230313875587, 0.010772174674081906]]	[[0.07275267686301934, -0.5708341951262387, 0.26543561812477634, 1.2089183141873832, -2.8996690882532623, 8.347795959851456e-06]]
[[-0.09638578470700851, 0.2326534582961775, 0.06876737655421326, -0.016286556543348443, 0.019814331428195515, 0.011447024745203628]]	[[0.07279711458887708, -0.5708256330278103, 0.2654275351618527, 1.2090303165987295, -2.8995948396654803, 6.397455232580154e-05]]
[[-0.06908277854374091, 0.2539671830881447, 0.06298321915051366, -0.016689721305596452, 0.021150577237621114, 0.012018633287437998]]	[[0.07279993996739206, -0.570829661822158, 0.265390011013151, 1.2090007886065333, -2.899621556700208, 2.8885672335885298e-05]]
[[-0.06487200017817023, 0.2822903864871321, 0.0651846949455452, -0.01648982696752464, 0.021007260359366328, 0.011529348140251238]]	[[0.07280960969134362, -0.570822709349818, 0.26535133629615293, 1.2090277429285905, -2.899584692128378, 5.823431995340363e-06]]
[[-0.057933803124029334, 0.24578909902822915, 0.05807357842158726, -0.01726881422353582, 0.020269401987596584, 0.011191647500914769]]	[[0.07280091920749963, -0.570831356496159, 0.265359600803888, 1.2090532583444515, -2.8995973877936803, 0.00013828474081784673]]
[[-0.07138947974040155, 0.23778804666938377, 0.061360376020532736, -0.016038239391139863, 0.01900418792128884, 0.011292084385807366]]	[[0.07281170094914692, -0.5708343065336362, 0.26534732681632395, -1.2090594951687221, 2.899614479626317, -0.00017855627911081767]]
[[-0.17389008871698428, 0.18740758002901575, 0.0674151365831817, -0.014044462862251285, 0.019650925065978778, 0.011492580046969016]]	[[0.07279240382578235, -0.5708466564030581, 0.26528868838629405, 1.2090007135993437, -2.8996196240016507, 0.00013830095605088554]]
[[-0.246523722051035, 0.10501798245690087, 0.06862322620290424, -0.01117925115135925, 0.018909651110994852, 0.011368823693945294]]	[[0.07281603278295791, -0.5708322057975875, 0.26528859137911515, -1.2090239979385446, 2.8995781301440706, -0.0002167129914143629]]
[[-0.34616387853425534, -0.03822595365547868, 0.08317439752717745, -0.009420827544081165, 0.017952450038864205, 0.011324802011727874]]	[[0.07283097039151336, -0.570827762797135, 0.26524823452097546, -1.2091293874836695, 2.8995834839307735, -0.00011925431278697168]]
[[-0.41896406955684784, -0.13375594096457483, 0.0908920140091879, -0.007457880409828741, 0.015506095666663307, 0.01094227282258273]]	[[0.07282066248132399, -0.5708374813171345, 0.26523958883599463, -1.2090782584394142, 2.8996069060438288, -0.00021461143144710818]]
[[-0.5259773517588541, -0.24267116864392038, 0.08871680255748371, -0.006752870495456118, 0.012937989150835421, 0.011332071924205244]]	[[0.0728214973287904, -0.5708309526260832, 0.265211658015607, 1.2091711772131357, -2.899535578770512, 0.00013673854218389198]]
[[-0.6239931071787048, -0.3008365071012006, 0.08433505269662905, -0.005080755898405884, 0.010956894279970179, 0.010832298926561732]]	[[0.07281623838442997, -0.5708420305546495, 0.26518991379592405, -1.2090382514231357, 2.8996103618256304, -0.0002120640090515807]]
[[-0.7270602776255477, -0.3686354655655818, 0.08396254065001262, -0.003138798033923183, 0.00860964130490754, 0.010588763684196577]]	[[0.07282711291483439, -0.5708322387681829, 0.2651608339661495, -1.2090554521647368, 2.8996009062431343, -0.00011746547166704513]]
[[-0.8460395375823082, -0.45946232225001166, 0.10074287822155394, -0.00064785635465715, 0.005752129134008823, 0.010539705859421995]]	[[0.0728306239719035, -0.5708258557648205, 0.26513086628277893, -1.2091120759927463, 2.8995904471927676, -0.00013566145390722135]]
[[-0.9120011846822709, -0.5441382299822162, 0.09642182383510545, 0.0015615256285386333, 0.0010420769404336095, 0.010307016347968401]]	[[0.07282539494254331, -0.5708275615462242, 0.26509725455412936, -1.2090896457587257, 2.899585472822795, -8.023928730953203e-05]]
[[-1.0248573369994176, -0.6089316819238486, 0.10997877843539558, 0.0039460753328164205, -0.001565609126191986, 0.010673164281148124]]	[[0.07281779325493906, -0.5708269992498287, 0.2650754866327345, -1.2091063757523908, 2.8995787961004935, -9.896120142828008e-05]]
[[-1.0860005234464218, -0.6418285785545204, 0.11476903512810852, 0.004821884273098627, -0.004067571936116858, 0.01033370561694846]]	[[0.07281328116817072, -0.5708250617072446, 0.26505108824485224, 1.2090205442205646, -2.8996140105550783, 7.782282627707974e-05]]
[[-1.115412455114028, -0.6554643295264285, 0.12478781699296913, 0.004302514495719701, -0.005515602359788008, 0.010103834468042106]]	[[0.07280479667629441, -0.5708310915076494, 0.2650415126787645, -1.209036475235301, 2.899607766752651, -9.86890121320051e-05]]
[[-1.1446851484717226, -0.6366101320825215, 0.1371767851784486, 0.0032623060926186445, -0.005093066077931576, 0.010197398346594898]]	[[0.07282265172166688, -0.57083654215457, 0.2649987959700924, -1.2090495332699762, 2.8995887672544374, -7.929527590391967e-05]]
[[-1.1104699633545643, -0.6001055196312628, 0.13673194122673873, 0.0018867499546930593, -0.004338773431480997, 0.009912265822902413]]	[[0.07280859588344488, -0.5708343864640747, 0.2650001637258248, -1.209010191314277, 2.899593539019972, -0.00013737486414511614]]
[[-1.034860801782699, -0.522679373955129, 0.13308225696940698, 0.0009939267839905177, -0.0032125810357146846, 0.010375410083432502]]	[[0.07281866887613754, -0.5708202877565627, 0.26495237840965646, 1.2090550903239614, -2.8996013930614386, 2.1422077835861633e-05]]
[[-0.8572555506981451, -0.42784711677329074, 0.11071860805768265, -0.00021620342455473066, -0.0031783473968607237, 0.009909158610181988]]	[[0.07279947382928442, -0.5708234699305923, 0.26495182521191857, 1.2090592302148675, -2.8996113250920295, 7.800390813704354e-05]]
[[-0.7262504341560038, -0.31544947071682333, 0.1079534905909173, -0.0013044402100211199, -0.00023895746403197412, 0.009764497548322853]]	[[0.07278382462455767, -0.570823141734306, 0.26488610834979476, 1.2089519673708737, -2.899646003896807, -3.517535233752773e-05]]
[[-0.5804547368378932, -0.24249297387221067, 0.10757559713496866, -0.0037958140034818817, 0.003813224684659986, 0.009848099734377013]]	[[0.07278462078238833, -0.5708252874837745, 0.26488990319668726, 1.208985818682574, -2.899631890776179, -3.6393487290156016e-05]]
[[-0.4493733382563123, -0.1523990083625361, 0.09215829285927228, -0.006079887573262409, 0.007667500542841103, 0.010302864045786632]]	[[0.0727759599484467, -0.5708253959911311, 0.2648316572635597, 1.2089806556858942, -2.8996213343774433, -5.5274035898210246e-05]]
[[-0.30271314189891596, -0.051729035970349974, 0.08288774546783197, -0.0085173517884297, 0.010776181195884662, 0.009838928380568435]]	[[0.07277188870347824, -0.5708178765112496, 0.2648276277286179, 1.2089943153618583, -2.899603221648285, -7.582709630529247e-05]]
[[-0.18630677719296745, 0.023811838521817688, 0.08992658885261938, -0.010890182602120765, 0.014350665406359266, 0.009619119489148635]]	[[0.07279355120684268, -0.5708273411649473, 0.26480946453971327, 1.2090242440603065, -2.89962874940503, -1.6098509339781764e-05]]
[[-0.09968618941400184, 0.07824431581154898, 0.09069964431365996, -0.013087456246579927, 0.017320704323287407, 0.010123336348259475]]	[[0.07278354500734754, -0.5708075293196188, 0.26473506113921086, 1.2089478728593661, -2.8996397708881085, -0.0002446453145828534]]
[[-0.03824906933252844, 0.1033461337804257, 0.10896077559367771, -0.01576733252438953, 0.020077194543375153, 0.010774794228970113]]	[[0.07277812881889417, -0.57080506864906, 0.26473565756379946, -1.2090427940473023, 2.8996240286678963, 0.0001306148909924833]]
[[0.03394462335235106, 0.19477869161385308, 0.12305467114540335, -0.01658989043015146, 0.021874446418252532, 0.011396848344765153]]	[[0.07279023753324203, -0.5708062429772793, 0.26471255765728896, 1.2089992278952708, -2.8996168230573707, -0.00017015189339881202]]
[[0.06516958430221367, 0.26712255150254666, 0.11974731216340083, -0.017950040978850227, 0.02380648469211716, 0.011406453354351063]]	[[0.07278623230685981, -0.5708015093927483, 0.2646941952240569, 1.2090435688987367, -2.8995730225174032, -0.00018889073294351726]]
[[0.08803778995584136, 0.3297523856411936, 0.125187059428749, -0.019174126590913304, 0.02389973369658909, 0.01097858026860555]]	[[0.07276840610692198, -0.5708042240526284, 0.2646589924231826, 1.2090176370685197, -2.8996102530466414, -0.00020635307220296935]]
[[0.0340393187229647, 0.33368129405146457, 0.13274153038900358, -0.02112786767459548, 0.02414804386565335, 0.011397473697490114]]	[[0.07278494555332217, -0.5708000397499785, 0.264630638355622, -1.2089858244621896, 2.899631509806523, 0.00026153323042019653]]
[[-0.029783388988911114, 0.3727152120953747, 0.13804564674148634, -0.020806700920774683, 0.0232590620816317, 0.011308975934967838]]	[[0.07277044178652009, -0.5707905994702885, 0.26457766824701456, 1.2090019109560717, -2.899621019711394, -0.00037495576021054854]]
[[-0.10644150158412735, 0.3155110845597051, 0.15937416090433, -0.021177583358017015, 0.022349045732262592, 0.011955500204829717]]	[[0.07278026186952861, -0.5707977410106043, 0.26456078384207665, 1.2090014332452095, -2.8996200077947942, -0.00031768280725694923]]
[[-0.14994233129874956, 0.2624123525084066, 0.16180768838810963, -0.02058116492604667, 0.019677194841826683, 0.011756940874755116]]	[[0.07278988829512535, -0.5708009106196449, 0.26453212520181224, 1.209075596431414, -2.89960348881224, -0.0003549284554427483]]
[[-0.21837998672122733, 0.1655437812387061, 0.15768514692694174, -0.020603276322608742, 0.017250208571243642, 0.01119603120372292]]	[[0.07280577357790648, -0.5707942771314534, 0.26451570242131167, -1.2091021016247183, 2.899567860488231, 0.0003343363695846827]]
[[-0.3169985846975747, 0.08210887835272702, 0.16164669229402087, -0.019170580041289208, 0.014264999653329056, 0.010976818189097182]]	[[0.07282430751564327, -0.5708049080486716, 0.26449746196221635, -1.2091211119596739, 2.8995611623559787, 0.0002771588810243913]]
[[-0.46372823090105614, -0.04306044188647046, 0.16851939337443364, -0.018262335984724678, 0.011789654138787348, 0.010222441856078249]]	[[0.07280652239886298, -0.5707865725942904, 0.2644489771306775, 1.2090951101532044, -2.899597452623606, -0.0004287376438850788]]
[[-0.5863163463716299, -0.11967112155916607, 0.1913658550430548, -0.01568517938218159, 0.008281989849296461, 0.009651813914414002]]	[[0.07280036557566553, -0.5708021290731761, 0.26444066400921784, -1.2090729915434903, 2.8995934172119706, 0.00029563960024803004]]
[[-0.6807774701370128, -0.24600792546857267, 0.2006472093380308, -0.014005770717050649, 0.004062526609815834, 0.008861247270390166]]	[[0.07280523111170763, -0.5708020557970056, 0.26442182927087987, 1.20904217712557, -2.899616674564034, -0.00029594562767419906]]
[[-0.8483083312659454, -0.37071100825457515, 0.21270052847880416, -0.012379465112719845, 0.0020846314550972585, 0.00880629156866039]]	[[0.07282170117199942, -0.5707977887290089, 0.26437486157606405, -1.2090851080697866, 2.899573892326402, 0.00034955471761278513]]
[[-0.9264283076264852, -0.4487279537561595, 0.20093645228058424, -0.00952230175844957, -0.001119619361145758, 0.008860706367376283]]	[[0.07280313980715353, -0.5707999068142395, 0.2643797685697278, 1.2090721192613043, -2.8995909950588836, -0.00029658092767834946]]
[[-1.0339807830782728, -0.5772528525244659, 0.21589757690032782, -0.008346785661002401, -0.00203834658946954, 0.009250715358357217]]	[[0.07280180983362618, -0.5707860399752483, 0.26431572751576404, -1.2090718225573351, 2.8995902866405414, 0.0004257705882759388]]
[[-1.03740470964921, -0.6066900800038353, 0.21204729734001768, -0.005907056162178587, -0.0038264324339712143, 0.009459456283955983]]	[[0.07282775938993047, -0.5707955477753446, 0.26430516831246936, -1.2090844863883023, 2.899574225635953, 0.00032988559340023127]]
[[-1.0756165539219287, -0.6571483017121215, 0.22898171837741443, -0.005080405820687914, -0.0031357041076077443, 0.009703180105877495]]	[[0.07280260838718366, -0.5707956489041293, 0.2642557762187857, 1.209026264799941, -2.899627063248627, -0.00042522615081973106]]
[[-0.993304609646206, -0.6414573530552885, 0.21080248961377804, -0.005001308398859322, -0.003749275098092696, 0.009595869002596175]]	[[0.07279882621867126, -0.5707951141095672, 0.2642525212207846, -1.2090835792727652, 2.89957387487629, 0.0003490521243636513]]
[[-0.9775715637469196, -0.5595655139505378, 0.21718482145967127, -0.00444091739472973, -0.0014059194156884986, 0.01037651152830742]]	[[0.07278442275315587, -0.5708048556793024, 0.2642169414750448, 1.2090589092562194, -2.899611982533593, -0.0003501677951492115]]
[[-0.9096476365313972, -0.5164971008213185, 0.21989940124909887, -0.006548630046581436, 0.000992396406904374, 0.010677589939901682]]	[[0.07280352652871937, -0.5708015192117822, 0.26418899506517984, 1.209072612406872, -2.899594203937756, -0.00040573650522699947]]
[[-0.8309575254339426, -0.4092449591600928, 0.21181391074435993, -0.007686654298072592, 0.0033301726304107225, 0.011053657796524806]]	[[0.07278971737937277, -0.5707964946099726, 0.2641685464118016, -1.2090405156696837, 2.8996164119335535, 0.0003858385067950512]]
[[-0.7500859551157465, -0.31722741800937726, 0.212060508544049, -0.009302053277114553, 0.006440114988046802, 0.010971606960019486]]	[[0.07278565817722586, -0.5707992486003358, 0.2641587149795274, 1.2090457668927346, -2.8995780572002583, -0.0003302383981430583]]
[[-0.6212173645680393, -0.23343221953630877, 0.2133160825804914, -0.011526687975175542, 0.008371254433662469, 0.01085238218659964]]	[[0.0727725989544584, -0.5707955579045393, 0.26412037145710554, 1.20903677374692, -2.8996070118250277, -0.00029155323849960473]]
[[-0.5339543014500763, -0.15532581611100674, 0.2457115540527271, -0.013558638982066079, 0.01107142796415539, 0.010549033713879425]]	[[0.07275925014273847, -0.570804764349541, 0.2641041340554625, 1.208923908835454, -2.8996283083374337, -0.00029251333388951575]]
[[-0.4662108457421643, -0.11145305489461951, 0.27250816509365605, -0.015690526988964556, 0.013638182287834677, 0.010866882366941388]]	[[0.0727867221913649, -0.5708060764925453, 0.2640647293655498, 1.209056944793229, -2.899560097555823, -0.00029200299240099745]]
[[-0.3697705170965603, -0.027269461440032755, 0.2796985121632584, -0.016677312498664314, 0.01451728144481054, 0.010936544030428095]]	[[0.07280429053128153, -0.5707936458628897, 0.2640592190472263, -1.2091058570746493, 2.899578287291934, 0.0002690558811971092]]
[[-0.32392647519958717, 0.040529896274590665, 0.29336614597660177, -0.017397706171044677, 0.01615364172700757, 0.011916261035446483]]	[[0.07279929936286526, -0.5708000816320494, 0.2640302358958885, -1.2090713493904697, 2.8995929533898632, 0.0002507080257126783]]
[[-0.2600153952141548, 0.11751355219976231, 0.2874575021943975, -0.017614827899249473, 0.016779430028225538, 0.012281063197626566]]	[[0.07279139897715158, -0.5708047171710298, 0.2639877537383763, 1.2090405548378713, -2.8996182507750845, -0.00023407102201206714]]
[[-0.2332517881508461, 0.16509946852824525, 0.2733273679522025, -0.01789449648873955, 0.018205871134945595, 0.012518036508594612]]	[[0.07278018091769686, -0.5708119284380003, 0.26399063175705256, 1.2089880772490158, -2.899636316930512, -6.413545911214563e-05]]
[[-0.18270365469634187, 0.18436307587940642, 0.2698143965949603, -0.01786667596392384, 0.018450813926279782, 0.011839399929992713]]	[[0.07280313302441163, -0.5708161432265908, 0.2639661120630187, 1.2090228961943266, -2.899622752534507, -0.00010221592919718325]]
[[-0.13963255807004607, 0.16647151054599263, 0.2562129902854259, -0.018159326973057124, 0.018723892429156352, 0.01180597411831163]]	[[0.07278949534082087, -0.5708089664957583, 0.26392362498498034, 1.2089922102786896, -2.8995973678784233, -0.00014049697906470357]]
[[-0.15885833484581535, 0.1599977807200527, 0.2625482290468748, -0.017514867686612836, 0.01815731588527759, 0.011541273321784416]]	[[0.07280177989134198, -0.5708056249336491, 0.2639118820193423, -1.2090896486417768, 2.8995880351332985, 0.00010254476879678768]]
[[-0.27489001454923323, 0.11711583898999767, 0.2595505132363274, -0.017751425146602107, 0.018740449278126046, 0.011962946331288919]]	[[0.07278421485499058, -0.570822552670824, 0.2638854625189874, 1.2090231640837605, -2.8996213919522447, -2.7708131969046923e-05]]
[[-0.3421687927115608, 0.09270709598362331, 0.2601180636329918, -0.017117499631488023, 0.017644088384061552, 0.012047539053824455]]	[[0.07280194826651148, -0.570819616932961, 0.2638811759699069, 1.2090127703847706, -2.899598155634455, 2.763771130941406e-05]]
[[-0.408258603063264, 0.025469458471431533, 0.2472271966903343, -0.016538389416996653, 0.01558077947621754, 0.012419148863323867]]	[[0.07280200728601083, -0.5708150332433445, 0.2638341333382632, -1.2090066271902205, 2.899583954099758, 8.268964365068144e-05]]
[[-0.49558268261889543, -0.06631140681765962, 0.22857011102985972, -0.015296122837218576, 0.013347320756999239, 0.012017260496865927]]	[[0.07281447568159008, -0.5708161308206537, 0.2638505100777896, -1.209104228077514, 2.899572504152235, -6.568943172866005e-05]]
[[-0.5721989510776145, -0.1351206975058518, 0.19927316067479853, -0.01268200676753149, 0.010641634659127248, 0.011673497356526528]]	[[0.07284079443134277, -0.5708128685009065, 0.2637972471542746, -1.2091261085263203, 2.899574388626417, 7.630105635702364e-06]]
[[-0.6887131041546992, -0.23692921660863223, 0.18746949396428506, -0.010292702369119755, 0.008457810580021353, 0.011523009637251658]]	[[0.07282606254679692, -0.5708150159190775, 0.2637623870164699, -1.2090954503016842, 2.899598204587509, 8.42285190903108e-05]]
[[-0.823009211028704, -0.34655790076328746, 0.1640445355620297, -0.008132735172999617, 0.005786740066934118, 0.011078500754806951]]	[[0.07282419525437363, -0.5708168880188251, 0.2637443614701114, 1.2090888376225253, -2.8995822039991546, -6.790083203120885e-05]]
[[-0.9504996055720171, -0.4496576725493387, 0.15500652926719372, -0.005692530971622308, 0.0034837850167725127, 0.01086859598949155]]	[[0.07281384751760213, -0.5708169341324667, 0.26374896277655663, -1.2091092000922685, 2.899582394823765, -4.647117883427667e-05]]
[[-1.053314176354799, -0.545837793139804, 0.1578074272339023, -0.003744263969001599, 0.0012821226567110706, 0.010552207175234666]]	[[0.07281345823062826, -0.5708261617792649, 0.26372418626567684, 1.20910510420209, -2.899572566755819, 6.376552154715788e-05]]
[[-1.132082433343532, -0.6510453038473071, 0.15746113036789292, -0.003570309661585562, -0.0011976736693427067, 0.009726992595844874]]	[[0.07282106910612574, -0.5708104093179313, 0.2636618540687946, -1.2090467671343197, 2.899578802959586, 0.00010189066430788048]]
[[-1.2028273759210508, -0.7009261706826517, 0.14704095090922242, -0.0030063283395642135, -0.0025648440328682257, 0.010171182743951337]]	[[0.07281097744081477, -0.5708133509635497, 0.26363409276462435, -1.2090427105883599, 2.8996194571298544, 8.672094139181252e-05]]
[[-1.2299695361868754, -0.712474183005174, 0.15161980955367713, -0.002819799896251766, -0.002427209354682632, 0.010157298232395608]]	[[0.07282331006936513, -0.5708102712998758, 0.26362337887444864, -1.209071831305844, 2.899543585705441, 4.4581665302739e-05]]
[[-1.1977223115218776, -0.6981497827646361, 0.15280887156404607, -0.0028885912206869178, -0.001616706065277569, 0.009822163459962147]]	[[0.07280826407605563, -0.5708190605599672, 0.2636041516988224, -1.2089993243169905, 2.899612900959687, 2.6795232822424443e-05]]
[[-1.156578841945215, -0.6444565096323747, 0.14712737490525737, -0.003423993969168664, 0.0008668615977362735, 0.01010266444439328]]	[[0.07279803337215504, -0.5708209396868487, 0.26358686807635073, 1.20900609598305, -2.8996309343546787, -6.646427128179484e-05]]
[[-1.074603073343699, -0.5798180456953705, 0.14895329821004225, -0.004842288957618972, 0.0036218247054806566, 0.011073965311424686]]	[[0.07280753753610701, -0.570813680232897, 0.263559632796221, -1.2090634944590781, 2.899572130038359, 6.452506809164065e-05]]
[[-0.9967222285089082, -0.5209295450693258, 0.15413386179350716, -0.007259828480851202, 0.007091139880582953, 0.011382289467973856]]	[[0.07279190043180336, -0.5708215433451171, 0.2635109130832361, 1.2090362423166878, -2.899554984165945, -0.0001268523247593651]]
[[-0.8287363302013175, -0.3900848792926046, 0.16143349682999447, -0.009054106902032425, 0.008722437923792905, 0.01118173623412441]]	[[0.07277912791756619, -0.5708173040096524, 0.26350414761677965, -1.2090151539510507, 2.8996040617320276, 0.00010275041358416834]]
[[-0.7641845169030139, -0.3000664476122389, 0.15822032290640678, -0.012170442910121811, 0.013090522355816285, 0.012212524369786449]]	[[0.07281030637755156, -0.570811377855351, 0.2634651637603346, -1.2090416671834086, 2.899616937371452, 0.00017913119056392943]]
[[-0.7101415790696408, -0.18075171349665686, 0.17253010238006342, -0.013568451473888177, 0.017413662086762004, 0.01372429927211705]]	[[0.07278768745236285, -0.5708218606364622, 0.26345772386360733, -1.2089796135813713, 2.8996182424209898, 0.0001212684491323408]]
[[-0.6173864148044484, -0.13004544958623074, 0.19324425975872148, -0.01560454933602004, 0.020017274642648138, 0.013953420402494343]]	[[0.072789800410828, -0.5708207745763701, 0.26340560140610614, -1.2089354783967676, 2.8996080330903604, 0.00023276784759551053]]
[[-0.5280821736095731, -0.0897537225339739, 0.21551073885688066, -0.017084495390771483, 0.022195474475795805, 0.013764753086011378]]	[[0.07275966656646049, -0.5708177778359386, 0.26340013882197666, 1.208915833966071, -2.8996595016303415, -0.00021772220171748609]]
[[-0.42164958003631625, -0.01936083644670064, 0.21048041932533174, -0.017700471949254514, 0.02321944415854291, 0.013512206144002586]]	[[0.0727930140886696, -0.5708149469817659, 0.2633904301435377, 1.2089972718803228, -2.899611404291005, -0.00016088464635472484]]
[[-0.3631797741206261, 0.06701874899207458, 0.22544258412780246, -0.01716642270504302, 0.0243407855367417, 0.013111408565242155]]	[[0.07279643734533822, -0.5708171885517238, 0.26334155839884216, 1.2090070614393804, -2.899635168566515, -0.00021659210393039894]]
[[-0.2746624826479682, 0.13777880008045462, 0.22809015488943357, -0.017305773788412897, 0.024728969410034836, 0.013361704632393865]]	[[0.07278080252117546, -0.5708360879625698, 0.263320768673056, 1.2089846114048861, -2.899630304496473, -0.0001784956954360799]]
[[-0.200489992484856, 0.18467907325362357, 0.2310919891798463, -0.017881079765919086, 0.024855110118150992, 0.013770572903177559]]	[[0.07279539166785913, -0.570821255400493, 0.2632910504563278, 1.2090505073834856, -2.8995914049460483, -0.0002371259301752985]]
[[-0.18090600060094145, 0.1911351977165359, 0.24975691710508963, -0.01847373392804893, 0.02565149250956394, 0.012970127287117347]]	[[0.07278552438879342, -0.5708355688072169, 0.26326321179400425, 1.2090454448883017, -2.8995794512850437, -0.00018084963343678378]]
[[-0.12752672828680459, 0.19195376655023, 0.25521785779768624, -0.018585606512310685, 0.02456665436069562, 0.012938439613186716]]	[[0.07279296516553121, -0.5708226950672053, 0.2632382038119106, -1.2090746168535225, 2.899600798957616, 0.0002341897051618672]]
[[-0.1585151817567814, 0.1529860542995058, 0.2506282212739888, -0.01823604980336767, 0.02421902088715153, 0.013029422034178534]]	[[0.07279295867929048, -0.5708226463646793, 0.2632193921706627, -1.2090407217450474, 2.899614860775689, 0.0002330619657338846]]
[[-0.2166095903963766, 0.09898767762684467, 0.2592870569208076, -0.017806276650862558, 0.023682401334399646, 0.012617510869108001]]	[[0.0727805379043573, -0.5708187827499343, 0.2631659608947643, 1.2090342066290047, -2.8996009105404794, -0.00032879901422181796]]
[[-0.23451349674101557, 0.09004787807335814, 0.25934365629265493, -0.01650438476990572, 0.021075317278271114, 0.012016091407327081]]	[[0.07281715407732271, -0.5708240188568351, 0.26315344120536666, 1.2090648149889258, -2.8995752516605813, -0.0003288552748537855]]
[[-0.30289350870883014, 0.04194924531482494, 0.24350158923161694, -0.016240191764346476, 0.01906021386155899, 0.01208366091131336]]	[[0.07280737135068874, -0.5708263392928131, 0.26315258109920625, 1.2090944266896957, -2.899599648692307, -0.0002142983743039696]]
[[-0.40738676335058277, -0.042133832630015494, 0.26012669703507946, -0.016255272663283235, 0.016892808334663747, 0.012785700049367861]]	[[0.07280643221266254, -0.570823837504341, 0.26311349458511624, -1.2090605290063223, 2.8996156862523965, 0.0002904603128921204]]
[[-0.4842224722581685, -0.05382108300503613, 0.25754098271663994, -0.014042815597577812, 0.012874193442292297, 0.011957121472356839]]	[[0.07281037242790105, -0.5708137176406649, 0.2630706624437449, -1.2090284550380201, 2.899630001215682, 0.0003270366651285409]]
[[-0.5826233405473383, -0.12280915027011946, 0.27002634552084154, -0.012543581431320384, 0.009808128572473405, 0.010970225469625165]]	[[0.07281459414359594, -0.5708250243108662, 0.2630531706931482, -1.2090974662485303, 2.899601202615017, 0.0003253495275407458]]
[[-0.7292399312082056, -0.21678780664875819, 0.27646041637440777, -0.011568010718344011, 0.007509315220930509, 0.010888445224940332]]	[[0.07283792293737618, -0.5708301860076233, 0.263027826363489, -1.209131231762807, 2.899587001577857, 0.00030784505785776925]]
[[-0.8399756450507878, -0.3041016376959836, 0.2984220805133158, -0.01041551737691208, 0.004675940712377952, 0.010705324329510046]]	[[0.07283794707368349, -0.5708233859966028, 0.26302534264107125, -1.209105421129734, 2.8995736296340757, 0.00024839132055309474]]
[[-0.9414095664475559, -0.36644480657480405, 0.2955363244365375, -0.00913103789142624, 0.0028545559080399925, 0.010526024044577214]]	[[0.0728144910592798, -0.570834282448959, 0.26298316756408296, -1.2090825380452825, 2.8995696538039777, 0.0002659098670014162]]
[[-1.0291063024418288, -0.45082597498297583, 0.30908110276544576, -0.008090714580243762, 0.001445864087531533, 0.010438890578404969]]	[[0.07282694119470899, -0.5708266375419736, 0.26294398785156625, 1.2091048640206559, -2.8995720781634335, -0.0003072184333125183]]
[[-1.071351383567814, -0.49509114351151684, 0.2953462467471893, -0.006899015436816306, -0.00022507843758533307, 0.010497709765276668]]	[[0.07282974037299313, -0.5708394942394076, 0.26292875956609535, -1.209122266317456, 2.8995657662072767, 0.0002651176266723685]]
[[-1.1133896828681629, -0.5453572665948158, 0.2932149548844091, -0.006482362418068974, -0.0007318671483094357, 0.010198989257749315]]	[[0.07282219571728551, -0.5708417138976287, 0.2629278471886253, -1.2091273363489794, 2.899577797192659, 0.00021034336898155095]]
[[-1.1065298852858128, -0.5733544684961673, 0.29810938080280946, -0.006570614932842425, -0.00041150116845450066, 0.01024928032364482]]	[[0.07282404265607953, -0.5708406225779313, 0.26289181472058, -1.209030647278963, 2.8995913005481326, 0.00024539539173942565]]
[[-1.0867373088911378, -0.581524661993725, 0.30123028427830784, -0.007312187634721724, 0.0010370227344849293, 0.011067110754080197]]	[[0.07283388906700036, -0.570838909193362, 0.26288746318327827, 1.2090953073697395, -2.899600075279238, -0.00018999482455389415]]
[[-1.0723316208028748, -0.5673824240073106, 0.31058628085664347, -0.009074672928597703, 0.003073181520229669, 0.012143420745806783]]	[[0.07282015980996545, -0.5708403357875916, 0.262843197574157, -1.2090966452578678, 2.8996014188643406, 0.0002649392068038463]]
[[-0.9861388884902745, -0.49712887019384144, 0.3026194382980756, -0.010362852917016803, 0.0042273168769352935, 0.011949541135284248]]	[[0.07279943616347936, -0.5708427589069426, 0.2628208710761269, 1.2089910564026893, -2.8996438829799085, -0.00018932205591050177]]
[[-0.9340836900594192, -0.4423401973693568, 0.31397183524801153, -0.012704875745402907, 0.006528252445947883, 0.012350300600345504]]	[[0.07280441343933243, -0.5708472418236705, 0.26279850519106535, 1.2090287664331878, -2.899588201963325, -0.0001543396211253496]]
[[-0.8549832227704277, -0.3338927415332391, 0.3063318076662354, -0.013653499919980739, 0.007989329824041175, 0.012173277492807708]]	[[0.07280582488344418, -0.5708462056266911, 0.2627636733337254, -1.2090264531255757, 2.8995812162381647, 0.00016697411283945741]]
[[-0.796670018409289, -0.23538868133616503, 0.29905197697488156, -0.015017262639148116, 0.009820206692363612, 0.012619651197697243]]	[[0.07280720757426855, -0.5708512531565243, 0.2627673083786358, 1.2090330460535668, -2.8995985854853865, -0.00011375222443933588]]
[[-0.728904320137266, -0.1474498022914575, 0.28874658097410116, -0.01682531174577677, 0.011484938556924278, 0.012502353149230969]]	[[0.07281413916604472, -0.5708560892449799, 0.2627143517761628, -1.2090349812203576, 2.8996037130609347, 0.0001476240559951606]]
[[-0.6683087992663039, -0.09242875514644161, 0.29877054880727355, -0.018457322853325388, 0.01370982984535182, 0.012171583816178774]]	[[0.07280531127506759, -0.5708548481878125, 0.2627168160203824, -1.2090409382552711, 2.899615799934433, 7.404067900457529e-05]]
[[-0.609050703997081, -0.033618184915870875, 0.28807403727967223, -0.01896643660473744, 0.014872953224972403, 0.012413448258471266]]	[[0.07280090874329168, -0.5708594436281583, 0.26268516554795984, -1.2090006109752087, 2.899620398324308, 3.56042672093065e-05]]
[[-0.5292906322261742, 0.030701801841261783, 0.28590212281698946, -0.018649272070015644, 0.014983670676196518, 0.01232955264950466]]	[[0.07280314459912937, -0.570859992807003, 0.26265669748388065, 1.2090146421987245, -2.899605107101919, -3.717866099799475e-05]]
[[-0.5063363167789787, 0.02316611103889843, 0.28802260896536147, -0.01977779267463354, 0.01617191829481559, 0.012115575983783584]]	[[0.07282670683807524, -0.5708615844805758, 0.2626517453615879, 1.209053862549014, -2.899599995071058, 3.8681851234728373e-05]]
[[-0.5106946324229222, 0.026294686203378104, 0.30708719018775604, -0.020016846847283443, 0.016575986389121836, 0.012238091966157693]]	[[0.07280089029648128, -0.5708653001386447, 0.2626181904362439, 1.2090072340768867, -2.89963428991129, -1.6902221942831357e-05]]
[[-0.5051629294646499, 0.013675284700836954, 0.3045124251045247, -0.019939053414276823, 0.01618362705590716, 0.012043670071290695]]	[[0.07281001511961666, -0.5708672029951135, 0.2625677842376392, -1.2089883615841552, 2.899637846055954, 3.5356292474512936e-05]]
[[-0.543472718854423, -0.044606400607807045, 0.3087845774946646, -0.0194056949065369, 0.01697295156733117, 0.011772541297427901]]	[[0.07283730138714446, -0.5708699552705419, 0.2625817526162661, 1.20908874737919, -2.899584552838763, 9.390937840260652e-05]]
[[-0.5133242309235595, -0.11811168318618698, 0.3126474770678952, -0.018295908597807047, 0.01687141258990129, 0.011292215922816096]]	[[0.0728241880300811, -0.5708737107444559, 0.2625554168033697, 1.2090532443815687, -2.899598653265284, 0.00013125296043144902]]
[[-0.5400756619006265, -0.1995785813352573, 0.2951373813645427, -0.01672613174146278, 0.016689070507235344, 0.011323269607199255]]	[[0.07283865909519624, -0.570878826857143, 0.26255610806370455, -1.2090337508962319, 2.8995989399666384, -0.00022865440468705143]]
[[-0.5616265582767972, -0.2532952559558846, 0.2808872173777263, -0.014838474489334796, 0.014916466184536821, 0.010197817430088404]]	[[0.07283504369194661, -0.5708759286181988, 0.26252395131682615, -1.2090424584114343, 2.8996196652982498, -0.0001697758768767625]]
[[-0.5839267500986713, -0.31334554938071857, 0.2516812527623937, -0.012993912300025853, 0.013335640131544027, 0.010298828977135518]]	[[0.07281095121738125, -0.570888449256957, 0.2624989472087378, -1.2090077158369308, 2.899635735867725, -0.00024539222590491027]]
[[-0.5855936773628441, -0.36404498604829205, 0.21993435499979336, -0.011015331440987382, 0.0117913081422889, 0.010281655445610818]]	[[0.07281939190442385, -0.5708728925835673, 0.26248773824143184, -1.2090417506810693, 2.8996197562442982, -0.0001696926980183747]]
[[-0.6212390387324942, -0.36799857893336085, 0.1904417644442353, -0.007690948744702636, 0.011041409196856436, 0.009579582048180064]]	[[0.07281101978207963, -0.5708764054917835, 0.26243427805331454, 1.2090532151339595, -2.8995984983030927, 0.00016684320156267352]]
[[-0.6553239120400364, -0.439147325313228, 0.17040979569830475, -0.006508756988121183, 0.010562770578090765, 0.00946831748691239]]	[[0.0728116242152305, -0.5708833375153222, 0.2624350490190664, -1.208964016057828, 2.8996281800830275, -0.0002642463045514252]]
[[-0.6486309945109032, -0.5062242464529365, 0.1607776872045201, -0.005790126493766408, 0.009762398123951447, 0.009540191459473433]]	[[0.07284438882691183, -0.5708816011947803, 0.2624102690707817, -1.2090602660552277, 2.899613711109255, -0.0002618853016464923]]
[[-0.6717411848210235, -0.5566439499438595, 0.15076312266801203, -0.005006702382430436, 0.010143813859569976, 0.009637830006868731]]	[[0.07284681251363094, -0.570869049861271, 0.2623583900514562, -1.2091454203948755, 2.8995745220573568, -0.00011011735738314944]]
[[-0.7254499961381273, -0.608342228583557, 0.13048279702704216, -0.005242851333981684, 0.010790677921123114, 0.010826977267263557]]	[[0.07283986100027386, -0.5708763802808023, 0.2623472262944737, 1.2090713323057107, -2.899591407389538, 0.00016621170778246462]]
[[-0.725976779829909, -0.608297396945325, 0.12268974149345727, -0.004446294929915824, 0.010351759773712011, 0.011218189854593151]]	[[0.07284750365407514, -0.5708708239257705, 0.26233244711225356, -1.2092327855743197, 2.899538802901712, -0.0001479296263388094]]
[[-0.7580013659915356, -0.6244341937625971, 0.12616615834616063, -0.004608997136587564, 0.011322723155731764, 0.011800697504088414]]	[[0.0728274945528003, -0.570871860768607, 0.2623028221622916, -1.2090537738890614, 2.899599978224678, -0.00013040569353735417]]
[[-0.7952099038239859, -0.6070303013653516, 0.13515955397596027, -0.0044546117390947566, 0.013127078321196962, 0.012291608963225616]]	[[0.07281182743808301, -0.5708817403110831, 0.2622842532808662, 1.2090323243809868, -2.899595120262503, 0.00016401216909314463]]
[[-0.7792430923634341, -0.5328479130116588, 0.10795114004442138, -0.004404221793111706, 0.013394260632593483, 0.011828468308821585]]	[[0.07281830450853463, -0.5708730214594816, 0.2622628962741319, 1.20904106292382, -2.899617935160571, 0.00016575969610600663]]
[[-0.6996219336235733, -0.47902185547687487, 0.08029547683967025, -0.005276631834579427, 0.012859605350921142, 0.011572369377713365]]	[[0.07282202282813047, -0.570876189334161, 0.2622247488575662, -1.2090542872221188, 2.8995993306022183, -0.0001287415295692114]]
[[-0.65537850203134, -0.36698900189670247, 0.05991830867408547, -0.004886087155737604, 0.013656764035990324, 0.011449711537255223]]	[[0.07281859531847709, -0.5708737803148324, 0.26221053142671136, 1.2090934206158894, -2.8995976179407594, 0.00011009441879761084]]
[[-0.5800333371778983, -0.2556907005162644, 0.048697173791781526, -0.004962729154276139, 0.013737859201422516, 0.011575095428183357]]	[[0.07280524310240152, -0.5708694106989468, 0.26215789417679486, -1.2090354867947288, 2.899604710036248, -3.527716654432107e-05]]
[[-0.5254785843455477, -0.18026831868612628, 0.046191994407832934, -0.006398654777435727, 0.014092385143674172, 0.01200777783359331]]	[[0.07280484136736205, -0.5708595157810331, 0.26214053662413955, 1.2090032835894664, -2.899624315886448, 1.4485966938406684e-05]]
[[-0.4515887711101629, -0.11784843330255504, 0.04199649076079757, -0.008698532581089838, 0.014431062559465295, 0.011759582883455678]]	[[0.07281837624885398, -0.5708575753290794, 0.26211407208010307, 1.209073433834437, -2.89959602290659, -2.2189480856552453e-05]]
[[-0.33589251927517294, -0.04989245979114196, 0.02689565672962146, -0.010631344214525018, 0.014038455702357776, 0.010886858579748235]]	[[0.07280489666762963, -0.5708650168507574, 0.2620781213028786, -1.208961166242774, 2.8996210921066816, 2.088036198423491e-05]]
[[-0.32951975713778714, 0.052983316145603476, 0.02847984008441421, -0.011479279409178098, 0.015784516658101752, 0.01108189978928977]]	[[0.07279873284504665, -0.57085528470162, 0.2620528577098423, -1.2089353842249828, 2.8996562119903992, 7.948156184854491e-05]]
[[-0.2985029648270363, 0.13484294548392206, 0.03162827852157682, -0.012297894271403773, 0.01660327027903497, 0.01151331261957074]]	[[0.07281757279294904, -0.5708518226928099, 0.26202345643131797, -1.2090435044332235, 2.8996234895267423, 9.768944679891229e-05]]
[[-0.25344200690788493, 0.1783060091489304, 0.023063074497947565, -0.013284837737426275, 0.017070310745319207, 0.011132816492913904]]	[[0.07280369474272258, -0.5708494084183222, 0.26201633310971595, -1.2090045095111268, 2.899627206119207, 7.844159586246934e-05]]
[[-0.22310437844788072, 0.26026552280459964, 0.010927698395846706, -0.01235831159487261, 0.01616182375292238, 0.010861130302814853]]	[[0.0728195538048093, -0.5708570763877544, 0.2619945762549189, -1.2090262870859807, 2.8996309651759486, 7.840568338101942e-05]]
[[-0.2285576680054004, 0.2718795203071219, 0.017066165998234746, -0.011913644839340798, 0.015668400872443835, 0.011486348567055403]]	[[0.07281108144393146, -0.5708466743237766, 0.2619605466765438, -1.2090166421293551, 2.8996077303427756, 0.00013207837524420433]]
[[-0.22887159545841868, 0.2514749803398814, 0.016055143664291026, -0.010521625578065972, 0.014629344956390265, 0.010340768931138108]]	[[0.07279540169908527, -0.5708462003893958, 0.26192744891998865, -1.2089866456399045, 2.899632946405955, 0.000133441076035431]]
[[-0.28566604140600416, 0.19580822487584124, 0.000220828186390505, -0.009597712037766623, 0.01404536999090472, 0.010176730412598261]]	[[0.0727963575233624, -0.5708365919258408, 0.2618953246223927, 1.2089884243789195, -2.899636898415215, -0.0002113424693619585]]
[[-0.3663022934372668, 0.08720786193047489, 0.00112957619081244, -0.009854449081279708, 0.012743890709851198, 0.009933451782736968]]	[[0.07280133070512285, -0.5708462866601388, 0.26188119902492263, -1.2090258986103126, 2.8996296748067043, 0.00011496281202238175]]
[[-0.4191752436544993, 0.01616718756512639, 0.009124145415673962, -0.008887963987403703, 0.01019300510249433, 0.009869477697668083]]	[[0.07282476080940373, -0.5708475955028111, 0.2618433245576623, -1.2090913816017672, 2.899588439975795, 0.00015185485559392]]
[[-0.47994530277342357, -0.03229873815352374, 0.02905663996634424, -0.007319381062876811, 0.007955119414132262, 0.009822406242828671]]	[[0.07282328311204402, -0.5708334606922109, 0.26182341398247644, -1.209059176605202, 2.8995617132831626, 0.0002074333629332459]]
[[-0.5732826786052292, -0.08220724905248736, 0.04508424498938082, -0.006914524881368331, 0.005885374552983093, 0.009798562856055763]]	[[0.0728245341478651, -0.5708367336230677, 0.261808244874048, -1.2090596145422503, 2.899562761214311, 0.00014931897998168582]]
[[-0.6850969508693852, -0.139345643763837, 0.06663079781022441, -0.007385886184668366, 0.004369776224960964, 0.009850162201885894]]	[[0.0728159713668583, -0.5708301853786595, 0.26179472852735514, -1.2090028307433542, 2.899574285557723, 0.00011069955277354031]]
[[-0.7664969734739238, -0.2053642282225528, 0.08321398979020526, -0.007997360718729179, 0.0028409888008861816, 0.010255572306445467]]	[[0.07281868253219953, -0.5708345832430504, 0.2617477341790154, -1.2090429446745858, 2.8996197741649072, 0.000207474976354897]]
[[-0.7845287181941651, -0.27185656225068167, 0.10209987571649039, -0.007984801940054083, 0.002058859859537217, 0.009788966421619727]]	[[0.07280090814976563, -0.5708381782676374, 0.2617308480321544, -1.2090339914405792, 2.8995984256173806, 0.00016944666561151118]]
[[-0.8076566428550971, -0.32139080359991506, 0.12048176451505883, -0.007746748888192646, 0.002001979655997069, 0.009593037208218726]]	[[0.0728038539367238, -0.5708201607957101, 0.2616868166042417, -1.2089889498966464, 2.899589419591728, 0.0002437026299439568]]
[[-0.8650478504109231, -0.3494808644798781, 0.12970486915478227, -0.00724031476541089, 0.0027088154057735565, 0.010287174345579289]]	[[0.07283229722071348, -0.5708206330999702, 0.26165679732707103, 1.209158782777373, -2.8995566291633095, -0.00031970142782851495]]
[[-0.8403732257037408, -0.3951330949208792, 0.1424423091330288, -0.007992981687681085, 0.0023713846697251827, 0.010433734134014033]]	[[0.07280280301829824, -0.5708240649153574, 0.2616541910272509, -1.209050795140083, 2.899589738171034, 0.000224728641537682]]
[[-0.847509522983634, -0.39504474160755054, 0.14015006659923493, -0.008443404818406865, 0.0033668848804697597, 0.010647772461335522]]	[[0.07281434622033878, -0.5708228104541883, 0.26160045297859763, -1.20900744325882, 2.8996316829886553, 0.0003007314992300999]]
[[-0.8227098133417186, -0.344241080624438, 0.14617713185289044, -0.008575575876231215, 0.0036254225077272197, 0.010967671957353672]]	[[0.0728105968735868, -0.5708162717005961, 0.2615713324911946, 1.2090952883942785, -2.8995969014702996, -0.00033777225207566033]]
[[-0.8398981338887987, -0.34900397846346765, 0.17047477759855217, -0.010046401884479972, 0.006008754375263901, 0.011970563108501028]]	[[0.07280587526961517, -0.5708198652855953, 0.26157312526035437, -1.2090770484737328, 2.899603781859909, 0.00024336014817723768]]
[[-0.8205702124209078, -0.31862442459407553, 0.18649081882208782, -0.010961420380526611, 0.007268878087863488, 0.012769436060800648]]	[[0.0728148377646604, -0.5708138081247968, 0.26152251280782235, -1.2090281429311307, 2.8995839605020546, 0.00029575039722377753]]
[[-0.8383613552783852, -0.24340610262469947, 0.18583355617722733, -0.011110971946859515, 0.009448011334625184, 0.012696391730926838]]	[[0.07279739469854912, -0.5708216638592093, 0.26152822910408413, -1.20898903208352, 2.8995895065739066, 0.0002011765045733976]]
[[-0.8402932071551776, -0.22012927290362766, 0.1942028563294471, -0.012382193154195819, 0.011068414905902407, 0.013185230282801899]]	[[0.07281024959332115, -0.5708150893819653, 0.2614903855357087, 1.2090420767270393, -2.8996169624954073, -0.00022283682949911]]
[[-0.7742295444399618, -0.17888459573169235, 0.19388978979992103, -0.013496504246172958, 0.011448103136727108, 0.012948628832822308]]	[[0.07279673578606598, -0.570830016470725, 0.2614397977352808, -1.2090194464498811, 2.899613850866271, 0.0002592656884391915]]
[[-0.6936908318857946, -0.11207821537768653, 0.20257870570023476, -0.013136916508111104, 0.011703730298886156, 0.011953493310876941]]	[[0.07280906355894777, -0.5708247501184758, 0.2614490489880617, -1.20903758676319, 2.8996084560708386, 0.00016409987725507144]]
[[-0.675893799633815, -0.10104213757098718, 0.22905729849251275, -0.014907222308699106, 0.013121448741732052, 0.012579528729828461]]	[[0.07279041818817492, -0.5708266117882055, 0.26140818368977703, 1.208979918333892, -2.8996157589729923, -0.00014714059140874436]]
[[-0.6726511807698183, -0.08670779747858165, 0.2488901490887597, -0.016621301027734056, 0.014816780691765818, 0.0126969241701204]]	[[0.0727873727580483, -0.5708184458361862, 0.2613777728079373, 1.209015049008653, -2.899602532602756, -0.00020262311604361238]]
[[-0.6249859828200119, -0.013860763670818954, 0.25870631407112915, -0.0168196132923474, 0.015160757723069832, 0.01281651992332701]]	[[0.07281076567707921, -0.570825806275047, 0.2613505756218897, -1.2090677566254333, 2.899581681281246, 0.00019807378426067444]]
[[-0.6266547964193798, 0.03021644654651967, 0.25763421437662604, -0.017449283077435575, 0.01640290372336551, 0.013366049990886898]]	[[0.07281617246051293, -0.5708237342806549, 0.26130971220377075, -1.209055188069795, 2.899600036812909, 0.00017978449146492672]]
[[-0.6420554701160722, 0.0635752733835927, 0.28554653386806483, -0.017579859441925923, 0.01821785442722997, 0.0133564230455908]]	[[0.0727986738349037, -0.5708226379630312, 0.26129193018396646, 1.2090409882645519, -2.899616247667097, -0.0001242485953951325]]
[[-0.6332539528342693, 0.07412599030853817, 0.2957071872513876, -0.018190075811980063, 0.01926577829865845, 0.01374661151342346]]	[[0.07279994904071256, -0.5708260072366257, 0.2612955598377714, 1.208989367377744, -2.899636483806476, -6.782239530273665e-05]]
[[-0.5983200314294344, 0.10087227335745311, 0.2972922967965669, -0.017767072669857078, 0.017990294697957727, 0.01333139534481384]]	[[0.0728114703594306, -0.5708240378482358, 0.26126025582898255, -1.2090639607698335, 2.899572399193253, 8.466615070397806e-05]]
[[-0.5843741476713611, 0.08276819741541197, 0.30263919824074476, -0.018061667668056284, 0.017037270856780872, 0.012830012766612778]]	[[0.07278752428368959, -0.5708272976591233, 0.2612218721748174, -1.2090258634311017, 2.899626772942042, 8.802324459906113e-05]]
[[-0.6507982022572012, 0.047224056817886995, 0.3076512377106565, -0.017487369414629264, 0.017267074508301946, 0.012616917201318556]]	[[0.07281911066806689, -0.5708245244045018, 0.26120534536365625, -1.2090821308025828, 2.8995653402298958, 4.8812449302852566e-05]]
[[-0.6465185991944185, -0.03914053918596516, 0.30409368404364057, -0.01727307513588215, 0.015808911330308217, 0.012606411739994432]]	[[0.07281329594146348, -0.570838953277278, 0.2611792878606267, -1.2090427337128544, 2.899620837922045, 3.093204998006193e-05]]
[[-0.6999284337130455, -0.09575059806617092, 0.29372199969438445, -0.014907958614829093, 0.015050627974915293, 0.012911531916735908]]	[[0.07281678548117039, -0.5708182420989667, 0.2611408242289577, -1.209029056963532, 2.8995858500590277, 0.00010540959834506775]]
[[-0.7079581017695051, -0.2062332746741785, 0.28766961471501734, -0.013175435550142786, 0.013080399750739418, 0.012383980957827119]]	[[0.07277339058406776, -0.5708240494493568, 0.2611204446182521, -1.20895144819574, 2.899644745414299, 6.94988711995271e-05]]
[[-0.759979471190622, -0.35720724874642873, 0.2965065382634604, -0.01222797920845075, 0.013055185271861221, 0.012783950206528262]]	[[0.07282086775613489, -0.570820124720538, 0.2611035822031978, -1.2091298404175432, 2.8995839994699018, 3.381030396801299e-05]]
[[-0.8412990797562516, -0.4825701493883049, 0.2823606637098679, -0.011400672099811708, 0.013378913215825409, 0.012318126560347717]]	[[0.07282465496703554, -0.5708324294823598, 0.26107253854382195, -1.2090199010619909, 2.899564379714575, 6.662419206155148e-05]]
[[-0.8507977719212009, -0.5652218032909702, 0.28312946807674266, -0.010879493724003785, 0.011877185483556216, 0.011941864609968352]]	[[0.07280219284392977, -0.5708315943601332, 0.26106099072757816, 1.2090404019431829, -2.899614835444896, 3.0762102590145363e-06]]
[[-0.8939866782546138, -0.6033599676171503, 0.2689777571710689, -0.01022437690104263, 0.011880924994954196, 0.011403690894594365]]	[[0.0728210313500905, -0.5708240365908196, 0.26101056404495326, 1.2090766458784712, -2.8996025074898584, -0.0001093900002903041]]
[[-0.8946229593759243, -0.6817412745052296, 0.2647469669892837, -0.010110843068692076, 0.011912779558897382, 0.011604600541813082]]	[[0.07283249377812061, -0.570835543384938, 0.26101714080195065, 1.2091280616307882, -2.899578070724152, 2.1802285307856614e-05]]
[[-0.8398402772037873, -0.7014745282766786, 0.23778277518513774, -0.009255544824491231, 0.011029543059407513, 0.01193726594865471]]	[[0.07280947905774884, -0.5708216370061424, 0.26097614361455973, -1.2090329588608955, 2.8995970425552287, 7.164641316905028e-05]]
[[-0.8174513051071202, -0.6983356974409007, 0.2184967239113612, -0.00820896567884091, 0.011189591291631742, 0.012304369281259879]]	[[0.07282383704977465, -0.5708244847181911, 0.260963763534256, -1.2091249328799998, 2.899572391880531, 3.4461490318705045e-05]]
[[-0.7721147547440577, -0.6858984908686513, 0.21418453705588458, -0.008054133490498152, 0.011989934830633231, 0.012302364831264666]]	[[0.07281561035286013, -0.5708215596915406, 0.26091421375856416, -1.2090549534638402, 2.899599201955393, 0.00012849357450112902]]
[[-0.6813018756448309, -0.6049795602780144, 0.19278482325434182, -0.00860829130339323, 0.011874279853512712, 0.012117334764419275]]	[[0.07280620506783406, -0.5708128135174859, 0.26089058096318096, -1.209032104207257, 2.8995948510730587, 0.00016435736324201962]]
[[-0.676881958744099, -0.5136499700086248, 0.1882034852866374, -0.010510302740492902, 0.013126398320425774, 0.012229911571241323]]	[[0.07279691317182099, -0.5708206579309899, 0.26087901099385835, 1.209019885604857, -2.8996140018882786, -0.0001111001140577309]]
[[-0.6562752394292604, -0.3895083239592625, 0.17470159864526952, -0.011903733887145548, 0.013441885251690272, 0.01224767455236503]]	[[0.0727854277675128, -0.5708211182204964, 0.2608505390518428, -1.2089725506802673, 2.8996465608965436, 0.00010935427700999465]]
[[-0.5997240562998398, -0.3328499749385379, 0.17394923367143458, -0.014265049165085104, 0.012977578825012149, 0.012533026484062178]]	[[0.07278709674891798, -0.5708168381678941, 0.26082654617826373, 1.2089814789574054, -2.8996190825677344, -0.00018741201235070097]]
[[-0.5600684789279793, -0.25660282006955226, 0.18033464660457468, -0.014654962748322613, 0.013154332887208544, 0.01255348741275902]]	[[0.07279863190613338, -0.5708218341644404, 0.26080095182680085, 1.2089912542340868, -2.8996409010998483, -0.0001846646906958716]]
[[-0.5124142404393064, -0.18568146952292044, 0.17552042238870297, -0.01515363799324233, 0.013143323235032766, 0.01269448942286888]]	[[0.07277947623539002, -0.5708120568422308, 0.26076350770522816, 1.2090383386173724, -2.8996094292625405, -0.00022251978066821452]]
[[-0.5003891903747542, -0.123250917489647, 0.1781581451999733, -0.015654396297154705, 0.014077148196191, 0.012361159564183141]]	[[0.07278550376586086, -0.5708021525886063, 0.26074065217870906, -1.2090412379303899, 2.899614357839546, 0.00024023732997770786]]
[[-0.4948987407359455, -0.058635855424460315, 0.18062525688829728, -0.016381381373589382, 0.015195724929185294, 0.012165894434629272]]	[[0.0727872670439129, -0.5708124458496809, 0.2606973485061141, -1.208952163200614, 2.8995979987926073, 0.00031259305986912827]]
[[-0.5221211166284868, -0.01689422606373575, 0.1740786957581394, -0.01725564655569297, 0.01669714642766936, 0.012596548895619002]]	[[0.07281448319511037, -0.5708148657224821, 0.26067478710558156, -1.2090319179665783, 2.8995925659136446, 0.00021998016417383313]]
[[-0.520200034369839, -0.019686169464374625, 0.16149463896521493, -0.01822064242486643, 0.017504064948773764, 0.012225494950107838]]	[[0.07278718819492572, -0.5708222282917648, 0.2606956054109763, -1.2090200433310854, 2.899612639586013, 0.00012675025672265162]]
[[-0.46933324821334743, 0.011410543968415204, 0.1601832083614252, -0.01721365728568298, 0.01667300911884235, 0.012126397195106109]]	[[0.07278726074431476, -0.5708191152612835, 0.2606237668560181, -1.2089612024246728, 2.8996196890429204, 0.00031344886201469603]]
[[-0.44105972132055576, -0.015492360612054529, 0.1463409191881269, -0.017205854403071996, 0.01659443348204985, 0.012192497347873523]]	[[0.07281638368080659, -0.5708111022442732, 0.2606218424784797, 1.2091137872984572, -2.899592026878428, -0.00024104400193837437]]
[[-0.4409297965511749, -0.05090602603077496, 0.12861369708049025, -0.016739960912911387, 0.016688146667733817, 0.012749625049486978]]	[[0.07278655549507769, -0.5708083501139086, 0.2605685060758521, -1.2090448309163813, 2.899623162435271, 0.0003346072022473683]]
[[-0.4650000444670239, -0.09516981101713334, 0.13423341530979033, -0.016239028516240882, 0.01697177455629147, 0.013397456273844768]]	[[0.07280514085184736, -0.5708095556139163, 0.2605636541232706, -1.2090480473247958, 2.899584385545222, 0.00025794121560249216]]
[[-0.5170301593629056, -0.12103281722089054, 0.13173206921152567, -0.015184270850280549, 0.016844873618713074, 0.013772238575886673]]	[[0.07278108955856176, -0.5708092429628869, 0.2605064005029301, -1.2090042358107091, 2.89962521535228, 0.00039027500507688193]]
[[-0.5839975609564346, -0.1445935937113662, 0.1317197070479951, -0.013681131262976744, 0.01630407361396371, 0.013700724182505696]]	[[0.07281625053618022, -0.5708003078143693, 0.26048868904552586, -1.2091005861584265, 2.899560404235083, 0.00033193986017155964]]
[[-0.6561833831849002, -0.17768285529084984, 0.1206800126792612, -0.01239164254530613, 0.014883346945045155, 0.013673099374657119]]	[[0.07281750265663123, -0.5708070583244939, 0.26045474725220624, -1.2090694986290025, 2.8995852682748717, 0.0003706424324778893]]
[[-0.7072815449388721, -0.23688289405561497, 0.12232319752117617, -0.011427573566407875, 0.013249074584757855, 0.01310129711498962]]	[[0.07282383799733262, -0.5708048908667492, 0.26044257651263697, -1.2091387845754464, 2.8995567418527193, 0.00035117451763974985]]
[[-0.7425498564408852, -0.2992391158407391, 0.13250439533659195, -0.01058756479657939, 0.01131252142582616, 0.012241926617369534]]	[[0.07280381858312515, -0.5708092678200402, 0.2604082880355776, -1.20905159409867, 2.899592903203842, 0.0003521013318684221]]
[[-0.8034909476206097, -0.3282868250384581, 0.13446726023306207, -0.009133220531448103, 0.010074427230912765, 0.012788949245007444]]	[[0.0728283842322167, -0.5708102441876168, 0.26038029313255706, -1.209077239142857, 2.8995554675566075, 0.00038650064431879533]]
[[-0.780078946967595, -0.3783593245284743, 0.1410661580111122, -0.00920686719636727, 0.007561858837284408, 0.012177556768331573]]	[[0.07282351605818285, -0.5708039809319313, 0.2603603785503957, -1.209103453069511, 2.8995693831747658, 0.0004252662701538462]]
[[-0.7794563625045237, -0.40925038713792766, 0.13746647351773875, -0.007988230637303034, 0.006219181960805953, 0.011304863488104118]]	[[0.072807508338613, -0.5707958095653081, 0.2603428245188576, -1.20909921545739, 2.8995589540162174, 0.00038711019772766716]]
[[-0.7656781662923454, -0.43549284525350274, 0.13597541874934005, -0.006904308010517519, 0.0049864490868927695, 0.01143779640409806]]	[[0.07279170021283968, -0.5708027365673634, 0.2602873311189997, -1.2090426280412265, 2.899619807980866, 0.0004649797312806677]]
[[-0.7471029912072571, -0.46800592597075263, 0.15394440805448958, -0.0065072274071892615, 0.00445707796783179, 0.011129410383869762]]	[[0.07281319775425743, -0.5708021703286593, 0.260295882616341, -1.2090615568363328, 2.899614498674298, 0.0003525020411261048]]
[[-0.7305864457043554, -0.4969106947721602, 0.16990826010103657, -0.006153932643388129, 0.003985785874672209, 0.010856185594955181]]	[[0.07281295281698238, -0.5707979731639253, 0.26025461689832663, -1.209090827513791, 2.8995874204046186, 0.0004061165256871944]]
[[-0.7098028861747813, -0.49182817026443076, 0.1908898157320697, -0.005991053504103639, 0.003650883263733319, 0.010579171906393934]]	[[0.07282649439691803, -0.5708063692257879, 0.2602153696823225, 1.2091927172886898, -2.8995399330874054, -0.0004449636284314069]]
[[-0.6728789253012221, -0.48815678063305745, 0.20504721384892471, -0.007015550937220603, 0.0031056848142827307, 0.01050850956519397]]	[[0.07279227783282036, -0.5707972620156213, 0.26018892648697467, -1.2089980602757002, 2.899610303855473, 0.0005183279944894594]]
[[-0.6812921670491294, -0.45376869582030915, 0.23225012861052247, -0.007414446265988755, 0.003972391581017534, 0.011005989759317238]]	[[0.07282448445903503, -0.5707906306268994, 0.26015665958353873, -1.2091422992338734, 2.8995629299656396, 0.0005173533838180531]]
[[-0.6607379841946316, -0.44299556623233166, 0.2616139808235379, -0.008812528249536879, 0.005104659387370015, 0.011481866116631738]]	[[0.07279843999953424, -0.570794571003438, 0.2601393000410473, -1.20905002019225, 2.8995888544275963, 0.0004967916904933649]]
[[-0.6520701522695547, -0.3527660039302766, 0.2906537626375041, -0.009620671488971926, 0.006885169123406328, 0.011768801290553018]]	[[0.07279999836876527, -0.5707924790253281, 0.2601217484974478, 1.2090899506794228, -2.899582931545989, -0.0004268759044259054]]
[[-0.5776296543503263, -0.2286389716485163, 0.3087495328532673, -0.011027685948327608, 0.007569752344039409, 0.011676729437794886]]	[[0.07280272814050942, -0.5707964342077892, 0.26008617993489114, 1.2091116560761557, -2.8995885729373176, -0.0004989562180472061]]
[[-0.5116301203974671, -0.12502023328427161, 0.3176959222968937, -0.01328085395749275, 0.00892200596659123, 0.01171001357979565]]	[[0.0727583852383118, -0.5707997114067167, 0.26005338904484754, 1.2089816517153096, -2.8996171443604677, -0.0004997230652361821]]
[[-0.48251543885727466, -0.01747215838455668, 0.3206230933777036, -0.01514269029625339, 0.01015841526513975, 0.011386756282846557]]	[[0.07277504966099141, -0.5707924595913889, 0.2600213342506268, -1.2090021408625418, 2.899619829870748, 0.0005532496335919224]]
[[-0.4257290105100515, 0.07254170184066097, 0.32353347330667087, -0.016570244428197642, 0.011433419964523975, 0.011898011477002559]]	[[0.07277755812641003, -0.5707923203033258, 0.25998492461780953, -1.2089066077861026, 2.8996341196712394, 0.0005318725516272544]]
[[-0.4078934611020284, 0.14952638917231814, 0.3417391936341148, -0.01707852820179604, 0.013876573159042822, 0.011727637829543553]]	[[0.07276797144766041, -0.5707890170272797, 0.2600005572069928, -1.2089993536432635, 2.8996109540808166, 0.00041936427991481337]]
[[-0.3736992396530344, 0.21231576996381485, 0.34518573766205357, -0.017791093121869272, 0.014918619230347992, 0.011931758133790894]]	[[0.07276695201399315, -0.5707862008396779, 0.2599759365606457, -1.2089305293611492, 2.899640373071723, 0.00038127262794955845]]
[[-0.3716095705684154, 0.24461655700077983, 0.3539128291669542, -0.019085732051045745, 0.01565474527989715, 0.012138206081081378]]	[[0.07278574681202417, -0.5707949946230091, 0.25992325531795746, -1.2090287868496046, 2.8995845789360506, 0.00045521582266101827]]
[[-0.3880004768804529, 0.2504282065470395, 0.3581045114862562, -0.020241443278827674, 0.01564387898116668, 0.012119388830012344]]	[[0.07278175905250144, -0.5707910002996756, 0.25992179904778917, -1.2090386974338756, 2.8996079504923338, 0.00038029279519327024]]
[[-0.4387034118304691, 0.21546395060758078, 0.34766491872983113, -0.02076663362361341, 0.015962997757520008, 0.01247605538192943]]	[[0.07281181667349926, -0.5707977870476642, 0.2598978173637795, -1.2090448587556764, 2.8996208504596543, 0.00028605030464660144]]
[[-0.495178975216102, 0.16671486339058222, 0.3366529985847524, -0.02012629961246378, 0.015575005289715838, 0.01228948118678739]]	[[0.07282053973307549, -0.5707984411795878, 0.2598894789995758, -1.2090745515657695, 2.8995967106994818, 0.00020922789003022227]]
[[-0.5263822406091323, 0.13589562347927445, 0.323509025109358, -0.01784298133074829, 0.013058993605909588, 0.012412316239129263]]	[[0.07277618882196675, -0.5708018790532366, 0.25985839455332577, 1.2090404100969332, -2.8996139225328506, -0.000248669823217409]]
[[-0.5781221947440407, 0.05167544913596478, 0.3098268334017544, -0.016463350372991452, 0.01154542117930662, 0.012176321642712632]]	[[0.07279848903779404, -0.5708028301266204, 0.25984570306526106, -1.2090392066942164, 2.899560849901924, 0.00015029378858794719]]
[[-0.6442783961755911, -0.010531239069703435, 0.2959511488419708, -0.014407458715298112, 0.010038841568176814, 0.011709898120954586]]	[[0.07280031376398527, -0.5708056579033398, 0.2598016946076188, -1.209079571861481, 2.899608704111583, 0.00015501696296296754]]
[[-0.6812179473245241, -0.13182902697364113, 0.2909591940797302, -0.014014253046468939, 0.0084096467889068, 0.01155539202772074]]	[[0.07280447898466157, -0.5708132208138188, 0.25981210362394275, -1.209057597542973, 2.899606768712757, 5.8923412825201525e-05]]
[[-0.7316263320852365, -0.2226413784748914, 0.26091715907631746, -0.013027247116045424, 0.007334289460864903, 0.011152920000663594]]	[[0.07281171093311577, -0.5708005291387381, 0.25978399867793456, 1.2091265197070689, -2.899575069244478, -9.930025027203105e-05]]
[[-0.7573913126031923, -0.29869046302858804, 0.24876996163329487, -0.011487192652791103, 0.0067931605929542616, 0.010791438452729162]]	[[0.0728156004470949, -0.570807488660089, 0.2597672141362412, 1.2091478992084699, -2.8995778821492304, -4.28083860664186e-05]]
[[-0.8006981156131087, -0.4142709883616176, 0.23235168093948078, -0.011044363602544632, 0.00724625729876941, 0.010988250882569956]]	[[0.07281487868046983, -0.570808888412104, 0.25973984787005877, 1.2090568248346478, -2.899602672945604, -2.470815999159566e-05]]
[[-0.7767550553807696, -0.48760680048404237, 0.19883579597667636, -0.010799489852806116, 0.0065425269264992505, 0.010638495618077108]]	[[0.07280894435552915, -0.5708050573839105, 0.2597394307055479, -1.2090593160919028, 2.899608528763106, -7.032758426636998e-05]]
[[-0.786638050340727, -0.5843557205933755, 0.16651284979325748, -0.010973246400720048, 0.007461191214121938, 0.011291177177163342]]	[[0.07282689594381092, -0.5708048010114316, 0.2596828169076503, -1.209114385531959, 2.8995444378951896, 2.267751675326136e-05]]
[[-0.7897785347687618, -0.603166144021662, 0.1483522534691007, -0.009616276216207798, 0.00810173221453573, 0.011473899261836925]]	[[0.07279635135700249, -0.5708034513991649, 0.2596463193417794, -1.2089966053755914, 2.8996062266845377, 2.4318885883206066e-05]]
[[-0.7902391728973067, -0.6548200421940352, 0.13776254210135808, -0.009155725150992597, 0.008868643706753969, 0.011315670609376324]]	[[0.07278975708957, -0.5708048519486937, 0.2596111613670138, -1.209031628603684, 2.899591004163226, 4.386602754875787e-05]]
[[-0.7695266027687668, -0.6673228726225325, 0.1365259216606737, -0.008442150253206514, 0.009410240624764582, 0.011395271962827525]]	[[0.07278119751268534, -0.5708024147219882, 0.2595683721168884, 1.2090481809722695, -2.8995835547803916, -0.0001228546931500515]]
[[-0.7214304040615147, -0.7071017212993472, 0.1329532423393492, -0.009353837529043448, 0.009593780303767473, 0.011312959144382509]]	[[0.07278750953403954, -0.5708090090339212, 0.2595849529233702, 1.2090086330625947, -2.89963485595148, 4.950728158101399e-05]]
[[-0.7199744203672309, -0.6991224059876039, 0.13854220740857373, -0.00946746248237145, 0.010869247374706684, 0.011518371595683273]]	[[0.07278830342562387, -0.5708042765610541, 0.25953659613385655, -1.2090357890772967, 2.8996009337634385, 8.255566323153727e-05]]
[[-0.6996454906971191, -0.6873045747606269, 0.1448750053512654, -0.010122589777050215, 0.012067260403737422, 0.011187076192930271]]	[[0.07279862865873168, -0.5708005953354855, 0.2595216622969689, -1.209044109851743, 2.8996225639514885, 4.67664853431832e-05]]
[[-0.6438420266447036, -0.6503870669811787, 0.1429900869950669, -0.010323356447512337, 0.01279226441858688, 0.010844900632486328]]	[[0.07278715628556323, -0.5708011622056952, 0.2594867738345736, -1.2090001465072555, 2.899614670018616, 0.00012081560657584285]]
[[-0.5795569449715113, -0.6051521897006407, 0.15409267478288796, -0.011152506820351868, 0.013611421070382915, 0.011145542961017177]]	[[0.07281140295136482, -0.570795818518968, 0.2594716455066113, -1.2091149429945538, 2.8995938851890184, 8.465198443666573e-05]]
[[-0.5747807055109323, -0.5353238290233076, 0.1613494349233523, -0.01222189441437356, 0.01565715350774675, 0.011717408643943168]]	[[0.07278012584157285, -0.5707925919820127, 0.25944390472057854, 1.2090060795628923, -2.899628459906843, -0.00015994129049516973]]
[[-0.522120329743032, -0.43839143325776664, 0.1631284793642819, -0.013425735320304916, 0.016129206713945413, 0.011919309570130982]]	[[0.07279145042719014, -0.5707934747520471, 0.25942044629183036, -1.2090172057949096, 2.8996067488932478, 0.00014044850485847677]]
[[-0.4954884278478862, -0.3852838786515413, 0.1723216688341317, -0.01543550555109665, 0.017781086437849276, 0.012252088575503375]]	[[0.0727976437878762, -0.5707848232065651, 0.2593726289594258, 1.2090375361365482, -2.8996045141606546, -0.00023662187329723057]]
[[-0.40403598366539534, -0.2736583320221883, 0.16429844756866072, -0.015863454092671724, 0.017777953485871283, 0.01188688527826526]]	[[0.07277966354319143, -0.570787863028958, 0.25937258056318835, -1.2090608549820971, 2.8996138159776805, 0.00017698543388153134]]
[[-0.3613120310344239, -0.20993332277941518, 0.16859157474930317, -0.017341408065341415, 0.01813957148780861, 0.011720825304113702]]	[[0.07277895167094262, -0.5707927776803455, 0.2593359952904981, 1.2090024214688169, -2.899619732969639, -0.00025458082832029833]]
[[-0.37862160241365417, -0.11994983986051314, 0.18889529542507533, -0.017089211083173038, 0.0192854607998126, 0.011754534232385936]]	[[0.07277201013620684, -0.5707850629208024, 0.25930801574235673, -1.2089284144248524, 2.8995886033957525, 0.0002680858932116861]]
[[-0.37336027614366935, -0.09771893249185995, 0.20692877779714838, -0.018448788727438294, 0.019436364519358273, 0.012102557406873871]]	[[0.07276986279538915, -0.5707895260319462, 0.2592879754834339, -1.208958977211657, 2.8996132192372226, 0.0003266606777399669]]
[[-0.3991705788449765, -0.05495549068212671, 0.23175950730169556, -0.018647717620136332, 0.019047187881844847, 0.012075038426400586]]	[[0.07276855397431435, -0.5707805515439768, 0.2592530209488651, 1.2090424067728496, -2.8996181148327573, -0.000328891074695575]]
[[-0.43751042038221366, -0.05331920760578529, 0.24571295379655306, -0.01992905457222671, 0.01772554602503062, 0.01222255413638964]]	[[0.072806167094859, -0.5707816430336973, 0.2592608373788188, -1.2090951478057566, 2.8995968444299574, 0.0002700656712580377]]
[[-0.44167900573833974, -0.028089608110480724, 0.2495979707362483, -0.019516927221927757, 0.015417374646742652, 0.01226423747824872]]	[[0.0727898978755628, -0.5707769211780311, 0.2592212930288588, -1.2090427452075292, 2.8996188635386497, 0.00025227436176890913]]
[[-0.5151370241527777, -0.06407181344796226, 0.25701962600844525, -0.01905578402356886, 0.01345693237597222, 0.011854456374666426]]	[[0.07280092114073045, -0.5707831390412336, 0.2591650893904351, -1.2091064882429159, 2.8995756452761237, 0.0003829006752788322]]
[[-0.5900232661347871, -0.09015060257314678, 0.24656072290785933, -0.016576736826276854, 0.011457240619637281, 0.011732184460666012]]	[[0.0727864934353677, -0.5707833735975084, 0.25916044696241275, -1.209037144288449, 2.8996057815783285, 0.0003271271719156868]]
[[-0.6754843650545701, -0.13831223097372009, 0.25278864123915706, -0.014339038837874194, 0.009825419019924415, 0.01143978863824797]]	[[0.07280904535417419, -0.5707735115903229, 0.2591393864111208, 1.2090951640836438, -2.8995966591835263, -0.0003268018259968513]]
[[-0.7389425882272762, -0.17287071179528907, 0.25259447998011364, -0.012640456577225234, 0.007650242756744476, 0.011364840858784241]]	[[0.07282497643128293, -0.5707834288809085, 0.2591067405783254, -1.209097142157001, 2.899553473064014, 0.00038023581874334366]]
[[-0.8042863631969313, -0.23222932757137876, 0.23759986840341477, -0.012190173036551805, 0.006071357688081921, 0.01179676157200053]]	[[0.07280398824948842, -0.5707844215932728, 0.2591019900095914, -1.2089939208714031, 2.8995977221632123, 0.0003249305343959901]]
[[-0.8482421498065696, -0.2764731166256828, 0.23682364610766368, -0.01179080628642713, 0.004361998712295376, 0.011016418586486878]]	[[0.07280809537177378, -0.5707830841426482, 0.259072865063016, -1.2091073449482928, 2.8995757089252074, 0.00034282590618168015]]
[[-0.860164930735636, -0.29735343770046263, 0.2291808534987883, -0.010718078902631543, 0.0028140164549089186, 0.010501710905020585]]	[[0.07281093555342948, -0.5707818525600814, 0.2590510543151545, 1.2090906671994355, -2.8995860246483205, -0.0003257169130550758]]
[[-0.8926632450403978, -0.33471728780510135, 0.22115972682253798, -0.010411440084459354, 0.00223617898921611, 0.010749670027704163]]	[[0.07278711008638664, -0.570774650855966, 0.2590283784621951, -1.2090575762628932, 2.8995574737536765, 0.00034056381790453403]]
[[-0.8972277738215909, -0.3746852845258596, 0.21432832406332578, -0.010044289142039503, 0.0015584010088611887, 0.010322563385705474]]	[[0.07280857238376529, -0.5707842567149142, 0.25900104699497145, -1.2090546756903537, 2.899597332676339, 0.00034149771410598914]]
[[-0.9155191592380139, -0.35910474139180215, 0.19988150156247217, -0.009074342546436702, 0.0013391178094633266, 0.010350388184464538]]	[[0.0727868557130144, -0.5707841187305964, 0.25897020974278295, -1.209036351014866, 2.8996039585383566, 0.0003788254755234138]]
[[-0.8781893707078916, -0.32273968038461787, 0.1718393512745428, -0.0083460065643263, 0.000855365348832062, 0.010131207319803236]]	[[0.07279159304193669, -0.5707846185965452, 0.25894396222374705, 1.2090261605206687, -2.89962807450611, -0.00040095971851719696]]
[[-0.7723715394830957, -0.3224831398327961, 0.16250396122261776, -0.009118783120678469, -5.867239724676593e-05, 0.009748810106949002]]	[[0.07281966520898417, -0.5707880249237518, 0.2589195970005371, -1.2090795034616355, 2.8995599137919514, 0.0003777538996118736]]
[[-0.7557271286598303, -0.29261240986440407, 0.16899011318482113, -0.009440123047797525, 0.0007309412138914824, 0.009414604122028977]]	[[0.07278922712404645, -0.5707938140160667, 0.258925617664676, -1.2090421030566059, 2.899617753508407, 0.0002468653585100363]]
[[-0.7141076657561689, -0.24673927280445082, 0.15877285332641938, -0.01003406941534808, 0.0011359292886442647, 0.009337004813034105]]	[[0.07279213276807078, -0.570794731204957, 0.2588776977291277, -1.209031644558353, 2.8995930241715775, 0.0003576852207636096]]
[[-0.6969753432945479, -0.20929951968547733, 0.1691667352308881, -0.010307529730579194, 0.0022957435777665926, 0.009121328037290006]]	[[0.0728005981378676, -0.5708015947433069, 0.258858763004709, -1.209019663889583, 2.899612951226986, 0.00026482278110942156]]
[[-0.6393689498721578, -0.17544339566148312, 0.15882954991734088, -0.010679079588305542, 0.0028241932867850263, 0.008503273946405016]]	[[0.07279830337503813, -0.5707954537853487, 0.2588321355166608, -1.2090537557614875, 2.899597304085503, 0.00032152220365292913]]
[[-0.6304992808763226, -0.13103794998324192, 0.1751048758476087, -0.011169940017018355, 0.004732105318023853, 0.009914415714062258]]	[[0.07281244828444822, -0.5707909283550782, 0.2588175704056509, -1.2091027110157868, 2.89956479431769, 0.0002809368147669674]]
[[-0.5666103752140785, -0.14365860953019965, 0.17751002695474874, -0.013249821578437694, 0.0060550638531809715, 0.011021480461498154]]	[[0.07280657423988986, -0.5708078881231312, 0.25881874483368916, 1.209003128749408, -2.8996198035278944, -0.0001518862105057838]]
[[-0.48880401957214925, -0.1024358422785685, 0.2019164178473523, -0.014927021384085807, 0.007631785600667896, 0.011119751325341657]]	[[0.07279223844206462, -0.5708104366173408, 0.25878644533050055, -1.2089936244468158, 2.8995994013557826, 0.000184671422261249]]
[[-0.39712366077773886, -0.03656029797934787, 0.19263877010667452, -0.01644479507042996, 0.008128588369189898, 0.010598060421263043]]	[[0.07277918895275295, -0.5708116571911166, 0.25873968231245387, 1.2089686927885845, -2.8996366067503496, -0.00024310477958423658]]
[[-0.34695940613003134, 0.043137480491700464, 0.18071570155726605, -0.017006349341540238, 0.009819644242388594, 0.010431072589079042]]	[[0.07278139984431967, -0.5708140704901463, 0.2587224043242284, 1.2089898539016521, -2.8996387184249834, -0.0001500236066056994]]
[[-0.3303794655988883, 0.08495603493668805, 0.1989337092187389, -0.01742446715898375, 0.011936992105887967, 0.010843120994169626]]	[[0.07277860228967667, -0.5708222402349241, 0.2586983218490631, -1.208956050444174, 2.899655217106015, 0.00012656261687936566]]
[[-0.2528727777466985, 0.0859351572428841, 0.2010712986728445, -0.018409386303788897, 0.012424921696183632, 0.011234806300921918]]	[[0.07278960076643613, -0.5708168074203159, 0.2586798900254135, 1.2090066067598506, -2.899630233016117, -7.318563225493695e-05]]
[[-0.23162474324874902, 0.11997116892729266, 0.20063243061635697, -0.01864469454292486, 0.013233771124175321, 0.010876912498723265]]	[[0.07279833427309179, -0.5708190885749281, 0.258664772674145, 1.2090354667711831, -2.899553204618089, -7.59457790829034e-05]]
[[-0.1616961968251768, 0.13350220183067804, 0.19272709318376213, -0.01958590013233135, 0.012717737215686966, 0.010717556812854825]]	[[0.07281086276231262, -0.5708252429598389, 0.25860925616062885, -1.2090155399109126, 2.8996036108394034, 0.00012657940473225114]]
[[-0.1956649603616778, 0.10851232323781734, 0.19410559807422298, -0.01973293554988281, 0.014092073511910198, 0.01107416685428653]]	[[0.07279836402583983, -0.5708210626500545, 0.25858742833776277, 1.20905926048488, -2.899608741635146, -7.297521270178912e-05]]
[[-0.17114739732511686, 0.11527622148860131, 0.18353492997933468, -0.01809522096924822, 0.013407436536864527, 0.010978331508402057]]	[[0.07280072059767599, -0.570823922285226, 0.2585817329061604, -1.209043150294645, 2.8996207851798825, 1.545587044373715e-05]]
[[-0.21158783037100376, 0.046625522307422604, 0.18820478018978706, -0.016534171440391397, 0.013333529794457781, 0.011432680221477719]]	[[0.072805329213455, -0.5708361805162725, 0.25857144285134803, -1.2090618030671725, 2.8996151345178456, -8.055578080711579e-05]]
[[-0.3011314641957973, -0.035536427234883955, 0.18347194733039526, -0.015379481192249623, 0.013857164508748437, 0.01164872882447502]]	[[0.07280134653234485, -0.5708376427359843, 0.2585376397921984, -1.2090170696066396, 2.899607279138146, -8.174144024578307e-05]]
[[-0.3751784175346543, -0.09994833922072888, 0.17014567482181064, -0.014023565316138692, 0.012624839140942817, 0.011332176406194536]]	[[0.07281742902608505, -0.5708362757292322, 0.25852441235099943, 1.209088209529231, -2.8995790069628122, 0.0001518438633211774]]
[[-0.4615597652691855, -0.15836079194343067, 0.17088789811218605, -0.012491666408617812, 0.011148354208447833, 0.01158290150312021]]	[[0.07280736545292354, -0.5708345437453589, 0.2584949630146001, -1.209034746084668, 2.8996008713717125, -0.00013537258793724734]]
[[-0.5091666752192954, -0.21526443103071663, 0.16459682553116758, -0.010668834212172506, 0.009511791707010492, 0.012274061931710375]]	[[0.07282840767646796, -0.5708361727269032, 0.25846316292135846, -1.2090921046128875, 2.899590514738108, -0.00017106554648042485]]
[[-0.53733262563555, -0.30169456565011593, 0.1631592543033687, -0.00927423631181172, 0.008071763541478993, 0.011979591725478406]]	[[0.07282251268796212, -0.5708429565557834, 0.25846121235414615, 1.2090097178569668, -2.8996362229088257, 0.00022647147258987875]]
[[-0.5918147232476741, -0.3397146301531754, 0.1631833481468076, -0.0071062262860583, 0.006558234555584748, 0.012368274206415501]]	[[0.072837113688619, -0.5708403612388098, 0.2584174390729801, -1.2090918211611723, 2.899590007465655, -0.00015301589811582406]]
[[-0.6357601303983377, -0.39226839373486644, 0.1615913305114715, -0.006086876864249031, 0.0053807928939199594, 0.011742436577086958]]	[[0.07283186523739299, -0.5708453511170016, 0.2584044099126459, -1.2091266299570496, 2.8995762435760053, -0.0001891401115433919]]
[[-0.6510480969874389, -0.4196512926277325, 0.15007253018371064, -0.004753997181094068, 0.0044738887746563274, 0.011346940226646722]]	[[0.07279726244148983, -0.5708523616778077, 0.2584057237837102, 1.2090433408916623, -2.8996216097585292, 0.00026466459273099125]]
[[-0.6453885693479319, -0.4265799693585083, 0.13292166366966965, -0.003227134267692147, 0.0031267864572306803, 0.010812929455282162]]	[[0.07283335315584305, -0.5708357497769329, 0.25834778006794684, -1.20907294665206, 2.8995449430656195, -0.00011397563522057897]]
[[-0.633038233140512, -0.4609976411284924, 0.10705427989029193, -0.0034738047145197425, 0.0022192903444765884, 0.010898767171636405]]	[[0.07282630928254193, -0.5708494176320473, 0.2583522452750934, -1.2090579924772424, 2.899606240341113, -0.0002629859476891558]]
[[-0.6245844458656731, -0.4541166673644479, 0.08730215742777658, -0.0033950510310267797, 0.0019147638149296297, 0.010390431750714281]]	[[0.07282492033056892, -0.5708389376514833, 0.2583034859581423, -1.2090996832448107, 2.899560266873221, -0.00015232655845407104]]
[[-0.6060866188282481, -0.4109581188073903, 0.061695736555030835, -0.0024291609977843175, 0.0028020778425901717, 0.010605086917842631]]	[[0.072816683239333, -0.5708504120658673, 0.25829878692618496, 1.209091395498315, -2.899590945439803, 0.000187241348098792]]
[[-0.5723558869077052, -0.38489218917970297, 0.0266595884486208, -0.0036161057713182732, 0.0033936630665435054, 0.011273549905621516]]	[[0.07280773673528927, -0.5708385650714548, 0.2582788315158343, -1.2090048049975781, 2.8996263378551403, -0.0001885194517893943]]
[[-0.5690647345293739, -0.3254713261062909, 0.003864117645429496, -0.003964406285151905, 0.004512027779220744, 0.011404725396635552]]	[[0.0728023226715253, -0.5708310049907488, 0.258240633073889, 1.209023301243484, -2.899621805026795, 9.358904198298966e-05]]
[[-0.5087748166211314, -0.26594701430524503, -0.01817938608845634, -0.0047660593635464555, 0.005461009138803592, 0.011445688120872934]]	[[0.07280040764748351, -0.5708346697416885, 0.2582116113991306, -1.2089817076918086, 2.899619730813629, -5.5999612410946374e-05]]
[[-0.4710750647675289, -0.18758619294229537, -0.027837546228452362, -0.005158242520861147, 0.006028611948815724, 0.011230290571665025]]	[[0.07280802056494041, -0.5708392373113158, 0.2581892185245595, -1.20902159013345, 2.899618013608977, -0.0001498953222086537]]
[[-0.39636000004756056, -0.12021737116358241, -0.05072352291249176, -0.005977867810948866, 0.006009653353619118, 0.011131386404016903]]	[[0.07280767978282192, -0.5708418202321742, 0.258191807618007, -1.2089748398108562, 2.8996518045401647, -0.0001877075984642345]]
[[-0.3914497007996446, -0.10304985385132512, -0.05366956508389489, -0.0073963362482041784, 0.007630199643769015, 0.011497290900366651]]	[[0.07281397372858066, -0.5708395699018118, 0.2581718503250803, -1.2090099231176956, 2.8996366706020975, -0.0001698395625735134]]
[[-0.39984169697183447, -0.051792908633825435, -0.05459172999773696, -0.007804817540252465, 0.010067118719014098, 0.011797908644642833]]	[[0.07280769047493675, -0.5708382659979888, 0.2581326868645591, -1.2090733598137655, 2.899596173632592, -0.0001518758269257005]]
[[-0.3478437556798847, 0.019385835609833257, -0.04919265975782961, -0.007787321707601638, 0.010923149650797161, 0.011830032775694435]]	[[0.07282027816112364, -0.5708296574527848, 0.25808841696717927, -1.2090865910541504, 2.899575374381713, -5.7342377787453374e-05]]
[[-0.3232915075125547, 0.0437129159807772, -0.04696742495633672, -0.008770439806429237, 0.011587424626662384, 0.011770210114274541]]	[[0.07279799739835165, -0.5708349426619569, 0.25805621756136, -1.2090430638503262, 2.899618873770053, -1.9210624073893515e-05]]
[[-0.31640047784446834, 0.06989656896707618, -0.0591177653044897, -0.008834364584878912, 0.013066381388318182, 0.011847679715212516]]	[[0.0727907000095864, -0.5708241188564195, 0.25804715440113235, -1.2089940388075007, 2.899600419172925, -4.029248331734688e-05]]
[[-0.35464577245614015, 0.08563057151192419, -0.04705468423569617, -0.008734667338221503, 0.014723965682031244, 0.012800791121082867]]	[[0.07279592805324388, -0.5708449136060081, 0.25801671979560575, -1.2089857396923402, 2.899629623832078, -3.9986473044105595e-05]]
[[-0.30406875162755664, 0.1339020619635238, -0.05177413136656278, -0.008483210153914355, 0.01331692475693948, 0.012076431369104811]]	[[0.072797175225843, -0.5708326554077924, 0.25798872898146014, -1.2089902654926077, 2.8996401246298786, -1.1679757851333217e-06]]
[[-0.2913169366488586, 0.13712851352740082, -0.0384579908536169, -0.009522967502042682, 0.012996609988579114, 0.011790166633704083]]	[[0.07278874804823077, -0.5708359155637198, 0.25795479940327026, 1.2090206154634002, -2.899613570797506, 3.979683346192536e-07]]
[[-0.31997874722339775, 0.11707520073950145, -0.014825708682728556, -0.011097908045272253, 0.01338172689259843, 0.012382489781906824]]	[[0.07281508481647506, -0.5708387558754092, 0.2579528395415557, -1.209038147307904, 2.8996091319069768, -0.00011664341203810681]]
[[-0.3580324750332812, 0.09031191205919098, -0.0012406905709820358, -0.011702249556834373, 0.013164176802509963, 0.012758045615284304]]	[[0.0728199407658742, -0.5708285932753316, 0.2578981513891785, -1.209067327546041, 2.8995799163606755, 5.433895847502647e-05]]
[[-0.3587419268272774, 0.04001046405989725, 0.006554182568166185, -0.011950645279906028, 0.01185454482012147, 0.011851447011609305]]	[[0.07280773345170957, -0.5708259424124622, 0.2579042777037298, 1.2090242536299387, -2.899624029209629, 5.5779135625623195e-05]]
[[-0.4012467042316795, -7.09497004373616e-05, 0.007056282401850503, -0.01077649737970936, 0.011205400922648023, 0.011439526737140014]]	[[0.07281258959968034, -0.570838948758131, 0.2578540370848593, 1.2090078750023925, -2.899631890229173, 1.938843411539843e-05]]
[[-0.4508031414858169, -0.042146858356178346, 0.023341448557313526, -0.010196612235944308, 0.010277061321524578, 0.010793677580436385]]	[[0.07282511347050616, -0.5708232712343372, 0.2578361787648564, -1.2090843862917313, 2.8995720716611415, 7.191473509031244e-05]]
[[-0.5100155651597048, -0.07490158179226988, 0.03653097096297525, -0.009930895981327298, 0.009181414997906126, 0.010598998085704452]]	[[0.07281094661423249, -0.5708310916512996, 0.2578232707540167, -1.2090772262161729, 2.8996034376858604, -2.0862795003019414e-05]]
[[-0.5686745483869476, -0.08870781307558712, 0.048471165380910564, -0.009116086437359616, 0.007837677770755823, 0.010120863322657672]]	[[0.07284472784471455, -0.5708273340239768, 0.2577912059861828, -1.2091054633673255, 2.8995256282005926, 1.2487203436142856e-05]]
[[-0.6249898476226305, -0.14603057712520814, 0.06193188668578702, -0.008948015625006136, 0.006743209103991081, 0.009904046262705583]]	[[0.07280419270498217, -0.5708320939323379, 0.25775346340385413, -1.2089898973781332, 2.8996374196424606, 7.176117621974213e-05]]
[[-0.6632688832250191, -0.1835078183713491, 0.06636680621921016, -0.007990622183464623, 0.0057359256725344615, 0.00963428660611845]]	[[0.0728287681927429, -0.5708240880082407, 0.2577347150377852, 1.2091123292259516, -2.8995901913808457, -3.401121705734341e-05]]
[[-0.693180738075936, -0.23357767487163533, 0.06970944629584427, -0.007569771067997006, 0.004260197936817331, 0.009330699170714014]]	[[0.07283157504716001, -0.5708316114823199, 0.2577115369609315, 1.209181559023226, -2.8995618464712245, -5.3190054290656576e-05]]
[[-0.743537999355014, -0.3308806061416825, 0.09280274705899519, -0.00808588895094174, 0.00445588609098361, 0.009072073351548927]]	[[0.07279567813063907, -0.5708404636558251, 0.25767446027003726, -1.2089623015710642, 2.8996221943243126, 7.084420808538799e-05]]
[[-0.7788938249664163, -0.42616401633602374, 0.12651972568228645, -0.009123214189786195, 0.004601767834855785, 0.009359364815406071]]	[[0.07280611440184048, -0.5708267608019018, 0.2576722975848953, -1.2090452312876478, 2.899575531049355, 3.11029036085817e-05]]
[[-0.7825618209126325, -0.38451949028964955, 0.12513833003147548, -0.007944262063347687, 0.004062388995919382, 0.009620497251699415]]	[[0.07282517269725122, -0.5708231688100694, 0.2576439478472743, -1.2090666014581821, 2.8995781074328155, 8.861490167561833e-05]]
[[-0.7851162775895613, -0.43331862830682194, 0.11329549836104652, -0.010041173367778912, 0.004070235571078672, 0.010345728700832302]]	[[0.07282137074875565, -0.5708320263962028, 0.2575938437639282, -1.2090664432347913, 2.899577961936734, 8.747956102568331e-05]]
[[-0.7754566980507128, -0.39215557699379056, 0.1274542915999282, -0.00989352847497043, 0.004535042124788896, 0.010095787348436571]]	[[0.07281987678714072, -0.5708348984036405, 0.2575867529510398, -1.209058849946177, 2.899608277185896, 5.08503979675112e-05]]
[[-0.7615745930775879, -0.3507199628209725, 0.12228516585392209, -0.010335607556123174, 0.00620408002053436, 0.011243207388335352]]	[[0.07279548180905489, -0.5708309899742726, 0.25756660137107934, 1.209008632582747, -2.8996355449549633, -8.974027384944748e-05]]
[[-0.7376707827572805, -0.27478813358332893, 0.10969964903087055, -0.010392258866574583, 0.007727351258480737, 0.011629696974361883]]	[[0.07281570763800972, -0.5708365679147666, 0.2575421003823971, -1.2090669696610965, 2.8995792203795876, 9.609885378488715e-06]]
[[-0.7092016698443497, -0.1872260348096494, 0.0841964328896033, -0.010458860505488263, 0.00973489514161761, 0.011981553652819443]]	[[0.07280760350165941, -0.5708372910827935, 0.2575303963380192, -1.2090020398479104, 2.899619938223295, -2.560998208597197e-05]]
[[-0.6668715342819604, -0.09866598793467574, 0.08469891997048738, -0.010947001104779518, 0.011649169389156513, 0.01167052863350073]]	[[0.0728019508430285, -0.5708324242204401, 0.25750252034104176, 1.209072584749117, -2.8995941559638556, 5.851013138211381e-06]]
[[-0.6321897859548338, -0.042041886402518325, 0.07779785371938372, -0.012227088144925444, 0.013246774670084827, 0.011882862037617169]]	[[0.07279612522237407, -0.5708255814705757, 0.25745694044462214, -1.208984106016526, 2.8996253325695096, 4.866891512081348e-05]]
[[-0.6018121334232103, 0.022548697881886626, 0.06674506738737705, -0.013572091185799488, 0.014634823873318131, 0.012432138992161019]]	[[0.07280442888659651, -0.5708390531652353, 0.2574163356807033, 1.2090215029404714, -2.899617944887997, -8.658169404960448e-05]]
[[-0.5310478959357027, 0.03899087740547963, 0.0772680976707303, -0.015145648104322822, 0.015134424725824252, 0.01263418467470768]]	[[0.07281631260161382, -0.5708319063138702, 0.2573813546851748, 1.2090571656866016, -2.899604116220366, -0.00012437679099033808]]
[[-0.5311664218306433, 0.08979156017976186, 0.07399549553031079, -0.016015305896367866, 0.016747286061928813, 0.013078085910692908]]	[[0.07279659820446306, -0.5708493323252664, 0.25739054397762223, -1.2089720913339945, 2.8996456282861307, -4.64267880355461e-05]]
[[-0.5002837206406187, 0.142241522476144, 0.06606260071080614, -0.015960807145928242, 0.016438902055136068, 0.012954876716622812]]	[[0.07281328599343748, -0.570852264225771, 0.25736196555233803, -1.2090019279703694, 2.8996200616287977, -6.645137110389239e-05]]
[[-0.46854058695036804, 0.19636347425621048, 0.05361075224031815, -0.015497836020353963, 0.016004002301416326, 0.012601113008542747]]	[[0.07281629540198073, -0.570854929635313, 0.2573299196240576, 1.2090851914139344, -2.899576323218099, 2.7447163842081134e-05]]
[[-0.47193415238922093, 0.19962653679206654, 0.06397943654841547, -0.01534410889140607, 0.01624441593719179, 0.012511804451556053]]	[[0.07281555045413496, -0.5708427413594394, 0.25729541603966255, -1.2090923105170805, 2.899593354237124, 2.6912482275808308e-05]]
[[-0.43597844284667786, 0.20773829369958213, 0.057627288738926766, -0.01443461571961166, 0.014949231293767814, 0.011803627012677615]]	[[0.07282257533911637, -0.5708416128480932, 0.2572923432422538, -1.209076352918218, 2.899601679067334, -4.879255056989348e-05]]
[[-0.4562988971017098, 0.19183378108040114, 0.05551011759948043, -0.013778871381404012, 0.014022498544218404, 0.011886914900289168]]	[[0.07284529700282838, -0.5708470767908905, 0.2572678481930585, -1.2091063181527582, 2.8995260882735168, -0.0001445752011912258]]
[[-0.452112377580706, 0.12851474652059292, 0.055671503364697346, -0.013791951209072131, 0.012727949812326417, 0.011539052329893674]]	[[0.07282052504587432, -0.5708558370279047, 0.2572381234309748, -1.20902437171932, 2.899625188062891, -0.0001420080104502512]]
[[-0.4668681278492338, 0.10376390301884006, 0.05575776961765104, -0.012594578912704149, 0.012066241290960265, 0.011934811362229385]]	[[0.07280876631265275, -0.5708502277663776, 0.2572008825262346, 1.2090033529961954, -2.899623207674078, 6.581737303620544e-05]]
[[-0.5206288641649576, 0.027393386138861553, 0.05652171838297561, -0.012186132849411814, 0.011222425149943312, 0.01196496643025922]]	[[0.07283020668329818, -0.5708618864683418, 0.25716940150940276, -1.20907626246612, 2.899602009457368, -8.784330204978853e-05]]
[[-0.5987215714418321, -0.04626031448494994, 0.08440423223796799, -0.011618495443957396, 0.010864872610621261, 0.01245380117236698]]	[[0.07284219481537844, -0.5708521728869367, 0.2571633182392501, -1.2091067023197557, 2.899577444584965, -0.00016092225566085599]]
[[-0.6478117029656743, -0.04868029553353059, 0.07879374156540228, -0.009362314013934274, 0.010008844260847747, 0.011679557047847714]]	[[0.07283518503930016, -0.5708680958307706, 0.2571648705896042, -1.2090512222504202, 2.899590649630505, -0.0002931113916655409]]
[[-0.6673078488080306, -0.10826004302158992, 0.0898785204641295, -0.00868028638576582, 0.008867516849383097, 0.011376234814222683]]	[[0.07282852094212203, -0.5708605666656673, 0.25711675571390646, 1.209076780919858, -2.89960299267961, 0.00019653354668888279]]
[[-0.7074668457286226, -0.14702453901160867, 0.09775808745442752, -0.008735654418257232, 0.007820387689204022, 0.011794712591000215]]	[[0.07284661290623964, -0.5708708057110298, 0.25709061085611623, 1.2090765498402096, -2.89960276266798, 0.00021562845315931944]]
[[-0.7289146194880205, -0.14616302713881063, 0.08337110115739992, -0.007465062993370422, 0.0063342539950106925, 0.011483158113030899]]	[[0.0728472122647342, -0.5708689501465565, 0.2570862321164421, -1.209077569279611, 2.899605147701526, -0.00027202492279516775]]
[[-0.7494526283817045, -0.1882993627927521, 0.0791554437325854, -0.006495489119285674, 0.005579795840685858, 0.011333308405343401]]	[[0.07284791899331418, -0.5708741723803415, 0.25704777714777627, 1.2090933216278745, -2.8995943299047156, 0.0002894719544868598]]
[[-0.7667276476252052, -0.2435649503044487, 0.06880358387200561, -0.004898922101116078, 0.005276482499679988, 0.011753391458318642]]	[[0.07283690264035692, -0.5708794334639179, 0.25701798187752145, -1.2090775137025824, 2.8996052521657876, -0.00029028917947912687]]
[[-0.7119796167512578, -0.30530601833486437, 0.04408619716265039, -0.0036095050087591968, 0.003548635006828321, 0.011153062129003211]]	[[0.0728272154031314, -0.5708767148060755, 0.2569937570526929, 1.2090237446571706, -2.8996240685024497, 0.000269553936825208]]
[[-0.7133482544003672, -0.3536396117333136, 0.015254738403107135, -0.002173982700184695, 0.00394747976118528, 0.01085426534303096]]	[[0.0728374381662733, -0.5708617484413022, 0.25697440576549646, -1.2090596589161164, 2.899610714886184, -0.0002139435808688613]]
[[-0.7150739476893688, -0.4043263909069236, 0.0027737180438159037, -0.0021008241656670142, 0.004911205720405032, 0.01130744187479445]]	[[0.07283331125136755, -0.5708628701222613, 0.25691494382371255, -1.2090667813502871, 2.8995794172013576, -0.0001392433322887063]]
[[-0.7058658345408784, -0.41117113209829903, -0.014241222624077865, -0.0025903678779553626, 0.005597416376743635, 0.011766847375699723]]	[[0.0728231735347979, -0.5708815317192398, 0.25692862345693224, -1.2089553378974471, 2.8996548580030486, -0.000251290363874768]]
[[-0.6625803783314239, -0.41182481330564824, -0.02383313359340653, -0.003536850532292951, 0.005926295782631387, 0.01172359372791223]]	[[0.07285426072066967, -0.5708684768040693, 0.25690439613764193, -1.2090944790912248, 2.8995970886924254, -0.00026954581895385785]]
[[-0.6278815409006182, -0.3665800426795718, -0.03422881424782204, -0.0034813993008840707, 0.006780017374467343, 0.011353877514273341]]	[[0.07280851482939968, -0.5708613860981516, 0.2568277883212722, -1.2090407044288332, 2.8996140647969413, -4.4232922426088914e-05]]
[[-0.534771217293993, -0.2972194126947061, -0.06715433705332727, -0.003189354813734879, 0.007528498684185623, 0.011586041997446691]]	[[0.07281147165432668, -0.5708691982264179, 0.2568361719282818, -1.2089546494666448, 2.899652945760231, -0.0001759865698709744]]
[[-0.51278071292546, -0.25758872103157465, -0.06007678478269258, -0.0038192798269316747, 0.00969445881449762, 0.011505246964079924]]	[[0.07280046491645856, -0.5708656437803595, 0.25679504067479797, 1.2090039603256952, -2.8996251266868183, 6.17099707227669e-05]]
[[-0.4597143769948336, -0.2169326474777546, -0.05501076297318358, -0.004810020602811662, 0.01197791313977421, 0.011371838841832769]]	[[0.07281456328693757, -0.5708617675830794, 0.25677333335273145, 1.209077574188968, -2.8996070402095646, 8.114866584354636e-05]]
[[-0.42100636904487176, -0.20312445773105736, -0.04616083609407092, -0.007063264943995449, 0.014025298088347748, 0.011827149995694395]]	[[0.07281805987568858, -0.5708588102301194, 0.2567421976941801, 1.2090515429269404, -2.8995931135980446, 4.1263462661153944e-05]]
[[-0.41051321868261587, -0.15540172684044984, -0.03311337411122914, -0.009620828614994232, 0.015186224138984366, 0.012285724805006108]]	[[0.07281600313974115, -0.5708586506597, 0.2567244731772593, -1.2090006189450067, 2.8996172034895666, -6.268714398949815e-05]]
[[-0.3517753866645718, -0.06853353806153165, -0.025770661446230504, -0.010870045464540005, 0.015050684763705609, 0.011897380845297496]]	[[0.0727991793501934, -0.570855297787131, 0.25667248940558285, -1.2089355981724088, 2.899655779182434, 1.2807965651390545e-05]]
[[-0.30202242630219917, -0.02062126941414713, -0.013284059369935628, -0.011851275830063231, 0.015480441680829656, 0.012257402084816689]]	[[0.07282211714876141, -0.5708594576997761, 0.25666560070623556, -1.209039223828843, 2.8996125636754932, 1.2620167109107557e-05]]
[[-0.3249198583189674, -0.04530341075289826, 0.009810281831471604, -0.013260237126190993, 0.017364443676955138, 0.012510101597835976]]	[[0.07281516009331802, -0.5708598190846367, 0.25665300304776134, -1.2090052760894854, 2.899628339783579, -6.31811676509974e-05]]
[[-0.29860051773401747, -0.05392621930608142, 0.02112838408548751, -0.01314738196962717, 0.017510805992403317, 0.012020725069814728]]	[[0.07280162115496124, -0.5708514443947492, 0.25660492883746167, -1.2089558912604927, 2.899607294899141, 2.9704281741411053e-05]]
[[-0.2671873916931116, -0.09147435449027277, 0.02492827951142793, -0.013422367492042108, 0.016737429647049242, 0.011260632761308646]]	[[0.07281928837268814, -0.570867298753407, 0.2566023115155699, -1.2089837153978458, 2.8996236466462526, -6.299819989761071e-05]]
[[-0.27227620211061415, -0.10815724023789189, 0.02554248407694128, -0.012833628938399552, 0.016444949507308685, 0.01057613114953485]]	[[0.07281370446326219, -0.570859285138111, 0.256537302594946, -1.2090611033445893, 2.8996144297249917, 6.888787958376918e-05]]
[[-0.2792284524213974, -0.12325861844172899, 0.02815258423466103, -0.012098256776533384, 0.01520330865821919, 0.01063058108433488]]	[[0.07281862663274913, -0.5708533361045528, 0.2565197760331107, -1.2090783949791766, 2.8996071006789093, 6.935048019646757e-05]]
[[-0.31979878853543225, -0.167018168776145, 0.056104927586846265, -0.011221936311589374, 0.014321396721757626, 0.011032206804833163]]	[[0.07282643470361051, -0.5708474764233289, 0.25648772466395053, -1.2090864613466905, 2.8995759477665746, 0.00012515210858315517]]
[[-0.3478399415317646, -0.20580835588448948, 0.06394860863515908, -0.009983535276417514, 0.013172485873463629, 0.011260016758246146]]	[[0.07283326153052883, -0.5708432642369292, 0.2564566136544589, -1.2091679079883981, 2.899528045557669, 0.00016279177925173727]]
[[-0.3989904749168597, -0.2759473389416394, 0.08841264394522746, -0.009255278642914219, 0.01201415820346376, 0.011308141651407703]]	[[0.07281140679982712, -0.5708496494607673, 0.25643353069376995, -1.2090031933022285, 2.8996233873120687, 0.00014468903751420478]]
[[-0.4488847789432739, -0.29567412556565975, 0.11197363465762003, -0.00811367446117523, 0.010601372929230087, 0.011207246206162834]]	[[0.07283638387908983, -0.5708394554914763, 0.256381671403265, -1.209106430251752, 2.8995771000923276, 0.0002765251901245696]]
[[-0.4968164504014561, -0.33903131439642376, 0.12629138334089537, -0.008170008580189092, 0.009363446086529427, 0.010766287810756026]]	[[0.07283675910611788, -0.5708404162669086, 0.25636439738846534, -1.2091065643889543, 2.899577423845735, 0.0002556530845676191]]
[[-0.5746589061579319, -0.37016621941221106, 0.14928540561366266, -0.007839451173662892, 0.008966019010014273, 0.011336141681262363]]	[[0.07281933517870093, -0.5708319631782609, 0.2563148273218568, -1.209053741168693, 2.89959658427216, 0.0003704574848165142]]
[[-0.6181458126237943, -0.41607039469352985, 0.17723130509359653, -0.008285322558582046, 0.0076094882464898, 0.01172436551051172]]	[[0.07282702630039783, -0.5708264971986667, 0.2562988452635141, -1.2090970434935187, 2.8995525329775287, 0.00034971509599972955]]
[[-0.6667429678151697, -0.3947702727180553, 0.19425669968510317, -0.008047026389049495, 0.006413401653950859, 0.012350206888137507]]	[[0.07282456370538834, -0.5708389822889889, 0.2562553226563424, -1.2090441667979197, 2.899574004084802, 0.00036711130593216013]]
[[-0.7006354467429043, -0.4228243389983636, 0.21804998527205216, -0.008838073056964723, 0.005893798448061644, 0.011986323670285992]]	[[0.07282643810131778, -0.5708317486952859, 0.25624229182063174, -1.2090373542170245, 2.8996039703054692, 0.0003290779619564159]]
[[-0.7990139336717706, -0.43478780845288867, 0.23856997046937758, -0.009811695956383986, 0.006750170589556335, 0.012812750451296191]]	[[0.07282477818617927, -0.5708274231205981, 0.25617822778535887, -1.2090693779177866, 2.899585590028203, 0.0005374562972486649]]
[[-0.8215151483725393, -0.41201464459503556, 0.24846598382162313, -0.01003256069727908, 0.00609292929074574, 0.012320753197764293]]	[[0.07281927689935468, -0.5708350664857391, 0.256176110899175, -1.209057607167317, 2.8996059694572316, 0.0004242912304479994]]
[[-0.8397946688714345, -0.403192494001241, 0.2622507233824098, -0.010843560352934867, 0.006267803652895563, 0.012279841023163773]]	[[0.07281271285224677, -0.5708270260605022, 0.2561293499695705, -1.2090076821316293, 2.8995856044557793, 0.0004967728648969825]]
[[-0.805340974740719, -0.3577360092264815, 0.264416349929079, -0.010785855758184772, 0.005490621085795409, 0.012158704980840944]]	[[0.07280513814393684, -0.5708203778228887, 0.25611481431245464, -1.209061082660155, 2.899615806943383, 0.00048029472859089517]]
[[-0.796157829814218, -0.3223931433866169, 0.2811016545656036, -0.011159226292105019, 0.006040368811222682, 0.011898461892716462]]	[[0.07281345348684176, -0.570819372159334, 0.25607976121789555, -1.2090742156699, 2.8995968173467674, 0.000498563583342459]]
[[-0.7548618489089897, -0.3044540566432279, 0.282028267071254, -0.012022781696884376, 0.006829762851317114, 0.011308843700193355]]	[[0.07282320940847087, -0.5708194586546814, 0.25605553960282745, -1.2090820419951334, 2.899567135410821, 0.0004957862048316394]]
[[-0.7112723604769344, -0.22480544977532826, 0.2841363938431497, -0.011871970192532607, 0.007302086148811088, 0.011075385389700761]]	[[0.0728239503644471, -0.5708160276649127, 0.25600472782464834, 1.209110257270291, -2.8995858191631836, -0.000552941695246751]]
[[-0.6084540983350348, -0.16817314357281657, 0.28892671279181953, -0.012651818515506204, 0.006974558953558237, 0.01147656636944486]]	[[0.07281731152169549, -0.5708227099956048, 0.25600541139204464, -1.2091336168887703, 2.899544966505553, 0.0005134576358141209]]
[[-0.594208575812209, -0.0686383005540338, 0.30415344622952717, -0.012668556050059654, 0.008144866638350018, 0.01192142379984737]]	[[0.07280069051535265, -0.570827408543606, 0.255972187010444, -1.2090431946235254, 2.8996218206175897, 0.0005121682143388065]]
[[-0.5697113368923967, -0.01326475502266622, 0.3319906495951773, -0.014710237586451088, 0.00840942575649976, 0.012216916050047568]]	[[0.07278493193468427, -0.5708198770001032, 0.2559461273766246, -1.2090224906255496, 2.8996186218679822, 0.0004559495672861787]]
[[-0.5296495650610882, 0.03974636797555506, 0.3434732199495483, -0.016520815704496247, 0.008574224446224438, 0.011445373060003405]]	[[0.0727946400172535, -0.5708178549060675, 0.2559261097144571, 1.2090181889697875, -2.899610023064419, -0.00047652745584958456]]
[[-0.52199239491261, 0.1080111564694029, 0.3524627180813283, -0.016660400911635516, 0.00979066537671186, 0.011662740960041438]]	[[0.07279687845306106, -0.5708203851269987, 0.2559105831340437, 1.2090741793928996, -2.8995984210358756, -0.000419849890467722]]
[[-0.5058036645669766, 0.13889847247423498, 0.3545509703731671, -0.017700328370746116, 0.0107030940177003, 0.012615842304488006]]	[[0.0727911339750706, -0.5708206421849376, 0.255900140652402, -1.2090266070476445, 2.8996303089228035, 0.00037814457596353204]]
[[-0.4284269931372396, 0.19713988494910922, 0.38127869361800737, -0.017766008817117717, 0.009799914039824557, 0.011685980286158346]]	[[0.07278730725006925, -0.5708294502334518, 0.25585902454205517, -1.2089228879484142, 2.899673739973053, 0.0003783223096801444]]
[[-0.3573714692942127, 0.21127108497884967, 0.36744290050640116, -0.01867420363539528, 0.008653354390918307, 0.011537764684983973]]	[[0.07279871967944873, -0.5708216932773551, 0.2558456833388514, 1.209043255803189, -2.899621520511886, -0.0002824001284901312]]
[[-0.36741684764924976, 0.20864083609576606, 0.38375968928133347, -0.019267671077627273, 0.009222905654034717, 0.01190261837569891]]	[[0.07280793292064455, -0.5708205502464818, 0.2558133682549074, -1.2090866992552087, 2.8995800381141263, 0.00037612448661555897]]
[[-0.368945016924761, 0.15257185403712775, 0.38695592128411943, -0.02053460892556492, 0.009392942047891553, 0.011926762806026205]]	[[0.07281771417304413, -0.5708179033501001, 0.25578204424687634, 1.2090746474004654, -2.8995975554265487, -0.0003596449966638564]]
[[-0.41792216383605035, 0.16355091933320753, 0.3845335681013733, -0.019149016976917184, 0.010673919082617344, 0.011734517073093732]]	[[0.07280585575690013, -0.570824959501101, 0.25577717214076257, 1.209055645356941, -2.8996025608195306, -0.00022760666722519766]]
[[-0.3636780364519488, 0.14330019799879745, 0.3571465437629222, -0.01785553480969275, 0.009271361365165449, 0.01094077180477664]]	[[0.0728038819068559, -0.5708285305620884, 0.2557552656838906, -1.2090189860141856, 2.899612223721986, 0.0001872720538684484]]
[[-0.4169949484833859, 0.1255239599949822, 0.3339504830451084, -0.015662568461160535, 0.009555412230192926, 0.010963750121257727]]	[[0.07280064332899314, -0.5708265716616402, 0.25574028084908906, 1.2090078469888585, -2.899633903328639, -0.00015117685915331473]]
[[-0.4915951252972913, 0.03517840029546554, 0.321315384854736, -0.014784764915580168, 0.010179752716176355, 0.011590436029152267]]	[[0.07281652292849802, -0.5708232993358243, 0.2557194592676032, -1.2090721103891178, 2.8995915237120404, 0.00011342973260191418]]
[[-0.49995379912317, -0.04412427221410167, 0.31163035457618093, -0.013741579576806884, 0.0088495876617143, 0.010816873638743434]]	[[0.07280225469507484, -0.5708204692175034, 0.255686401854898, -1.2090837299037438, 2.899572664678658, 0.00013064386840594736]]
[[-0.5520059575338666, -0.1251057855052123, 0.2951638395836908, -0.0124447693432109, 0.008049941067231269, 0.011429048864868686]]	[[0.07281546200111569, -0.5708236653606686, 0.25568802238668237, -1.2090432014342805, 2.8996192627155257, -1.7806421755317216e-05]]
[[-0.6315806539561732, -0.20838605956921522, 0.2791774507693448, -0.010689265548546888, 0.008215341214725667, 0.011394950292779635]]	[[0.07280098782996372, -0.5708359727158748, 0.25565864850208603, -1.2089814113912916, 2.8996193795343563, -5.520389138569178e-05]]
[[-0.6530769636618349, -0.275840412208736, 0.26179785447287285, -0.008676109430779679, 0.007737562403460283, 0.01101125422629381]]	[[0.07280369999380355, -0.5708345277244756, 0.25561495280790847, 1.2090420040556684, -2.899618677823602, -7.862258942086611e-05]]
[[-0.606999178285883, -0.3319647329627909, 0.22426418410199497, -0.006930802686340128, 0.006230958483273444, 0.01007553853978942]]	[[0.0728453618176191, -0.5708238799205408, 0.25562152498164964, -1.2091602452082013, 2.899557607123182, -3.6131691094503995e-05]]
[[-0.6492320070993545, -0.3854150432290943, 0.19022760735333566, -0.005032424231033008, 0.0069020232533703735, 0.01078736302684892]]	[[0.07281455372154318, -0.5708307202743409, 0.2555583010078174, -1.209062624810586, 2.8995691214783905, 7.646370127575607e-05]]
[[-0.6518551600955258, -0.4193366580150154, 0.1707792656045369, -0.0037577632962587813, 0.006502343795666408, 0.010609757975430376]]	[[0.07283055982185496, -0.5708277848590717, 0.2555645875322539, -1.2090713321785784, 2.8995413609368406, 1.0147226237070258e-06]]
[[-0.6848916855916946, -0.47072337139857345, 0.15432813296301087, -0.003719380383371032, 0.007818638178767915, 0.010990320241065499]]	[[0.07280581157281307, -0.5708262623272888, 0.2555550076476568, -1.209011067236321, 2.899593072153608, -3.5081171396224164e-05]]
[[-0.6672847656854733, -0.5068726146608569, 0.14059895521678437, -0.0038783359874404746, 0.008036035597845385, 0.010913484166792583]]	[[0.07281204079871334, -0.5708211250213704, 0.25550431915402605, 1.2090910233378402, -2.8995860029996674, -8.164707843611187e-05]]
[[-0.6400589400549647, -0.500484886547304, 0.12968972738936355, -0.004427408242409973, 0.008197136965775469, 0.010821508558646687]]	[[0.07282046935307812, -0.5708177390914986, 0.2554908719377189, -1.2091123391349134, 2.8995884748627967, 2.2940904378506966e-05]]
[[-0.6311950841336706, -0.5199456740505073, 0.13261276303528513, -0.005636843963430427, 0.010159719743699768, 0.011130655005934274]]	[[0.07279806416638705, -0.5708191966442722, 0.25547181125501495, 1.209042455294888, -2.8996193658148655, -8.19511962860092e-05]]
[[-0.6030554225482883, -0.5142489684516955, 0.14449396565891443, -0.006673505503978275, 0.012226563199465884, 0.01112650665519587]]	[[0.07279991165400669, -0.5708137966836782, 0.2554385084770088, -1.209031725521664, 2.899593749323081, 9.838806297698264e-05]]
[[-0.5679909216922551, -0.47171819405999443, 0.14277896689483077, -0.008273132394739839, 0.012861977926666646, 0.01126174817354306]]	[[0.07279723414667143, -0.5708101575124214, 0.2554062712698997, -1.2089848541116934, 2.899625263588718, 0.0001560164416304541]]
[[-0.5898804418061597, -0.4096305229246666, 0.161191730486849, -0.010008074831108285, 0.013799957330121848, 0.01113739572126839]]	[[0.07280485263900519, -0.5708134348662164, 0.25538737764364544, -1.2089783075244926, 2.8995633193834816, 0.00013200289265097938]]
[[-0.5649419823474945, -0.3099405179867699, 0.15938667386260658, -0.011983743273134787, 0.014005552740448922, 0.01135972593053565]]	[[0.07278501621794757, -0.5708086750328321, 0.2553497471045027, -1.209009452602173, 2.899587112097481, 0.00021077938175085065]]
[[-0.576535622115168, -0.25435225862865884, 0.16810596078040632, -0.014344234344596734, 0.014600218124909376, 0.011400688199548873]]	[[0.07280550814063626, -0.5707932852500788, 0.255346403113479, -1.2090709799093373, 2.8995881718202265, 0.00019249310143668575]]
[[-0.5743610429048344, -0.19660916537871317, 0.15261244776825286, -0.015315223869655226, 0.015451523276628047, 0.010901827885930379]]	[[0.07280919275359742, -0.5708133528425564, 0.2553142704759595, 1.2090398805745404, -2.899611277753281, -0.00021335296040603667]]
[[-0.4993111300375328, -0.1823696311795622, 0.1356766462869664, -0.016951383068370518, 0.014873932012728191, 0.011329310962702491]]	[[0.07280209956797026, -0.5708004783005832, 0.25528684869840185, -1.2090655409218403, 2.8995754907427247, 0.0002469461907415305]]
[[-0.5088827983610409, -0.16999861180278364, 0.1320859961979285, -0.01749453834796857, 0.015866011587073268, 0.011670271673733227]]	[[0.07280448922726777, -0.5707904605664029, 0.25526937619441764, -1.2090361416104596, 2.8996019001969056, 0.00020978460771461428]]
[[-0.467700540968644, -0.13959354385302747, 0.13325726169326613, -0.017139363766486164, 0.015095862051241206, 0.011280646093423677]]	[[0.07279829625277796, -0.5707971328039229, 0.25520833125703146, -1.2090219535579694, 2.899618690674355, 0.0002877814377184609]]
[[-0.4316126646169187, -0.10285028647130293, 0.13081827925138934, -0.016723710799868608, 0.013874151133717847, 0.01025821502369043]]	[[0.07280410659485478, -0.5707995331589122, 0.25522654727130756, 1.2090399120946664, -2.899610932790827, -0.00017561574040285955]]
[[-0.43769658342827, -0.10604743328400729, 0.13897694627413176, -0.01685465141382007, 0.013741515135070539, 0.010457592607061372]]	[[0.07280765114808446, -0.5707988371577853, 0.25520102004592876, -1.2090886213684553, 2.899580088749228, 0.00019170703329619696]]
[[-0.4053251632662685, -0.10902172348289513, 0.1423008123431445, -0.016711394660307518, 0.012284308934469485, 0.00939304173005127]]	[[0.07279871254147958, -0.5707981329024665, 0.2551544447710223, -1.2090567446716052, 2.8996048097958833, 0.0002472481531055091]]
[[-0.41489711579399535, -0.08148109930018016, 0.1402897632392755, -0.015162517656290463, 0.011512056025183964, 0.009349318514444201]]	[[0.07279082201894756, -0.5707960815914384, 0.2551234989481014, -1.2090391055809258, 2.8996111412254546, 0.0002852318427145131]]
[[-0.42075682798127295, -0.1067032897942432, 0.1564802464730537, -0.014247248209263094, 0.01094783789008332, 0.009470023525397888]]	[[0.0728102248586102, -0.5707899847010315, 0.25508303413119365, -1.2091258348559315, 2.8995738843511916, 0.000324055380302643]]
[[-0.44636016295235753, -0.16599902288428295, 0.15989298827027448, -0.013023561520263823, 0.010809526930678864, 0.00930071736140109]]	[[0.0728102306690536, -0.5707899867038271, 0.25507363720856635, -1.209073973690022, 2.8995954773311277, 0.0003234918525929071]]
[[-0.47541536692591235, -0.18853776325267987, 0.16335473866730446, -0.011752147834442827, 0.010293610839829683, 0.009731522425812128]]	[[0.07279190104079915, -0.5707955544356044, 0.2550185993844139, -1.208998770587572, 2.8996119788844137, 0.0003972473763782883]]
[[-0.5563643840564396, -0.22220119424762172, 0.15661378679234303, -0.011688156296136343, 0.010018855914595762, 0.01034976281746957]]	[[0.07279471828957682, -0.5707804379162569, 0.2550138168671524, -1.20904593775043, 2.8995788076943123, 0.00039687480248098604]]
[[-0.6062236879262746, -0.29016265295085136, 0.1717523640856627, -0.012917572956945659, 0.009218966925765258, 0.010578161638653239]]	[[0.07280260774396574, -0.5707783231208963, 0.25498678381006773, -1.209093492059287, 2.8995450567045453, 0.0004348896052906054]]
[[-0.6042099161388953, -0.27617094506493334, 0.1846478805117281, -0.011799481044474557, 0.007619902247300333, 0.010362376733160424]]	[[0.07279312590756026, -0.5707830922622419, 0.25493850991071487, -1.2091062285800653, 2.8995774995854493, 0.0004919866296937974]]
[[-0.6402818032144262, -0.29085683300598264, 0.19235435697334471, -0.01102543363587102, 0.00680909576440864, 0.010458148463605]]	[[0.07280605465604384, -0.5707943451644191, 0.2549534287125346, -1.2090691027222267, 2.899584020627481, 0.0003210586616862893]]
[[-0.6784541366066668, -0.30870792913220346, 0.2000539579350377, -0.01081895519788222, 0.0060154470120375135, 0.010333093940069787]]	[[0.07280006305035114, -0.5707885097707868, 0.2548918226383018, 1.209042688860853, -2.899617772967072, -0.0004555116682058594]]
[[-0.6546716556169612, -0.3261308182143725, 0.19591601362766053, -0.010464163092643232, 0.004405222308650631, 0.009846842833718299]]	[[0.07279406853666102, -0.5707821419129168, 0.25486574591563926, -1.209084050684662, 2.8995730753843647, 0.0005083735140792084]]
[[-0.6295281635744686, -0.3155906143817959, 0.21054987391990354, -0.009353669754332128, 0.003244844054166813, 0.009614685923674447]]	[[0.0728233423513605, -0.5707866274900469, 0.2548801958576877, -1.209125623033848, 2.8995733772814636, 0.00030313459359281324]]
[[-0.6856328987252602, -0.3302072089844238, 0.2215178525371147, -0.009585774367588337, 0.0035427537746133488, 0.009595492016097629]]	[[0.0727989517393687, -0.5707820363628879, 0.2548273563910961, -1.2090770787523604, 2.899602857145767, 0.00045384159272667256]]
[[-0.7048258905770938, -0.33193881367480593, 0.24575631302011636, -0.01009021510602815, 0.0035147205068856275, 0.009979313410604158]]	[[0.07280656550745754, -0.5707695743167045, 0.2548023349998392, -1.2090757811832764, 2.899551101960981, 0.000450562058991997]]
[[-0.657067499681823, -0.3222232389114863, 0.25797657851269334, -0.01076004883344117, 0.002534046263885591, 0.009043295851669842]]	[[0.07278766447268385, -0.5707838980964857, 0.25477477667772064, -1.2089979341303445, 2.899609804210848, 0.00045098800014180637]]
[[-0.7243209478060166, -0.3270390849598759, 0.30065027255584936, -0.011904697751568622, 0.004046248757035458, 0.009720377878470078]]	[[0.07281487395121772, -0.5707796151648966, 0.25475584759234937, -1.209102290905397, 2.899566185960154, 0.00045126419612955834]]
[[-0.7019859835187963, -0.2954791262842702, 0.28804573562127045, -0.012574358555585124, 0.0042479829220508055, 0.009484754532084711]]	[[0.07276996402659326, -0.5707779875510962, 0.25473477193323263, -1.2089513866985024, 2.899641902458706, 0.0004506646768894173]]
[[-0.6646523868717015, -0.255901360169155, 0.3086777439447141, -0.012800765939231313, 0.00551198026108351, 0.009836106145654777]]	[[0.07278097929717933, -0.5707794245129296, 0.2547179253307244, 1.2090030003753314, -2.8996214642850555, -0.00041537908656603137]]
[[-0.6562124902047136, -0.23297364947783056, 0.3275179326557014, -0.013653149972975724, 0.008108920332944665, 0.010056184319690823]]	[[0.07279189024825429, -0.5707691075093744, 0.2546569452281725, -1.2090740394928765, 2.8995489950229523, 0.000542038696436811]]
[[-0.6025380781746381, -0.14962386856808654, 0.31507755507167984, -0.014026032086760133, 0.008795716790693001, 0.009902368674478237]]	[[0.0727810037932988, -0.5707726139332762, 0.25466298457733844, -1.2090765076043026, 2.8996031199290697, 0.00041234132070377223]]
[[-0.5452108001633725, -0.10844909350730447, 0.318170150485299, -0.015985929679171913, 0.009218294991172455, 0.010248188748898674]]	[[0.0727844229821851, -0.5707714611185627, 0.2546203924011594, -1.209027378643534, 2.8995829196162743, 0.0004649864942982395]]
[[-0.49613798216429206, -0.045095707688350306, 0.32112534812808124, -0.017329885044611002, 0.009890223601919556, 0.011024781570527302]]	[[0.07277758742581987, -0.5707825049926821, 0.25462285388535266, -1.2090592173641506, 2.899610561946594, 0.00039389747489241216]]
[[-0.4468236776457596, 0.014424484662001219, 0.3221642687586922, -0.017971872707674186, 0.010161510489827472, 0.010755641780048368]]	[[0.0728158464491478, -0.570781965402608, 0.25456972997332794, -1.2091199129642123, 2.899557984263471, 0.0004460686336904194]]
[[-0.39739820417306604, 0.06454510286364212, 0.31721855006355165, -0.018441884311129742, 0.010416827648266073, 0.010996790282188935]]	[[0.07277623765110348, -0.5707787664092622, 0.2545703407535151, -1.2089737553191522, 2.899646795144617, 0.00035467424665460833]]
[[-0.3924633856428331, 0.061008026682060734, 0.3343110752732762, -0.019294383538613482, 0.011084694085102941, 0.011045140966647242]]	[[0.0728069033292669, -0.5707769257805952, 0.2545380976129318, -1.2091201743465205, 2.8995602422155673, 0.00033208205012053856]]
[[-0.3813239087054323, 0.061373345383537586, 0.3411578619945507, -0.019885293235816216, 0.011843104841836356, 0.010879538780895467]]	[[0.07279712584578994, -0.5707793179713064, 0.2545212385247856, -1.2090193177893622, 2.8995638050746617, 0.0002931249615661243]]
[[-0.39410363961465966, 0.03934932399051194, 0.3456156928191122, -0.02083957008593902, 0.011634444186257779, 0.010838235712260167]]	[[0.07279993980971171, -0.5707806162138693, 0.2545024854210832, -1.2090916127042453, 2.899586994457089, 0.00023837129642345487]]
[[-0.4519546992007234, 0.01871098879868957, 0.3436268598209793, -0.02127118401663474, 0.012342391927513133, 0.011593107714417728]]	[[0.07278281773670003, -0.5707858758154739, 0.2544645293250637, -1.2090292376993117, 2.8995856249610994, 0.0002752674254635044]]
[[-0.5526251965992552, -0.04566851978637493, 0.3805806171309088, -0.021799613008356047, 0.013912990745579135, 0.011820849195308777]]	[[0.07280431541947657, -0.5707853694154676, 0.25445771762646135, -1.2090641006867795, 2.8995719352470046, 0.00023633965250292275]]
[[-0.5705129033940894, -0.06503755335875516, 0.38487408120473865, -0.021171006292365693, 0.012955048382007204, 0.011717470233469458]]	[[0.07279187703438529, -0.5707787962943345, 0.254435251452372, -1.209073382005012, 2.8995938486001807, 0.00025557126088169207]]
[[-0.6067305865712913, -0.09309835447895903, 0.375007373200396, -0.02078195470464863, 0.011768596349465917, 0.011620208998249658]]	[[0.072821160314748, -0.5707956450885611, 0.25443461362586955, -1.2091565989016697, 2.899550530176431, 6.583132645747845e-05]]
[[-0.6272846972715609, -0.12509097663282814, 0.38192229712390724, -0.02002614821988003, 0.010656164335623445, 0.012173084375321368]]	[[0.07281213933876508, -0.5707959114196086, 0.25440738275124314, -1.2090696357072752, 2.8995349038972704, 4.5246428149771584e-05]]
[[-0.6716625882100002, -0.18836279547193296, 0.366232627474868, -0.019266014302910084, 0.010459437216510107, 0.012951755957968209]]	[[0.07282175128327036, -0.5707935925777505, 0.25438543018335746, -1.2091001678353541, 2.899561155193679, 3.0173269668706362e-05]]
[[-0.7163793988996867, -0.2639331100111196, 0.3550895038038628, -0.019026568465028256, 0.009646512933245543, 0.012876191359927704]]	[[0.07283193045216446, -0.5708052054663807, 0.254375049497882, -1.2091408869498161, 2.899559706478026, -6.434802891074123e-05]]
[[-0.7363004331861704, -0.259542965042115, 0.33481920661915554, -0.016853353126698528, 0.008215489698411078, 0.012561557237271792]]	[[0.07281868624385707, -0.5708079193965215, 0.2543589513814175, -1.2091061229682185, 2.8995737058385576, -4.563699223330801e-05]]
[[-0.7791029515352965, -0.29195097848988294, 0.3037430498093377, -0.01584365945809428, 0.007917449476788354, 0.01206041892638846]]	[[0.07280282565322707, -0.5708111309729322, 0.254298629960406, -1.2090100214056883, 2.8996370772085127, -7.256892814432349e-06]]
[[-0.7878145434560287, -0.33369284224695084, 0.28639971539416736, -0.01477579710223659, 0.006838924957673274, 0.011348373417951441]]	[[0.07280354632727283, -0.570802688417392, 0.2542942531387316, -1.2090825806219612, 2.899569701792124, -4.471281439307937e-05]]
[[-0.8422310280317433, -0.3795396673459957, 0.2761997906233053, -0.013681619205697212, 0.007684089577965217, 0.011428211517591892]]	[[0.07280544891300499, -0.5708077226161475, 0.2542830099028019, -1.2090663934223593, 2.899577662097034, -0.00010095439377708675]]
[[-0.8137491698267854, -0.44615744789867035, 0.2543221417442399, -0.012728926960476885, 0.008003355224978675, 0.011372810377864149]]	[[0.07280258724136073, -0.5708260275985968, 0.25426275268305887, -1.20904080982692, 2.8996158480659244, -0.00015517826471383742]]
[[-0.7789812866545212, -0.4515534161839493, 0.21169168981981246, -0.009985384511434747, 0.008192497621930377, 0.011237210206816306]]	[[0.07283540990465819, -0.5708176550528932, 0.2542465587040833, -1.209179922455657, 2.899558151204968, -0.00017371147854477055]]
[[-0.7549272237367957, -0.5033045962535686, 0.2038439919889662, -0.008907355041333893, 0.008654182352681292, 0.011617754519307553]]	[[0.072801162635931, -0.570818758401869, 0.25421615490247795, -1.2090187330965085, 2.8996114688693138, -0.0001374727327046851]]
[[-0.727553707020481, -0.5507270982824959, 0.1920614980849145, -0.009085829341361698, 0.008860022114961737, 0.011074643268325617]]	[[0.07281366622891723, -0.570809793951555, 0.25417198483896236, -1.2090656480073727, 2.8995760943129536, -4.230950582784665e-05]]
[[-0.681602503522891, -0.5763117989360058, 0.17879301084890212, -0.010136911715384759, 0.009398428183650897, 0.011635105091254186]]	[[0.07282075965221375, -0.5708131662531767, 0.254150338195703, -1.2090879692084353, 2.899580971450729, -8.031422046050045e-05]]
[[-0.6449143519193672, -0.536953803095073, 0.17425931855204432, -0.009489252765914514, 0.010211536349563288, 0.011441032860749196]]	[[0.07282718767607878, -0.5708213991641609, 0.25415975643657596, 1.20910802716379, -2.899580330276223, 0.00017061654590353246]]
[[-0.5882152577688997, -0.5490936990638455, 0.16387455425903175, -0.011182225068631957, 0.010968076501927767, 0.01243851601811019]]	[[0.07279814578054318, -0.5708207860122367, 0.25412053146163904, 1.2090569794516728, -2.899603893777251, 7.83594244678262e-05]]
[[-0.5343001268095386, -0.4939493456979444, 0.14628578893432032, -0.0115743866447918, 0.011538825513762032, 0.012022600265929146]]	[[0.07280560138440662, -0.5708216332693873, 0.25409571354921845, 1.2090390339965669, -2.8996115204283064, 7.752382032354913e-05]]
[[-0.5017650129617464, -0.46840078383547484, 0.13610701759333352, -0.012650060454081426, 0.012787289968562968, 0.012400022851597909]]	[[0.07280014515935675, -0.5708159299088905, 0.2540706461441643, -1.2090176594932487, 2.899609013747432, -4.178164954255323e-05]]
[[-0.4396171251112658, -0.37703235618144787, 0.11838391775867896, -0.012879834379205958, 0.012740876372573928, 0.012275979332457089]]	[[0.07279782196010078, -0.5708287906090136, 0.25405346512004084, -1.2090356421657358, 2.899601869298587, -5.984518152630522e-05]]
[[-0.36232492121007753, -0.28368406263606977, 0.0998282245317937, -0.013305339905023866, 0.01231566898537638, 0.012230787209313879]]	[[0.07281239348816676, -0.5708329314228315, 0.25405056031402956, -1.2090575928631595, 2.8996077684920296, -0.00015541962639876043]]
[[-0.3798736650423905, -0.2164090172460368, 0.10598659151708673, -0.013944812184932459, 0.014088494683870077, 0.01259519957251233]]	[[0.07278927479186141, -0.5708160459753765, 0.25398869714769984, 1.2090055694074544, -2.8996285650873554, -3.4833872196650376e-05]]
[[-0.32816129603483435, -0.17903985648610693, 0.11665773205324373, -0.015552791614911679, 0.013103543864746811, 0.012046773394076506]]	[[0.07282248080208727, -0.570810712446194, 0.25397030191736036, -1.20904283506885, 2.8995703462068168, 1.5502105877764328e-05]]
[[-0.34597662622809067, -0.163773448831129, 0.12558586886697554, -0.016988759343908595, 0.013617919975256907, 0.01238005051772987]]	[[0.07279600796103469, -0.5708217740016016, 0.25396707711238875, 1.2090299689733524, -2.899589670401381, 7.516306886599757e-05]]
[[-0.3980411204000915, -0.15865500517501196, 0.14075685723795922, -0.01742992515994474, 0.014443068206159582, 0.012291815307662058]]	[[0.07281296761078479, -0.5708111341094084, 0.2539219378856646, -1.209035200209429, 2.899600491394355, -2.3011428588954603e-05]]
[[-0.40678515831588197, -0.2237088225041634, 0.1419377601227839, -0.01855939701133839, 0.014516411844358161, 0.012157255642129484]]	[[0.07281077394562283, -0.5708087117058124, 0.25388480645310163, -1.2091079453301556, 2.8995803559350133, 8.998704663569187e-05]]
[[-0.3937313336788844, -0.2286162139940764, 0.14415462634094067, -0.017462476516358412, 0.013709564570955627, 0.011674285530843934]]	[[0.07278796328510932, -0.5708123866506578, 0.2538575854934042, 1.2090413716051716, -2.899615181067409, -7.26980326790598e-05]]
[[-0.43540307468637757, -0.31486425555583303, 0.1628540973298641, -0.017422509302105035, 0.013827843366656285, 0.011641181913820587]]	[[0.0728110602609749, -0.5708155570521589, 0.25384225989149817, -1.2090549145047504, 2.8995509421220116, 5.068330352048755e-05]]
[[-0.44080148108126505, -0.3567291764238845, 0.15833919373877922, -0.016233842566291685, 0.01313031233574485, 0.011534393552271538]]	[[0.07282390334956636, -0.5708212674296425, 0.25382392443530377, -1.209069142411057, 2.899585003416391, 1.5518635733506927e-05]]
[[-0.5061582224519998, -0.4191497048077574, 0.16691828189215913, -0.01546032742867677, 0.013136176974280956, 0.011394678795011834]]	[[0.07281224804629259, -0.5708091726183621, 0.25379681901230744, -1.2090684196280568, 2.8995830373942315, 0.00010880531130866092]]
[[-0.5982989211790931, -0.4707939039036357, 0.17940256323927833, -0.015335286979902048, 0.012802733767741551, 0.011737063497027468]]	[[0.07279732395479108, -0.57080460284499, 0.2537357794437135, -1.209027679350167, 2.899584620050053, 0.0001815034598774506]]
[[-0.6167102363537401, -0.48971556284029244, 0.16815848190005672, -0.014776332720351767, 0.010666202898155607, 0.011142285292552309]]	[[0.07280447104470283, -0.5708149386804394, 0.2537412668626089, -1.209059354504016, 2.8996119366495128, 0.00012884694238052564]]
[[-0.7001020359992156, -0.5172732479272871, 0.19323149881001914, -0.014702565077239268, 0.010312450843877009, 0.011164627350312676]]	[[0.07281451649613736, -0.5708029081227783, 0.2536830143060426, -1.2090763584410429, 2.899601999109966, 0.0002411234284707082]]
[[-0.7791578078870544, -0.4998910515249194, 0.20722480024637438, -0.013431607025169027, 0.00979137344793492, 0.011649748697630328]]	[[0.07281347229237312, -0.570815742423476, 0.25368217751323724, -1.2090724397289534, 2.8995928980755545, 0.00014486536403243686]]
[[-0.8247671687389008, -0.5248328895867775, 0.21384940995485766, -0.014006451019125853, 0.008456021254922114, 0.010817954441825891]]	[[0.07281343849252851, -0.5708087256414011, 0.25367274309352017, -1.2090283399179957, 2.899584436719524, 0.00016361636300213988]]
[[-0.8727407771583733, -0.5456559485637597, 0.23264112842499468, -0.014110435928184202, 0.00818525668971504, 0.01065594096600675]]	[[0.07280968005618796, -0.5708021545925811, 0.25361796449033747, -1.209067173427924, 2.8995800935759277, 0.0002207688882265683]]
[[-0.8913068129792743, -0.5488313224757552, 0.2580525119864821, -0.014287024564410979, 0.007095834019237829, 0.010334616520968393]]	[[0.07283179969982544, -0.5707971903190112, 0.25359783466539215, -1.209092152090946, 2.899542821129846, 0.00023811487043575157]]
[[-0.864830804445827, -0.5120764265091796, 0.27208599165433345, -0.01388099322726363, 0.005813266890293193, 0.010217342542423463]]	[[0.07282204564837304, -0.5708058661257545, 0.25357498838849835, -1.2090879717713237, 2.8995311676317272, 0.00025488941371088175]]
[[-0.9012883021321815, -0.5366447499475987, 0.29042431915304573, -0.015716740727840163, 0.005914957167991652, 0.010976286061202338]]	[[0.07280260458119689, -0.5708064083826948, 0.2535522322764826, -1.209087918498607, 2.8995832355530555, 0.0002561859887507422]]
[[-0.9292781474149867, -0.49767502665830204, 0.3138786927896148, -0.016169458129639804, 0.006357511961629429, 0.010985996820372766]]	[[0.07282225365596552, -0.570804358182341, 0.25351695127796126, -1.2091793974815954, 2.899557382401906, 0.00027607795567677443]]
[[-0.8834470538521794, -0.44683107491105745, 0.30283104982889125, -0.01677047142397801, 0.005851656242615433, 0.011294903300091304]]	[[0.07283006656846684, -0.570804768109038, 0.2535028805213142, -1.2090825224665231, 2.899520158524846, 0.0002541546870114713]]
[[-0.849230733550003, -0.3728973612105918, 0.30525692773392044, -0.016038714181759846, 0.0058793168425027185, 0.01147188836891288]]	[[0.07282058893822493, -0.5708065689593137, 0.25348940899578715, 1.209107529811398, -2.899579466810884, -0.00020133082831626017]]
[[-0.8404039244605144, -0.3399030878627874, 0.30158608185177604, -0.01631406775328484, 0.007158390720587106, 0.011695116176554315]]	[[0.07280788894893254, -0.5708005009639925, 0.2534694259532815, -1.209071844803412, 2.89959119390001, 0.00017999200256637208]]
[[-0.78221529373196, -0.30553756481637817, 0.29754538595740415, -0.016234743434257726, 0.007796098459697221, 0.010912659050489116]]	[[0.07279702919381627, -0.5708171216110633, 0.25343729338782, 1.2090074214185362, -2.8996335228981707, -0.00016270404132906285]]
[[-0.7379770676491146, -0.24090766016402407, 0.2912723620085503, -0.016167986301793294, 0.00830094230800374, 0.01125304501993947]]	[[0.07279877112437165, -0.5708061562671923, 0.25336361167735405, 1.2090563348831953, -2.899604776153372, -0.0003495250599228224]]
[[-0.7008897079877363, -0.19002472144999194, 0.2891639556050631, -0.01682388937563827, 0.009198883684655742, 0.011232149331988786]]	[[0.07279415352269436, -0.5708182947547101, 0.2534039340469839, -1.2090491625851925, 2.8995879224498866, 0.00015820411850396774]]
[[-0.6496406861851846, -0.13491370860033253, 0.2910058633290251, -0.017135402053710214, 0.010411420657132213, 0.011256491168214054]]	[[0.07281086977632605, -0.570805038127658, 0.2533452282963863, -1.2090661516828323, 2.899577947323419, 0.00027225865392252127]]
[[-0.586890426495974, -0.08561162285169793, 0.28601835409022913, -0.01766035161239717, 0.011513440633208218, 0.011264067027133824]]	[[0.07279892958144497, -0.5708153782805291, 0.25331378597505616, -1.209035368688796, 2.899603562712928, 0.00027240735504539457]]
[[-0.5721168611365168, -0.04875587212233817, 0.27798510397850756, -0.017848432904916327, 0.012951890696357436, 0.011745967532345592]]	[[0.07279356426239288, -0.5708146127923125, 0.25330716499855355, 1.20899861925207, -2.899612295056024, -0.00019734577568871403]]
[[-0.5145889705363222, -0.02460348757097705, 0.2721137802284132, -0.01875715873078156, 0.013567566880387781, 0.01071937379770595]]	[[0.07280684277175163, -0.5708139746866562, 0.25327615140158116, -1.2089620534726442, 2.8996223607181157, 0.00021235388111036938]]
[[-0.44903798739149003, 0.045893487988021814, 0.2669404781979441, -0.018411918472367686, 0.013733511054669374, 0.010625345603567348]]	[[0.07280928501925427, -0.5708168997434798, 0.2532784596520173, -1.2090444520035395, 2.899576731653286, 0.00011625667636805464]]
[[-0.42729534405413205, 0.0668547328192717, 0.27913974504312183, -0.01993832708293898, 0.013783032568543718, 0.010640445125855236]]	[[0.07278695985820623, -0.5708280407285035, 0.25324361317613736, 1.2089726170471082, -2.8996476593673792, -0.00010154851876040906]]
[[-0.47793846561880204, 0.0873530617436615, 0.2890111357185602, -0.020557895711784638, 0.015762008967771413, 0.011243593111717099]]	[[0.07280170103075036, -0.5708292339577277, 0.2532362876826728, 1.2090589968307166, -2.899609559577572, -6.752802013833451e-06]]
[[-0.48890937349039887, 0.11232834663409827, 0.30686612512587325, -0.02053613152296855, 0.015944670076703228, 0.011370835123945234]]	[[0.07281647784114807, -0.570823141232678, 0.2531725712967902, -1.2090712384496662, 2.899590529192304, 0.00015483923475842067]]
[[-0.507748803454477, 0.11565949464486805, 0.2985489335169209, -0.02078618167685239, 0.015576535736484523, 0.011414191629357827]]	[[0.07279749669009741, -0.5708336180255387, 0.25317136142605623, -1.2090243440537662, 2.899625950395894, 2.3705890362135193e-05]]
[[-0.5203175645106075, 0.09420858455729378, 0.2907484549856969, -0.02032294887995885, 0.014538488534616591, 0.011566732526059291]]	[[0.07282022898941597, -0.5708309967551091, 0.25315121418428194, 1.209079640039431, -2.899561675238569, 1.2431069099302327e-05]]
[[-0.5850035519098514, 0.0897720994467161, 0.2795580332672938, -0.018811024034504194, 0.014047683350026501, 0.011146035316403648]]	[[0.07280871892834177, -0.5708444180840712, 0.25311474400679623, -1.2089911931750614, 2.8996420317896416, -8.925543385991723e-05]]
[[-0.6223132173969257, 0.016777290847066972, 0.2874615970965609, -0.017581802275379678, 0.01314257724746962, 0.011250974864014496]]	[[0.0728339713867638, -0.5708348915179263, 0.25309688095995064, -1.2091120493429457, 2.899591145044882, -7.222978385232702e-05]]
[[-0.6326649617266253, -0.04865011254682189, 0.2749421292463194, -0.015748865516401166, 0.011663797045852069, 0.010854235196649065]]	[[0.07283235843896022, -0.5708428905716021, 0.25305750834698487, -1.209050512346366, 2.8995899627524446, -3.5490762721135464e-05]]
[[-0.6528266614139016, -0.128475848803225, 0.2620980991707017, -0.014294640052123036, 0.009926304394407875, 0.010307699364137021]]	[[0.07283357325680509, -0.5708440016870936, 0.2530701846740266, 1.209100190531655, -2.8995626132538597, 0.00018235380553476176]]
[[-0.6892146733616771, -0.20593847937166104, 0.2572526581339755, -0.013195358312342467, 0.008400147967487634, 0.010060979328015066]]	[[0.07282806081401974, -0.570850285371383, 0.25303576147741397, -1.2090345315624467, 2.899600265792147, -0.00020327982594846585]]
[[-0.7771621609220596, -0.27912120755948705, 0.2656555331694249, -0.012105015376760684, 0.008525440358558775, 0.010144579977279388]]	[[0.07281226972517996, -0.5708537151415886, 0.2530101808326772, -1.208956421694733, 2.899658105198313, -0.0001834207356916409]]
[[-0.7718860602321641, -0.35828111102687815, 0.24692936307561333, -0.011266788263898668, 0.006720463585830957, 0.009636561595572165]]	[[0.0728519883156482, -0.5708535006233688, 0.2530082727076268, -1.2090817836292205, 2.899567832817841, -0.00024089458594812315]]
[[-0.8007488334213726, -0.42447509761146185, 0.22971049588039416, -0.009880535206980035, 0.006872297562664225, 0.01006904841522332]]	[[0.07283738652332422, -0.570852574289357, 0.25296116446946015, -1.209030062511106, 2.89958784422, -0.00018232843834831413]]
[[-0.7707909419548957, -0.5113517446593722, 0.21883547375744228, -0.008768908948756473, 0.006700037762131298, 0.009371398005359159]]	[[0.07282581751615837, -0.5708543162500986, 0.2529406974841229, 1.2090402207593152, -2.8996138440802572, 0.0002174392287448263]]
[[-0.7759855340180114, -0.5383697356257228, 0.19501262099069738, -0.007282866185870714, 0.008219657358282761, 0.01014128358201327]]	[[0.07282233611566642, -0.5708647859481768, 0.2529183296569141, 1.2090217488847366, -2.8996203613657623, 0.00027415136555353686]]
[[-0.7525996883408564, -0.535909661942626, 0.16154796143151878, -0.006765987892651407, 0.008255507276234766, 0.01044458723851218]]	[[0.0728300086141854, -0.5708758209397081, 0.25289233242332126, 1.2090606223965068, -2.8995658675656, 0.00023389331776480358]]
[[-0.7317813682459376, -0.5013158680269539, 0.1323683878498249, -0.006328385097865777, 0.008325553433512, 0.010422876899982461]]	[[0.07282315990498689, -0.5708602166959892, 0.25287009833667506, -1.209107123900414, 2.8995819800722957, -0.00019858326826930334]]
[[-0.6920361395729975, -0.492878321228527, 0.1153846840531364, -0.007175674807363306, 0.008900291879089731, 0.010150966395068045]]	[[0.07282931659991503, -0.5708669750894017, 0.2528521202811157, 1.2090189348638434, -2.89960982826035, 0.00023499111002963494]]
[[-0.6771731590225546, -0.49354525376217373, 0.11786415959891397, -0.008148514025800692, 0.010035149430209396, 0.00956022966609396]]	[[0.0728182028460924, -0.5708626314440349, 0.25281226932254164, -1.2090507486896271, 2.8995910291152107, -0.0001428868295410073]]
[[-0.664385431073262, -0.4681225292886959, 0.0902689814660296, -0.009024712531484205, 0.011402215095424724, 0.010323619477565956]]	[[0.07280613488613975, -0.5708683825258676, 0.2528061445120283, -1.2090336726999424, 2.8996006448850085, -0.00025583628605478165]]
[[-0.5913033782566703, -0.42578484207914113, 0.0863324915719246, -0.009424938957350637, 0.011478471641920323, 0.010013832560292342]]	[[0.07283995301246904, -0.5708592004795378, 0.2527741096785121, -1.2090636281595601, 2.8995732647030024, -0.00019912728178848594]]
[[-0.5522861323476647, -0.37919145513426533, 0.08436356542815211, -0.010156074369302538, 0.012669940657575462, 0.010234273543242814]]	[[0.07279602407900665, -0.5708739789579284, 0.2527507550079968, 1.2090181162543032, -2.8996119722546605, 0.0001773716638402279]]
[[-0.5831951298279612, -0.35160075004030517, 0.09124262818974116, -0.01215292774599312, 0.014643522001630896, 0.010909612499567534]]	[[0.07279788346865525, -0.5708653719489694, 0.25270588156297413, -1.2089805549443775, 2.8996193498135, -0.00012532269096641365]]
[[-0.603501605033095, -0.2794103741538041, 0.09360814938087114, -0.013872050646123553, 0.015332123253728422, 0.011232674122984789]]	[[0.07282314631042563, -0.5708634110162337, 0.2526971249291196, -1.2090244534816634, 2.8996271973924523, -0.00014120362324461115]]
[[-0.5851550352773137, -0.24163295930098283, 0.0702974246319276, -0.015376666060964335, 0.01575154119545386, 0.011654734158365423]]	[[0.07282716422032809, -0.5708576558871051, 0.25267063752036656, 1.2091103234936647, -2.8995877129761123, 0.00014143053541794417]]
[[-0.5523818689229691, -0.20452203192996923, 0.0901384527084724, -0.015246724115309182, 0.016147781522334325, 0.011620760457358902]]	[[0.07281730469734064, -0.5708668485561481, 0.2526230790942504, -1.209058905063258, 2.8996107848008332, -6.617320856145254e-05]]
[[-0.5016310442668489, -0.16901450650259958, 0.07862658904111201, -0.015135610226305315, 0.01596410579730234, 0.0111441965090783]]	[[0.07281888461137934, -0.5708607323513072, 0.25260618242090815, -1.2089923835457685, 2.8995992218228164, -7.022319170857312e-05]]
[[-0.4881938401669675, -0.15451420226376822, 0.07931239104841843, -0.01553196267828541, 0.015585513919314281, 0.010599758114008588]]	[[0.07283385837972858, -0.5708721541251564, 0.25259698801849373, -1.2090765558929009, 2.8996046047226995, -0.00012429055392892851]]
[[-0.5136579974120192, -0.15586912362328492, 0.07745593874608778, -0.01654886007796672, 0.016397105853604807, 0.010965857364454651]]	[[0.07281752613647474, -0.5708673894595725, 0.25255303572884924, -1.2090584482661542, 2.899609799142211, -2.978970195116541e-05]]
[[-0.5522402125846131, -0.20299528060933758, 0.10447500114212868, -0.018083344946053678, 0.016683075220449456, 0.011183680715798422]]	[[0.07281126751884566, -0.5708663057564395, 0.25250716805723283, -1.2090181818234238, 2.899612587847233, 7.56740783894581e-06]]
[[-0.5708880937697483, -0.19903513388705388, 0.10875079528044683, -0.017961694221729663, 0.016295304365854097, 0.010991161645690858]]	[[0.07281750223228675, -0.5708638690105431, 0.2524953861613717, -1.2090183385691398, 2.8996128997625457, -1.2367604150836382e-05]]
[[-0.5787273802792456, -0.21714163979986523, 0.12149153295174489, -0.017158689565749324, 0.015571879567545308, 0.010766899232880905]]	[[0.07281575274915343, -0.5708693584786003, 0.25244100529313596, 1.209020319910539, -2.8996176917850836, -4.685079474383226e-05]]
[[-0.5775233580113857, -0.2262337548397764, 0.11411243921143083, -0.015337117041059271, 0.014705857298870386, 0.011290533524095364]]	[[0.07281959449594887, -0.5708693995641444, 0.25245819907769224, -1.209018522975467, 2.8996134767924424, -4.962021247892675e-05]]
[[-0.5605571913417118, -0.2673250958670798, 0.12578289656398037, -0.014545912835802659, 0.013214819608960484, 0.010453659754868]]	[[0.0728264673018339, -0.5708774908765071, 0.25242016148606494, -1.2090042008441422, 2.8995796413101416, -3.364863331644897e-05]]
[[-0.596597749951025, -0.2786058467912256, 0.13688387805978108, -0.013264590231678043, 0.01251919153546243, 0.010218609815941491]]	[[0.07285375121716009, -0.5708612341766245, 0.2523748285055284, -1.2091519299873592, 2.8995423827067635, 4.434164038309238e-05]]
[[-0.6031730737010383, -0.35534926407991774, 0.1691997212636031, -0.013826363880146759, 0.011427551558112089, 0.01001120876531638]]	[[0.07283117495698714, -0.5708580902823748, 0.25232458011035813, -1.2090645168544758, 2.8995760400838453, 0.00015680667269867007]]
[[-0.6372510213460159, -0.3879475700582324, 0.19147448270612208, -0.013239945634449328, 0.01084246631949396, 0.009640176517140591]]	[[0.07283434353421181, -0.5708664949584087, 0.25235209420942106, -1.2090835868059315, 2.899571218135593, 2.4310019867918894e-05]]
[[-0.6947475271904473, -0.38778241097864086, 0.19406666163998523, -0.011942228985239077, 0.01012844399554177, 0.01000258332130385]]	[[0.07282533465693589, -0.5708690120380269, 0.2522930514236034, -1.2090560938843014, 2.899606518259824, 0.00010059007462320449]]
[[-0.6858156554892665, -0.41107996873042807, 0.19602567713157731, -0.011122859817504964, 0.008208369246146601, 0.009934533038026074]]	[[0.07284641647448672, -0.5708639825685061, 0.2522713912458748, -1.20910415573686, 2.899573869369827, 8.115232159103767e-05]]
[[-0.7605132877288576, -0.44834617174146074, 0.2157414411824343, -0.010670526589827034, 0.008759641233938806, 0.010360046020625933]]	[[0.07281764640691404, -0.5708708389042744, 0.2522404155083086, -1.2090428727528235, 2.899623451551408, 0.00010054460187277164]]
[[-0.7818066005216248, -0.44091435213094876, 0.21940524599516223, -0.010134649294893518, 0.00779194409601313, 0.010413589671823254]]	[[0.07280286245912071, -0.5708748664951181, 0.2522202287182189, -1.208972299204916, 2.8996006088318023, 0.00015397860515510084]]
[[-0.8177723991256827, -0.444431686518115, 0.24333254975365592, -0.009921010068227386, 0.007293228003361948, 0.010378134651690997]]	[[0.07284884868690492, -0.5708670066486523, 0.25220468978115473, -1.2091513850080873, 2.899541357490762, 6.123468031883217e-05]]
[[-0.8245336733482114, -0.4148357994997949, 0.2383743778355006, -0.009430806496356468, 0.007167323277921428, 0.010222267213399333]]	[[0.07284973394706487, -0.5708658535986058, 0.2521780241131718, -1.2091462247916862, 2.89952910052692, 9.82908296980357e-05]]
[[-0.854519175578919, -0.39367073581860323, 0.24918854642187835, -0.00911403880963336, 0.008193464012081285, 0.010345066393633483]]	[[0.07283780083751581, -0.5708633635573386, 0.25213027855821135, -1.2091417821174881, 2.8995669718480155, 0.00023249088722818403]]
[[-0.7930269928039388, -0.3792891597027311, 0.26124877597695817, -0.00953949442989713, 0.007883601338547383, 0.010428077172060669]]	[[0.07280405003967089, -0.5708656592627857, 0.2521231815488978, -1.208982060400468, 2.899623611090008, 9.804921641069749e-05]]
[[-0.7801668676491385, -0.35905561678631126, 0.2647876707351038, -0.010089760886915784, 0.00902588043029012, 0.010609063990241085]]	[[0.07285082131715334, -0.5708598958579366, 0.25208002530083906, -1.2091430322814671, 2.8995679081663726, 0.0001553700142763906]]
[[-0.7929506100482129, -0.34855849340110523, 0.2744575217403703, -0.011366603144116104, 0.010938716047170182, 0.010979899040325591]]	[[0.07280144923590612, -0.5708621067077192, 0.25205801785481213, -1.2089856301674702, 2.8996321851977322, 0.00021010579694907524]]
[[-0.7251025216103778, -0.3219910057141973, 0.2671750918346332, -0.01316229744977964, 0.011045575640960889, 0.010581119938868238]]	[[0.07281107643209074, -0.5708530036413193, 0.25203520386895206, -1.2090424303376377, 2.899622114775636, 0.0001727297925172165]]
[[-0.6752541238806522, -0.30320594525467204, 0.252250496489855, -0.014503883591730545, 0.012558640321970054, 0.010533540486350896]]	[[0.07279797100261054, -0.5708561216139412, 0.2519950120556173, -1.2090071379611407, 2.899634952181891, 0.000247394548066227]]
[[-0.6218045821846171, -0.2767307095556838, 0.25479915523855984, -0.015534294694495215, 0.014539219766617774, 0.01124786056652148]]	[[0.07279008092747764, -0.5708608859831169, 0.25200493032275095, 1.208931211705909, -2.899645312170649, -0.00011784611502363113]]
[[-0.5626002464668927, -0.24202702914205226, 0.23579761139136482, -0.016687423845074517, 0.01558558428186318, 0.010910163580272341]]	[[0.07280184491131465, -0.5708663193284375, 0.25198766471958856, -1.2089912065905088, 2.8996454579775164, 6.0893710077227596e-05]]
[[-0.5330448415685036, -0.18682972257989786, 0.22560417645217468, -0.0173125715911799, 0.016377138573910547, 0.010912587956523017]]	[[0.07281767596186037, -0.5708603748314954, 0.25194961299944707, -1.2090286779939792, 2.8995895914195016, 0.00013116113887874647]]
[[-0.49404596799804545, -0.15854848049219475, 0.23264491548876487, -0.01906077833113779, 0.016525567363795922, 0.010569076850266219]]	[[0.072814782497595, -0.5708525775219653, 0.2519280729244642, -1.2090466680072378, 2.8995819270512304, 0.00013218310922100872]]
[[-0.4600000081088841, -0.07989019432362574, 0.234369593989605, -0.01882216539535535, 0.016443928771509585, 0.01000515567694137]]	[[0.07281276751140293, -0.5708642817170276, 0.25189938516855864, 1.2090525595695865, -2.8995960424004497, -0.0001534726963787633]]
[[-0.4718569712435802, -0.04879141484892435, 0.24074768451680095, -0.019750686134440604, 0.01679602615426566, 0.010766597644365316]]	[[0.0728149292184768, -0.5708597100898963, 0.2518673015943543, -1.2090721444055614, 2.899596432761078, 0.00015091445429246632]]
[[-0.4969960819081143, -0.017623477837248158, 0.2416439722719629, -0.020132453698276136, 0.017225088147502808, 0.01080793471594175]]	[[0.07283507560846407, -0.5708588706205217, 0.2518479957723899, -1.2091136109085723, 2.899594514889192, 3.6900555263524724e-05]]
[[-0.5691172909181976, -0.03847235869222665, 0.2558522038996051, -0.020940665775606826, 0.018375413377755005, 0.010859512638740609]]	[[0.07284533012062679, -0.570860457502995, 0.2518097643676228, -1.2091032650964793, 2.8995719551169, 7.457379396097217e-05]]
[[-0.5872492889198426, -0.08152132252942723, 0.25893030214799906, -0.02189253120669881, 0.017845337734491436, 0.010965537016219858]]	[[0.07281271718788904, -0.5708659275111466, 0.2517855059477554, -1.2089942077413889, 2.899604412014522, 7.328836680263802e-05]]
[[-0.6509216473347574, -0.08528955790891779, 0.2586316340814784, -0.020978237811139316, 0.017573183287133656, 0.011412005780825327]]	[[0.07283219374277997, -0.5708563533500917, 0.25177988457336975, -1.2090783707435737, 2.899558794028898, -5.9772955370251764e-05]]
[[-0.6780721142544599, -0.1015813806715819, 0.2509564078242368, -0.01980214379007994, 0.016407978842413937, 0.011382559803511988]]	[[0.07281779505598646, -0.5708603129103489, 0.2517492313230567, -1.2090292226819583, 2.899590889867632, 1.572820377583382e-05]]
[[-0.6921648702089036, -0.1305523464399514, 0.24344173101094424, -0.01803772168640777, 0.015370064109837066, 0.01090559506349767]]	[[0.07282819744483755, -0.570862701918855, 0.25172437472349823, 1.209073432668971, -2.899597419503289, 3.840024395713186e-05]]
[[-0.6526531861114515, -0.15383146020522154, 0.23861567349949142, -0.016068564739926225, 0.012864380110107532, 0.010532718754004055]]	[[0.07282804410268066, -0.5708554876025693, 0.2517057542095601, -1.209039387291331, 2.8996130637861453, -2.0561853341180523e-05]]
[[-0.7114848538082731, -0.20854175460831426, 0.22635544158471316, -0.01521860207154263, 0.012243463383214756, 0.01047115302360814]]	[[0.07282054069985268, -0.5708655269841705, 0.2516651214520638, 1.2090336431052933, -2.8996012957147754, 1.961362888298757e-05]]
[[-0.7224800135702709, -0.22882019594187042, 0.20713681312165674, -0.013817707599263773, 0.010785570085045344, 0.010577292843490509]]	[[0.0728341851861629, -0.5708581215765934, 0.2516404230665652, -1.2090381867658493, 2.8995619116597786, -6.014999588011782e-05]]
[[-0.7314038274966796, -0.2802307021985493, 0.20242313301876977, -0.012785420103190859, 0.009243542497454866, 0.010877157671536077]]	[[0.07282166954598263, -0.5708635255083674, 0.2516104196573338, -1.2090546755688378, 2.899554876127031, -5.9411419231115634e-05]]
[[-0.7084781498950556, -0.31742390587032726, 0.17751232278864362, -0.011704929696626874, 0.006992902936388849, 0.01030577724852353]]	[[0.07284787265788992, -0.5708668701782403, 0.2515676548865936, -1.2091034966475316, 2.8995727523357484, -2.1498946234567917e-05]]
[[-0.713278790504116, -0.3682533981045141, 0.16703152728719567, -0.010559068239692704, 0.006136722608501528, 0.010492464404535173]]	[[0.0728235650995078, -0.570859699921767, 0.2515578923821763, -1.209051639901712, 2.899595927038104, -9.496216041586755e-05]]
[[-0.7104123837634868, -0.4020456695338239, 0.16851171190364145, -0.009381729066169265, 0.005829425132854223, 0.010480093690849008]]	[[0.07282714323247214, -0.5708733257513253, 0.25157171974181664, 1.2090188462149785, -2.89956368257064, 0.0002419528625973961]]
[[-0.7254257323397135, -0.4287898735678573, 0.1661664554966443, -0.008499370279687042, 0.005712257710175004, 0.010569700677590652]]	[[0.07281846200645585, -0.5708561604550233, 0.2515148759056721, 1.2090556208318037, -2.8996052072574128, 7.261223889520333e-05]]
[[-0.7161598116919042, -0.47049255379574295, 0.1550702016165557, -0.009050832655522692, 0.005140637008975119, 0.011283257834523691]]	[[0.07280717640314117, -0.5708730018534388, 0.2515109240314505, -1.2089488848498913, 2.8996397545982107, -0.0001485925151109239]]
[[-0.6692330317355621, -0.45954411696948677, 0.1306937813094996, -0.008509541678338211, 0.004627901855985856, 0.010812337524214802]]	[[0.07283670478502931, -0.5708557963277033, 0.25146466781546567, -1.209069573735333, 2.899588324830985, -0.00011173669229033274]]
[[-0.6539543591028417, -0.47374590482254075, 0.12409212888937586, -0.00871662576413447, 0.005436628181952837, 0.01137379719271691]]	[[0.0728459231471206, -0.5708580131526849, 0.25143607728418055, -1.2091509596489036, 2.899540471510089, -7.325151012197177e-05]]
[[-0.6566296889924712, -0.44913126979902573, 0.1127461829688684, -0.008080225330328442, 0.0070039675660190925, 0.010264487286384679]]	[[0.07280874520243395, -0.5708546865390699, 0.2513990358618793, -1.2089767984388904, 2.89961119458281, 2.0668946418939823e-06]]
[[-0.5880717500151387, -0.44745958039392764, 0.09240466126608687, -0.00853103129071072, 0.007217152057108724, 0.010197054010125816]]	[[0.07282329592478841, -0.5708527529495105, 0.251347119393782, 1.2090885406494942, -2.899583174689765, -0.00011785993891063289]]
[[-0.5811714480698171, -0.49058691724198444, 0.10861263147563568, -0.008850822663100714, 0.009814331263707008, 0.010353420990025954]]	[[0.07280441644437534, -0.5708532165951132, 0.25135111920830966, -1.2090768160380403, 2.899607574219679, 2.1047400310893517e-05]]
[[-0.5753420142967912, -0.48734306963258944, 0.11115720756606788, -0.008893441792129296, 0.01172784253190782, 0.010752253389370912]]	[[0.07280542736759087, -0.5708524491322476, 0.2513477851453067, -1.2090555451626406, 2.8996051774442435, -5.40647805588091e-05]]
[[-0.5155719256410348, -0.43033482514712607, 0.0950297342593427, -0.009064081661955305, 0.011580613310896774, 0.010516911320819137]]	[[0.0727964919321642, -0.5708476208940069, 0.25130514699116546, -1.208968452623248, 2.8996395540247817, 2.1908463727125744e-05]]
[[-0.43823045690352863, -0.4012230431266952, 0.07489167430555495, -0.010095834048340331, 0.01172288385218991, 0.010837801298809464]]	[[0.07281639088265669, -0.5708402501585358, 0.251273291793463, -1.2090497587341889, 2.89959130834602, 7.75163495519421e-05]]
[[-0.4266771359870289, -0.33727474683149467, 0.08299345021903212, -0.010840518045367257, 0.012954033737884193, 0.010812150795055892]]	[[0.07280687615618672, -0.5708459611440968, 0.25125293827066736, -1.208937063992787, 2.8996131780236305, 1.7756098012676616e-05]]
[[-0.4018064675164597, -0.2794725888522492, 0.06072413498412838, -0.012230621616882929, 0.01383356810986498, 0.011475097112702818]]	[[0.0728142501080235, -0.5708378576196317, 0.251225274729229, -1.2090541426352348, 2.8996017372139566, 9.562549037813973e-05]]
[[-0.41110664703574573, -0.21987128358810742, 0.05201480445982355, -0.012596358048064596, 0.015453512900463404, 0.01168896473342927]]	[[0.07279644830557999, -0.5708283520248945, 0.25119083332905884, -1.2090370952002156, 2.899607341361228, 0.00015307054974812457]]
[[-0.4037670698025166, -0.19747102302489625, 0.05868490782738857, -0.013752044322021652, 0.016830424091547346, 0.01186101376039089]]	[[0.07281098939991064, -0.5708325300417437, 0.2511399963136273, -1.2090402334298693, 2.8996170421365255, 0.00022770225081337458]]
[[-0.3750763922643693, -0.14973179875721015, 0.06642466542460583, -0.014231426122001829, 0.016866271523625142, 0.011788476541954184]]	[[0.07283160244220195, -0.5708228621414367, 0.25112904437421424, -1.2090318912377611, 2.899595031802986, 0.00020848587719501157]]
[[-0.40374614359206884, -0.12255924231777218, 0.08771302535322631, -0.015836778284551198, 0.016686803729699617, 0.012086705550697106]]	[[0.07280245894219202, -0.5708286990827828, 0.2511048125022812, -1.2091094880261155, 2.899588379366875, 0.00020888265231339207]]
[[-0.394991275426976, -0.0644683286109273, 0.096221037509135, -0.017004458512558263, 0.015436869022555517, 0.011798347085206391]]	[[0.07281353995730208, -0.5708228560138863, 0.2510647837331337, 1.2090602039884408, -2.899614161387868, -0.00030475727842241057]]
[[-0.41877652661299203, -0.04125416195087375, 0.12311363593688068, -0.017329906874972607, 0.014637782674721881, 0.011733504683411408]]	[[0.0728136725436007, -0.5708230984514885, 0.251053613612079, 1.2090595175596495, -2.8996124120233477, -0.00021042765223958326]]
[[-0.4396752737475935, -0.06111371692596654, 0.13641267511114363, -0.017421445546067258, 0.013933649971103735, 0.012003270465302997]]	[[0.07280321055208948, -0.5708238996513039, 0.2510120431164161, -1.2090481521735783, 2.8995855234477426, 0.00030221611006997403]]
[[-0.42286304178281897, -0.08430908132017004, 0.1550780925515356, -0.016804564141255886, 0.012234266651568937, 0.011669206307770132]]	[[0.07282115105668685, -0.5708295001286113, 0.2510207080096766, -1.2089927621518635, 2.8995987592040615, 0.00016881312322787883]]
[[-0.505626988996823, -0.14369788066651265, 0.17235943294686173, -0.015456211874971098, 0.012553296669984998, 0.012033438194969283]]	[[0.07279332662408831, -0.5708110773110987, 0.2509549363326915, 1.2090562112399426, -2.899604273223703, -0.0003614262316580013]]
[[-0.6120306962102633, -0.2416823571950581, 0.18548387238431513, -0.014753632804543499, 0.0132869383258394, 0.0122627986115093]]	[[0.07281041249681444, -0.5708137002884531, 0.2509464161372797, -1.2090159379649168, 2.899558925093117, 0.0003191102832740857]]
[[-0.6345912072382706, -0.3054343007069593, 0.20665322634327482, -0.014156414027510408, 0.011800928757938168, 0.011633896754689179]]	[[0.07280415803277192, -0.5708263449665136, 0.25091904648213803, -1.209012517863787, 2.8995994927496067, 0.0003206273939393574]]
[[-0.6979078175679773, -0.3548227425913294, 0.21014253946050068, -0.013641179775193694, 0.011527746473660009, 0.011781772304659228]]	[[0.07280876681009335, -0.5708064860992679, 0.250898210938889, -1.2090740808215117, 2.899598607415433, 0.00036023381009895195]]
[[-0.7305640516282026, -0.39474787069935546, 0.2214436106916168, -0.013642895912082969, 0.010725816140637874, 0.011813718551464404]]	[[0.07279504308339076, -0.5708052786220249, 0.2508518675393309, -1.208964545746598, 2.8996298993378393, 0.00041415290758214067]]
[[-0.7704363368916681, -0.3989023001007683, 0.22079837156656568, -0.012636667911908464, 0.01018375129718923, 0.011999555647407737]]	[[0.07281363154550198, -0.5707970464162054, 0.2508186900080134, -1.2090164266469006, 2.8996063762635207, 0.0004901285357462104]]
[[-0.7789032005279224, -0.39452577895906815, 0.2105032650698765, -0.011151002287669633, 0.009232035458517375, 0.01150980915698793]]	[[0.07282339377202258, -0.5707972021263797, 0.25081804907113875, -1.2090599905499997, 2.8995649359127746, 0.0003755589261429714]]
[[-0.761860982955862, -0.42147775499299356, 0.20634003912275573, -0.010854195479079561, 0.00799052843106281, 0.010794470484054061]]	[[0.07281898589536884, -0.570795563385424, 0.25078760502435493, -1.2090907575221155, 2.899589845542692, 0.0004138233673051701]]
[[-0.708565543509645, -0.3389245613914193, 0.19459169524962508, -0.008654833519021037, 0.006077728851210983, 0.011181597939403534]]	[[0.07281554362959451, -0.5707952074575081, 0.2507604658757374, -1.2090424615350512, 2.8995715421054005, 0.00039294806345533756]]
[[-0.6853524173997547, -0.2806870888961722, 0.19679068643101677, -0.008618076118571315, 0.004611947042128739, 0.01147353537006925]]	[[0.07281760437606025, -0.5708007207719292, 0.2507599119865981, -1.2090951047246767, 2.8995500173143274, 0.0003744193771152037]]
[[-0.6807457750106403, -0.24770755099345315, 0.20924383385693637, -0.010458724169452805, 0.0038497566626367113, 0.011076372455016406]]	[[0.07281014636297191, -0.570789573512501, 0.25069420981353235, -1.2090445263529768, 2.8995281398013373, 0.0005215679117932071]]
[[-0.710042466162321, -0.2033996482556104, 0.21701771524174715, -0.011842547995858297, 0.004092234851340231, 0.011081916345232519]]	[[0.07280566156957964, -0.5707945969809703, 0.2506879267934743, -1.2090336266869917, 2.8995989619895894, 0.00046959944884850964]]
[[-0.6601628108667837, -0.17467400706123193, 0.225461793712811, -0.013077069135244864, 0.003378835560974968, 0.010701771970079191]]	[[0.07278085773557398, -0.5707964612585709, 0.25066661385496586, 1.2090568149622039, -2.899607581257586, -0.00045127659975600584]]
[[-0.6385743295266585, -0.15033909785156707, 0.23116301552346152, -0.013980457891215735, 0.0037765924527543163, 0.011104440465534458]]	[[0.07281478945694751, -0.5707842524347108, 0.25061526243958315, -1.2091409262419963, 2.8995642338323737, 0.0005805304821553745]]
[[-0.6442836785002977, -0.16835186044936062, 0.23421697523602855, -0.015063859931629332, 0.005625749368397352, 0.012012821710887986]]	[[0.07278774809351446, -0.5707922755331681, 0.2506105863567968, -1.2090417392325512, 2.8996201907352583, 0.0005053569592504192]]
[[-0.6299215675648517, -0.1635827096231399, 0.23709881859303086, -0.015352519790710445, 0.007179497851435333, 0.011475115206158432]]	[[0.0727871627445344, -0.5707838058360983, 0.2505958338871469, -1.2090677604584097, 2.8995851247501925, 0.00042802333464952703]]
[[-0.5830504900183189, -0.1726429579119692, 0.2457175965993831, -0.016154958785481018, 0.007900835236565677, 0.011576599492440422]]	[[0.07278049507561776, -0.570791818533527, 0.25057909608445555, -1.209025038923131, 2.8996286890242007, 0.00042936344108945716]]
[[-0.5802806092249765, -0.1626730296714375, 0.2574423270088335, -0.016648140473650853, 0.009255739826139416, 0.011690158472541928]]	[[0.07280702982673436, -0.570782344747709, 0.2505447612409601, -1.2090899214992201, 2.8995877135210875, 0.00046531795243848694]]
[[-0.5222141738159871, -0.1452975712746192, 0.26960050097450383, -0.017305375926138733, 0.009756927281916771, 0.011289299437209039]]	[[0.07276903356220008, -0.5707733960081788, 0.2504998001230554, -1.2089630230561306, 2.8996257492733033, 0.0005395401150511136]]
[[-0.4588130079410184, -0.08679075315241871, 0.2563281765881245, -0.016872426655480707, 0.010109167537109559, 0.011710955004521862]]	[[0.07278847862208124, -0.5707838043787217, 0.25050692136518565, -1.2090465488109337, 2.8995810960822217, 0.00040519779430112015]]
[[-0.38800092597804375, -0.045466039769436584, 0.2372685900322572, -0.01709292958614994, 0.009731372952138856, 0.01199255034044878]]	[[0.07279551543410032, -0.5707868519676823, 0.2504829191927065, -1.2090164467179645, 2.8996081161225633, 0.0003314240107514098]]
[[-0.34676151829527, -0.001733454425149633, 0.2345917353753572, -0.016709250633728526, 0.009748505588284426, 0.012047248301185188]]	[[0.07278008848708332, -0.570780436758833, 0.2504321835694463, -1.2090447843019603, 2.899578902028956, 0.0005173749300366938]]
[[-0.2898344419795685, 0.025934456243804554, 0.2272714245288524, -0.016867115290062427, 0.009804032637734335, 0.011288100555609363]]	[[0.07277915129336304, -0.5707812055986873, 0.2504208706459522, -1.2089983194087066, 2.899613259325478, 0.0004232983399329941]]
[[-0.2850346433547169, 0.08835533840568806, 0.2433345742355956, -0.016861592608114477, 0.01000257865184148, 0.010744428305015805]]	[[0.0727953869391256, -0.5707898187090593, 0.2504157965126143, -1.2090554759167607, 2.8996044681207884, 0.0003292232298116283]]
[[-0.3276739048428563, 0.1697649059144262, 0.2387975903118937, -0.017367745726853328, 0.009841973760977424, 0.010540260325738347]]	[[0.07279629222022538, -0.5707853807154761, 0.250391454338267, -1.2090645256557393, 2.899575578810528, 0.00029034959671785907]]
[[-0.4299250476391516, 0.2124340663260872, 0.24719920184948543, -0.018685592399817978, 0.01070339650396172, 0.011280852540157536]]	[[0.07278576531571165, -0.570782968101967, 0.25037379429515955, -1.209090814660315, 2.899591604025893, 0.0002344163530375565]]
[[-0.45926734752860776, 0.22941108903035662, 0.25026562866274493, -0.019135039198910735, 0.010041414922554164, 0.011634560321480882]]	[[0.07281229747636442, -0.5707926022599736, 0.25035036652492204, -1.2091047077920931, 2.8995728301780113, 0.00023369568919447858]]
[[-0.4888593300748964, 0.18845505777784285, 0.24868627592732293, -0.018779022146353096, 0.009492787132911042, 0.011621983680602712]]	[[0.07279337150387327, -0.5707930306766074, 0.25035244880772123, -1.2090088144095628, 2.89958994358145, 0.00010087943087963089]]
[[-0.5131547259042171, 0.10245509111966919, 0.24780340258965391, -0.017540780123313456, 0.009477323338703474, 0.012014439825322399]]	[[0.07279839276911983, -0.5707874095861927, 0.25030384964471974, -1.2089734171641962, 2.8996023902921175, 0.00019238551593204272]]
[[-0.5445132373389231, 0.024726835958150728, 0.2314895878568602, -0.0161332914427712, 0.009546618512253443, 0.011703792007377372]]	[[0.0728160097116127, -0.5707935844178776, 0.25030271784823505, 1.2091420049692083, -2.899566625158353, -0.00012103831531821258]]
[[-0.5248755566591266, -0.02266342075210237, 0.23078546913614142, -0.014269419842372105, 0.00767395906204004, 0.011208072350690667]]	[[0.07279555375828767, -0.5707952269352644, 0.2502675948691599, -1.2089521399308507, 2.8996001825398796, 7.924988084061273e-05]]
[[-0.5541259045429755, -0.06704545143993967, 0.21913480671967417, -0.012912403132964729, 0.0061396168448416555, 0.010075060726168135]]	[[0.0728164595561114, -0.5708034397339812, 0.25025439271703687, -1.2090535999094587, 2.899598306674278, 2.6305537704858252e-05]]
[[-0.6244182500402842, -0.15545281491421645, 0.2189482960048635, -0.011909910422219876, 0.00658664707808667, 0.010332810880823273]]	[[0.07280657011191853, -0.5707960452579958, 0.25020780223976036, -1.2090702174161825, 2.899589407620014, 0.00010236975725033219]]
[[-0.6337110280313204, -0.24522980004577585, 0.22301249614628707, -0.010849088081991198, 0.006203719226115937, 0.010273426695644482]]	[[0.07281953562216245, -0.5707924764655061, 0.2502018842032858, -1.2090882854562068, 2.899583917100507, 9.071720415493521e-06]]
[[-0.6623885641791335, -0.3073887910938703, 0.20890966210314346, -0.009038438626704932, 0.006508376596825222, 0.01023936411284879]]	[[0.07282311463175795, -0.5708088010380509, 0.25019825453249256, 1.209128755249856, -2.899581941709451, 6.49180501671644e-05]]
[[-0.5941508928490871, -0.3403351466292951, 0.17659140002617493, -0.0073190577307882, 0.005177569758446584, 0.01008408288995552]]	[[0.07279356268510127, -0.5707966330877614, 0.25013473729713287, -1.2090484718545258, 2.899585977809641, 6.597984395324019e-05]]
[[-0.5522459128369404, -0.3421802491429079, 0.1561072333190167, -0.005124884193936752, 0.005378655012858325, 0.009778232861914317]]	[[0.0728152848134506, -0.5707843892952467, 0.25012698790605375, -1.2090926352346079, 2.899594135704364, 3.0073120830102117e-05]]
[[-0.5414189447273019, -0.37128925459207984, 0.13175336477464517, -0.0043943110812913735, 0.005662014212185394, 0.010492157417160152]]	[[0.07279115779651103, -0.5708037950537074, 0.2501055075045367, 1.2090548745421075, -2.8996011632629775, 4.967272022339824e-06]]
[[-0.5174716441621526, -0.3772309786307966, 0.10979357162936591, -0.0047473626124895025, 0.005272232369691961, 0.010655879507499931]]	[[0.07279433332944665, -0.5707986484380254, 0.250059667157658, -1.2090645630270744, 2.899578037486496, 0.0001037652924771397]]
[[-0.5063143842428548, -0.3509990476009511, 0.10880257133972891, -0.005164331884894879, 0.005553493767398376, 0.010691780931784134]]	[[0.07280422225267745, -0.5707928473064211, 0.2500656252986806, -1.2090754590795976, 2.8996018043539302, -6.063127809998032e-06]]
[[-0.49550049286508663, -0.32997070272880735, 0.1121664892535099, -0.006037998839486088, 0.006525896776283948, 0.010953943726214062]]	[[0.07280871886315148, -0.5708014660088774, 0.2500350803115279, -1.2090362846027014, 2.899605495589429, -2.4378099491773838e-05]]
[[-0.4519378871058373, -0.33990925332647043, 0.12115786270924206, -0.007868083351854837, 0.006423632767411839, 0.011132031812529397]]	[[0.07280029903096351, -0.5708021793293172, 0.25001764634431417, -1.2090571328874522, 2.8996087691356003, 1.4325697519942371e-05]]
[[-0.41729311109600004, -0.34668679352986953, 0.12243520590843965, -0.00996434665100612, 0.006829179532322984, 0.010114384129249136]]	[[0.07280974063253531, -0.5707973402278448, 0.25001124071980657, -1.2090965055719793, 2.8995553049951535, -6.484026047122312e-05]]
[[-0.4166162622835394, -0.3397644329691818, 0.12388758697037501, -0.011180488887720707, 0.008195934486667562, 0.010742780643511958]]	[[0.07280322366186398, -0.5707934756706076, 0.24997790052924093, 1.2090953086701393, -2.8995988562476906, -1.3720359715969314e-05]]
[[-0.4247925170513348, -0.3155354138377707, 0.1423753917386715, -0.012676406759628165, 0.00938062802112984, 0.01094703558088609]]	[[0.07278905834595921, -0.5707911015974109, 0.2499301291207296, -1.2090391501095967, 2.899614130808477, 8.766547170785634e-05]]
[[-0.4232387586145363, -0.2723034051881733, 0.15184127317924334, -0.013987947016525766, 0.009762201946863, 0.010303711016345633]]	[[0.07279531630793845, -0.5707887733946464, 0.24991921716690466, -1.209074233410797, 2.8995990052591667, 0.00010712648840139098]]
[[-0.44664983728292773, -0.2399048979431586, 0.15896937028356908, -0.014977442760732018, 0.010642108879229104, 0.010036968570421837]]	[[0.07277277776695334, -0.5707924905676511, 0.24990783182189352, 1.2090029294793327, -2.8996243370414296, -1.4442804251181103e-05]]
[[-0.42994498917774115, -0.20082413648064962, 0.15070777670271654, -0.015417599134473402, 0.01109145388108771, 0.0099192682541076]]	[[0.0727788406447103, -0.5707860451788435, 0.24989839109926687, 1.2090074687914727, -2.899635106054643, 2.3452830789004698e-05]]
[[-0.4104616943686943, -0.17038198576652075, 0.14322852765797978, -0.015424843009680698, 0.01084009350321864, 0.010081097582274533]]	[[0.07275985256663718, -0.5707856862446394, 0.24986140902550733, -1.2088966774961554, 2.8996615047106764, 3.012751796171486e-05]]
[[-0.4127136758841775, -0.1730713967897356, 0.13704706293693072, -0.015992301489195965, 0.011477659025057875, 0.010211211705588918]]	[[0.07277992433883682, -0.5707822033262241, 0.24982671152549002, -1.2089823969681106, 2.8996239089670834, 0.00010507390136108786]]
[[-0.42479121051823693, -0.20782263494396533, 0.149392892230035, -0.017030789560200477, 0.011749620294797132, 0.010285307224419607]]	[[0.07281715327449434, -0.5707822693521858, 0.24980745011088695, -1.20915137892097, 2.8995408720365172, 8.57310010643641e-05]]
[[-0.4533704120037708, -0.20165006959013215, 0.15924865426408372, -0.016716001371030652, 0.012391913076449932, 0.010623783192129713]]	[[0.07280227720050896, -0.5707839468389201, 0.24979663821993306, -1.209069878265398, 2.8995885704099953, 4.770410816541362e-05]]
[[-0.48710968102355, -0.19068077865729718, 0.1633829880386511, -0.01645671784656673, 0.012402525229353723, 0.010316111914411534]]	[[0.07280305445831665, -0.5707792257987394, 0.2497563298876433, -1.2090782576567736, 2.8995581741514505, 8.49999547064073e-05]]
[[-0.4939849333346504, -0.2202198380170964, 0.16836995534746516, -0.017275174861932467, 0.011875979892122693, 0.010653190622271807]]	[[0.07278902949805377, -0.5707785310146187, 0.2497485408440498, 1.2090207002151574, -2.899618148985322, -3.0025804295522305e-05]]
[[-0.493227927471392, -0.21571780666736534, 0.16529027554105227, -0.01675466798911767, 0.011728875208689041, 0.009925114824830125]]	[[0.07279170839784865, -0.5707821951251894, 0.24970334570814084, -1.2090259048395309, 2.8996309343393256, 8.813423336203276e-05]]
[[-0.5846310819192322, -0.2748570170828718, 0.1776784746155865, -0.017028155595140704, 0.013122989711140766, 0.010624890702626585]]	[[0.07280610041177968, -0.5707783636785146, 0.24969128781408073, -1.2091432627054932, 2.8995698592554136, 6.841756175337828e-05]]
[[-0.6186107955087001, -0.2563397989099286, 0.17797079669782118, -0.015136423079356172, 0.01233632568939703, 0.011197308731186451]]	[[0.072799052632149, -0.5707820289912554, 0.2496536286865646, -1.2090778464200032, 2.8996077541173926, 0.0001632644891032253]]
[[-0.6640916936818382, -0.3029780482274431, 0.20006848600017482, -0.015047697050379708, 0.012405025475847584, 0.011206300417944267]]	[[0.07282256286834508, -0.5707774794082308, 0.24963365639516408, -1.2090650008973014, 2.8995751520721638, 0.00012236922990135579]]
[[-0.6870942626908987, -0.35316244048200063, 0.2155274507236674, -0.0150566139786534, 0.012322062086132252, 0.011012463001755684]]	[[0.07278354346165317, -0.5707828722390451, 0.24961493161337517, 1.2090042854721499, -2.899627786793971, -0.0001245986308051603]]
[[-0.7355323543190142, -0.4320030793345021, 0.2313609786800265, -0.016124461196259966, 0.011845982225115775, 0.011090587897591594]]	[[0.07278660736149765, -0.570784104726579, 0.24958240303519763, -1.2090562810924879, 2.8996047759000407, 0.00010394888599543436]]
[[-0.7486379177404511, -0.46476637887514927, 0.23512446820508826, -0.015929883134536065, 0.01068250916348392, 0.010287519079179786]]	[[0.07281086292825269, -0.5707910084093961, 0.24956148822399415, -1.2091254416886341, 2.899576289488147, 8.476193578569595e-05]]
[[-0.7741144192756241, -0.5225178583772649, 0.2490898242792844, -0.0164344490279749, 0.011080695199190695, 0.009512997466801464]]	[[0.07280284288645224, -0.5707885843678484, 0.249538602629713, -1.2090915397770876, 2.899590278374581, 8.550397067978214e-05]]
[[-0.7550606422868318, -0.5494127040951309, 0.2503685902897235, -0.015590130769333101, 0.010593918355195346, 0.00936961023511849]]	[[0.07281517141849289, -0.5707833716626488, 0.2495065861955984, -1.2091080917744397, 2.8995831975875963, 8.5495295599501e-05]]
[[-0.7374319851932439, -0.5852580235350613, 0.2481445490668699, -0.014721717207811034, 0.00959881624299538, 0.009787280597432273]]	[[0.0727975678146694, -0.5707813172985982, 0.24950765258813862, 1.2090739979728482, -2.899598476714205, -8.844950571480135e-05]]
[[-0.7253488144293783, -0.6028575987348139, 0.2394075969488389, -0.014425910937383643, 0.009686743644122673, 0.00984314546146968]]	[[0.07279851049879996, -0.5707866168121525, 0.2494581004189833, -1.2090065677278545, 2.899585312429142, 0.00013938530252954575]]
[[-0.7413625516089153, -0.600949028627908, 0.2543981059969168, -0.014803110120434088, 0.010121661496915207, 0.010114283884820358]]	[[0.07279702568001443, -0.5707798900534912, 0.24942129821930392, 1.209005971738763, -2.8996301595791425, -0.00021728305428133667]]
[[-0.756011133231488, -0.5572055621449296, 0.2411573290806035, -0.015340642620661484, 0.010142853710961876, 0.010256310515472081]]	[[0.07277660729697656, -0.5707865476345594, 0.24940677064729028, 1.2090174323797622, -2.89961089665691, -0.00014388299288970805]]
[[-0.7894693222523745, -0.5754874461533932, 0.2427441826160077, -0.017334652086167683, 0.011221169962869867, 0.01092101324039994]]	[[0.07280376786073578, -0.5707909369698225, 0.2493848133801888, -1.2090381692545966, 2.8996104896827863, 0.00014133026488606046]]
[[-0.7575697555590823, -0.5436729165977399, 0.25123610384457334, -0.017702411040095636, 0.011864799115188696, 0.011023766753890468]]	[[0.07278486646381489, -0.5707758732456485, 0.24936083395563766, -1.2090323418282796, 2.8995981736050247, 0.00021462284064759118]]
[[-0.7237999739526406, -0.4994306406150539, 0.2529784835999782, -0.017721869228006983, 0.012920834484999054, 0.011151293873518004]]	[[0.07277506159006071, -0.570779017674536, 0.24932808333855702, 1.209023030682261, -2.8996244037092396, -0.0002555319518599213]]
[[-0.6666345159466299, -0.41816878938266805, 0.21684487614473388, -0.0168250240570815, 0.012930819356093408, 0.011089161055928422]]	[[0.07281189174135866, -0.570783375838236, 0.24928966868137717, -1.2090754005699011, 2.8995540533736235, 0.00021410844676779194]]
[[-0.6384971092554921, -0.34173631308336444, 0.20733883765188857, -0.016972164420990657, 0.013453182001013744, 0.01077333769854369]]	[[0.0727872627498568, -0.570785627470756, 0.24927915854767502, -1.2090365251836688, 2.899608515385461, 0.00023431669153744554]]
[[-0.5906010620306941, -0.280138211811866, 0.20978557379606963, -0.018119893758713573, 0.013683040015122307, 0.010875192910454908]]	[[0.07280192974470455, -0.5707804806928323, 0.24926181892181706, 1.209083202752419, -2.899572102385632, -0.00017918297722804404]]
[[-0.5852597815912698, -0.17765949571364292, 0.19300214089246828, -0.017860823366085653, 0.014216666975101516, 0.011713578859184044]]	[[0.07278133063849077, -0.5707785703087204, 0.24922408960301462, -1.208954199202223, 2.8996038188466637, 0.0002318687330143797]]
[[-0.5614367184235234, -0.14474910289031892, 0.18993787137021262, -0.019369949223993627, 0.014161280302285117, 0.01177487000058154]]	[[0.07278924944106037, -0.5707908113551343, 0.2492060305509291, -1.2090713730988036, 2.8995949303255952, 0.00017562505179185772]]
[[-0.5291074661223447, -0.1113812480103171, 0.18584719260202956, -0.019211309501287042, 0.0140047609275104, 0.011407402268563106]]	[[0.07278709530994337, -0.5707849517253762, 0.24917784902334547, -1.209019835195028, 2.899617109245429, 0.00013734385813060838]]
[[-0.490687116420664, -0.10964928047241887, 0.18658336078436205, -0.019556725391187236, 0.013541937315548615, 0.011288412905654849]]	[[0.07280877092725119, -0.5707849677498795, 0.24915562751299603, -1.2091073884525227, 2.8995800394262705, 0.00015773855539114165]]
[[-0.5111956713139401, -0.076974791591926, 0.19351260889369362, -0.018547258317510137, 0.013259582397394023, 0.011376722335194173]]	[[0.07278786734188052, -0.5707836423414664, 0.24911586617161596, -1.2089973884063323, 2.8996121076679287, 0.00019285673280055717]]
[[-0.57569861584991, -0.11069884261345109, 0.20272367431917762, -0.019531408472889117, 0.013598952340213072, 0.012375211077747701]]	[[0.07277470848958893, -0.5707831794098099, 0.24909630276140576, -1.2089753255134432, 2.8996079084955664, 0.00020916397741462296]]
[[-0.5900747142045069, -0.12603325159980514, 0.22828719713355072, -0.020137336548382758, 0.012719852446193877, 0.011986103491430292]]	[[0.07280897191955524, -0.5707854062045046, 0.2490426973117662, -1.2090715788855353, 2.899593592818695, 0.0001930815886489874]]
[[-0.5695409702663409, -0.11988504237781739, 0.24118402405768644, -0.019582536315246132, 0.011390348204632635, 0.011309079846971817]]	[[0.07279566999117819, -0.5707886533756685, 0.24905971634820517, -1.2090544165407109, 2.89960294167218, 9.904043890339575e-05]]
[[-0.6265884171085884, -0.17352345045945078, 0.2623823978448644, -0.020202014105956522, 0.011642530686058444, 0.01217434119115174]]	[[0.07279735838088383, -0.5708034206313178, 0.24902671193935777, 1.2090695721443285, -2.8995888402429153, -4.309707578762799e-05]]
[[-0.7150329970360234, -0.26433384915359237, 0.27727979052010954, -0.021077946536851782, 0.012852049818462231, 0.01284494548112297]]	[[0.0728075413219605, -0.5707937411868993, 0.24899104062558378, -1.2090456969055896, 2.899580481660925, 9.525115989154202e-05]]
[[-0.7304995498719089, -0.28689005021858005, 0.2704881275560393, -0.02002709520330934, 0.012630492756298486, 0.012947517475575576]]	[[0.07279355212602708, -0.5708019510431988, 0.2489712601714752, -1.209037520616487, 2.899611430367783, 2.1262560239475007e-05]]
[[-0.7339609742500118, -0.2582915771074353, 0.272518339918407, -0.018473395889208384, 0.011636591882718697, 0.012800700460217796]]	[[0.07280396561440511, -0.5707978423668874, 0.2489344920010022, 1.2090750102080414, -2.8996020360987953, -0.00013490397578322212]]
[[-0.7865005749739377, -0.27119140926668267, 0.2779178237519524, -0.017842092499858783, 0.01174751869602155, 0.012345288737350345]]	[[0.07280426706859479, -0.570801341549662, 0.24891356393869535, -1.209058285248458, 2.899562347040106, 7.645370553487408e-05]]
[[-0.7949701589290314, -0.29646110903293266, 0.2867424030198595, -0.018018355381598954, 0.011652912371294052, 0.011975971393003836]]	[[0.07279266651326574, -0.5708064025816206, 0.2488811009658193, 1.209073757547607, -2.8996011393914682, -5.9561357157282496e-05]]
[[-0.7958823807126971, -0.26899222349760116, 0.28700677658766877, -0.016804061008948885, 0.011495115943168816, 0.011688426629272771]]	[[0.07280801917299247, -0.5708214725427926, 0.24884490213375196, -1.2090888545855134, 2.8995892991518835, 2.1507391207693135e-05]]
[[-0.7823980506212767, -0.26605889711220876, 0.2741478579969522, -0.01593066319450748, 0.010410591815144388, 0.011903535422527865]]	[[0.07281052947600165, -0.5708144933770969, 0.2488273289027339, -1.2090536938871075, 2.8995518138513607, 1.9645748260412987e-05]]
[[-0.7893116666121871, -0.2751237043940775, 0.2618963751057243, -0.01507872781710255, 0.009900319772522545, 0.011777803046171868]]	[[0.07282170947650371, -0.5708190985174607, 0.24884008462301216, -1.2091084996636021, 2.8995837122868195, -9.087417941280973e-05]]
[[-0.7956404527006506, -0.34510973509666026, 0.28067776782104104, -0.014749900683203357, 0.010419087283000119, 0.01147184290691015]]	[[0.0727995483410424, -0.5708247415876462, 0.24876826024585033, 1.209073390989587, -2.8996008644257434, -2.248445166575603e-05]]
[[-0.7875373438323439, -0.40265735906938416, 0.2767764501427966, -0.014325269447689954, 0.010621970397847742, 0.011694662348180139]]	[[0.07281528228035784, -0.5708175017584112, 0.24875866485764442, -1.2091028779078163, 2.8995722941484936, -7.261621150000766e-05]]
[[-0.78772284126301, -0.4556745026323452, 0.27397511880999, -0.014021075014093165, 0.010932749722866456, 0.012168995125429646]]	[[0.0728082500669261, -0.570815079331577, 0.24875287954831984, -1.2090287682568945, 2.899591067064073, -0.00011010971653773012]]
[[-0.757202772359209, -0.47974977745143366, 0.2986777752103584, -0.013625068715802248, 0.011490222367729013, 0.011771097136139923]]	[[0.07279715352993862, -0.5708201674622096, 0.24872521634268155, -1.2089892010226708, 2.899593732024745, -7.508689947340516e-05]]
[[-0.7525852334370502, -0.5169748968830375, 0.28631292058634916, -0.01370664202284475, 0.012511542356713649, 0.011854316100766274]]	[[0.07279990402503937, -0.5708240250955333, 0.24868046271598404, -1.209001066010187, 2.8995738462929985, -1.763528908726431e-05]]
[[-0.7586386835411884, -0.5300564856462098, 0.27989283110855595, -0.012565749858193505, 0.013625043162735464, 0.012248079778502598]]	[[0.07282011477920126, -0.5708270012685928, 0.2486611436432259, -1.2090285066402127, 2.8995890593548213, -3.46140900328947e-05]]
[[-0.7259297706715936, -0.5643510289054284, 0.25435792420054076, -0.012157559165097934, 0.014038706485179185, 0.011490234609476294]]	[[0.0728025385954767, -0.5708359744552952, 0.24864229253737635, 1.20899915332184, -2.899617740777033, 5.149925958327369e-05]]
[[-0.6813701400067851, -0.5547705849024382, 0.26071163830666844, -0.01095084406330113, 0.014693969008676002, 0.011562133393079942]]	[[0.07283182883783422, -0.5708303289603045, 0.24861391461868396, -1.209198635993561, 2.8995571714163106, -5.221645566290017e-05]]
[[-0.6501557897015194, -0.5682321338857448, 0.2672456779598248, -0.011596488830231198, 0.01505753537082535, 0.011481476393441676]]	[[0.07280912330964014, -0.5708312068001471, 0.24859225144371438, 1.2090380353410062, -2.8996136736016984, 6.969750737765075e-05]]
[[-0.6541436550937964, -0.5657234281778178, 0.2614427710894371, -0.013119746185012233, 0.015101235418905951, 0.012011220932712537]]	[[0.07278927079867681, -0.5708390196823895, 0.2485668144974525, 1.2089816634652066, -2.8996246094397153, 1.2696158886278913e-05]]
[[-0.6580193498458329, -0.5285007272365536, 0.27351938639991913, -0.013845102098798301, 0.014814281350958428, 0.011957492900882199]]	[[0.07281047915873753, -0.5708353963955732, 0.24854821403820768, 1.2090377375282584, -2.899613183834419, 1.4210623088714713e-05]]
[[-0.7015044667944558, -0.4887007374845721, 0.2979715966384999, -0.013766569540237618, 0.015491783910606136, 0.012221627897617725]]	[[0.07280582687047674, -0.57083010385619, 0.24850560009676786, 1.2090115300399706, -2.8995988113077753, -6.307560165241214e-05]]
[[-0.7323707810107689, -0.5451981016591207, 0.3092842862110942, -0.015415868128795484, 0.015747488770877612, 0.012757222496138879]]	[[0.07280436595133641, -0.5708298973262628, 0.2484866353057449, 1.209023831501911, -2.899579588754533, -6.394284107832697e-05]]
[[-0.7159102351388628, -0.5259310616434105, 0.30696193163603736, -0.015435026712556102, 0.015784275742914047, 0.012366484976538951]]	[[0.07281495903670207, -0.5708258327054772, 0.2484717385188623, 1.2090500117016805, -2.899542878626427, -2.7433712011691868e-05]]
[[-0.6777708203875438, -0.5124349186885648, 0.3071879738747075, -0.016458798972989314, 0.016730230002804405, 0.012609713903044857]]	[[0.07280353284753606, -0.5708206627974002, 0.2484362540539407, 1.2089728968624829, -2.899552339848621, -8.416927941468983e-05]]
[[-0.6223178886820324, -0.447250874872101, 0.3215051202683093, -0.017668339886679794, 0.018271745326843482, 0.01276981281482447]]	[[0.0728213287302626, -0.5708263947664682, 0.2484129513938746, 1.2091157854682775, -2.899506070318721, -4.512349747282541e-05]]
[[-0.6014858044072053, -0.37866786043981315, 0.31541696751734916, -0.018696191055173103, 0.018678916084485922, 0.012657421245183815]]	[[0.07280226532174792, -0.5708269993580285, 0.24839939182276205, 1.209011273213685, -2.899498373765481, -4.843852143187644e-05]]
[[-0.6411175360020369, -0.38769952873924063, 0.3249735040059628, -0.019706945467131073, 0.01831653551117629, 0.013213453460844519]]	[[0.07280326324537134, -0.570822741788623, 0.2483615033161153, 1.2090212727748968, -2.8995225135712204, -0.00012070184245756429]]
[[-0.6423523116805276, -0.37785913124360737, 0.327329409418259, -0.018485128068195137, 0.01582853610146878, 0.01293431134752511]]	[[0.07278453834979234, -0.5708340166243231, 0.24833121314978118, 1.2089305796938499, -2.8995485242068275, -0.00015930392351924913]]
[[-0.664550672039898, -0.3673514610672389, 0.33256108632788767, -0.016603783525339314, 0.014336286393512998, 0.01294134995528356]]	[[0.07280388304238762, -0.5708339845838849, 0.2483091355327574, 1.209052281023728, -2.8995488176529984, -0.00011946791569637628]]
[[-0.6619111976103231, -0.4093217588018523, 0.32837715229939657, -0.01718400488793072, 0.014373421781041175, 0.012745874456595967]]	[[0.07280091779819657, -0.570830072810185, 0.2482671825481486, 1.2090554129118085, -2.899458510667602, -0.00019738771364772797]]
[[-0.6432998080062039, -0.42275949609748875, 0.32994892925312347, -0.016708140855871603, 0.015872817551292173, 0.0122401118393854]]	[[0.07282187951328387, -0.5708342021347151, 0.2482584132209756, 1.209107665627095, -2.899486912140407, -0.00010007294427052913]]
[[-0.656271222551211, -0.47553500715388225, 0.34674133123755185, -0.01707117851735011, 0.017438502187837785, 0.012325338694530072]]	[[0.07280681314120747, -0.5708253406084298, 0.2482045985845393, 1.2090836855415916, -2.899526810751972, -0.00026818606864553]]
[[-0.6532258202193341, -0.5207890485699305, 0.34699797786331715, -0.016895681653334004, 0.016095201032297144, 0.012185305196718297]]	[[0.07280289376925214, -0.570828489666342, 0.24818821268057553, 1.2090483884494763, -2.8994886143680074, -0.00023270262496333344]]
[[-0.6973043935785217, -0.543707508427528, 0.3589339749868212, -0.01641982429807703, 0.014266703328734608, 0.01234589672484252]]	[[0.072801036499701, -0.5708330032142356, 0.24817674272578927, 1.2089912852666118, -2.8995504736855984, -0.00017522388740735825]]
[[-0.7480615684892646, -0.6078534271275731, 0.3755885798716893, -0.01710739929537464, 0.012854289068880743, 0.012480213872109007]]	[[0.07280088888900883, -0.5708325906157499, 0.24815968620518047, 1.2090262005300731, -2.8995369494860483, -0.00021180282674593677]]
[[-0.7407327478993716, -0.5727485772221136, 0.3876120599959856, -0.01639892961782658, 0.011709409288038103, 0.012541930047470617]]	[[0.07280299748136548, -0.5708286710896836, 0.2481355627185757, 1.2090651000815669, -2.8994820529427563, -0.0002327773243485929]]
[[-0.7554942147294299, -0.5389278444426973, 0.39922151055806515, -0.016703676858806096, 0.012323900523322238, 0.012980162405054698]]	[[0.07281076893423392, -0.5708234669190461, 0.2481048814477729, 1.209022921742436, -2.8995269747826726, -0.00026901860370577145]]
[[-0.6941913764492631, -0.4962061597539438, 0.39316436885211786, -0.017933080045200882, 0.012243379852249438, 0.01261782915839912]]	[[0.07280652887370415, -0.5708258036631971, 0.2480632461905423, 1.2090393959105696, -2.899469006663622, -0.00030913796580794265]]
[[-0.6535275884703298, -0.44688062182685945, 0.397060434059928, -0.018488701096549, 0.011955924724350416, 0.011998025969748347]]	[[0.07282340228613315, -0.5708190716888658, 0.24804045323370766, 1.2091104279936806, -2.899491659272599, -0.0003062452381647448]]
[[-0.6465529615085225, -0.37842666226337796, 0.38206298286191526, -0.018833523626869592, 0.011023157209782024, 0.01176450553697242]]	[[0.07279643591406917, -0.5708239574672899, 0.24801633633886483, 1.209040621552624, -2.8995208759812083, -0.00030540063215677695]]
[[-0.6777650560625299, -0.34520113844713407, 0.37321036791311013, -0.01934259519358721, 0.011104729756907067, 0.011575054983231983]]	[[0.07280463619043412, -0.5708192858729977, 0.2479952760184492, 1.20906805441833, -2.899536184900352, -0.0003407383654173528]]
[[-0.6387693514945835, -0.2712339560041558, 0.3646844914929122, -0.018618617746303967, 0.010783800134644804, 0.011900161919448557]]	[[0.07282497580452944, -0.570823248628923, 0.24796933836550633, 1.209110748296147, -2.8994926694919667, -0.00034169248614811736]]
[[-0.6136874397402992, -0.24028101062600218, 0.3710182447591507, -0.01888099827873499, 0.011117368501775925, 0.011772699174113825]]	[[0.07281857311253151, -0.5708306591762686, 0.247952955358539, 1.209075956645937, -2.899557579338114, -0.00028081270397682916]]
[[-0.5693803679286072, -0.19305378241930346, 0.34848332398158294, -0.019129945739246167, 0.010614046825369018, 0.011928524443198656]]	[[0.07279280626198635, -0.5708264280748899, 0.24793191597721553, 1.2089798421881792, -2.8995719585343016, -0.0002812076409639149]]
[[-0.5515138519723919, -0.16103512537551332, 0.3404738662582958, -0.018769184938710375, 0.010181976689333353, 0.011853741840200157]]	[[0.07278300145238616, -0.5708329460848415, 0.24788708500179502, 1.2089791973803055, -2.8995217071285135, -0.00034125408443862285]]
[[-0.5545415293613406, -0.1805486149103435, 0.34387265302074205, -0.01876073074907774, 0.009828218688451596, 0.011776325029020688]]	[[0.07283213950190877, -0.5708320305654102, 0.24788505848123324, 1.2091056417270225, -2.8995314884369385, -0.00022386018285819632]]
[[-0.5983718358378585, -0.18714018487817882, 0.36171698056716856, -0.018033557319205324, 0.010043845972495585, 0.011393511332127695]]	[[0.07278653614312726, -0.5708388007154005, 0.24785153734663934, 1.208948921477223, -2.8995466405353167, -0.00028304849941556136]]
[[-0.5517659705291778, -0.22509081020656158, 0.3641834061160407, -0.01881015448540782, 0.009473139240092864, 0.011365334894342456]]	[[0.07280744968433114, -0.5708430298076215, 0.2478110624580471, 1.2090362451540693, -2.899561987335544, -0.00027774448888505604]]
[[-0.5187298009471241, -0.1971821132089402, 0.35331025309345904, -0.01823171266580557, 0.009300023937256971, 0.011454266202558487]]	[[0.0728106421674595, -0.5708350392419027, 0.24779796349650834, 1.209049475573664, -2.8995428063081095, -0.00024008827400451424]]
[[-0.5068271922847284, -0.17029562134952025, 0.3369983521735832, -0.01778644453469582, 0.009302021868815616, 0.011709569072301269]]	[[0.07279859677804171, -0.5708396446726944, 0.24778944857865126, 1.2090425092865573, -2.8994790298288304, -0.00016836513871591342]]
[[-0.512698380314367, -0.1509984522394248, 0.344621209890622, -0.017958829246516577, 0.009849923799353847, 0.011132776350708647]]	[[0.07281099818649175, -0.5708392592366296, 0.24776613637500217, 1.209026933490395, -2.899537377372375, -0.0001474067799676863]]
[[-0.5092964172725405, -0.13009428938284795, 0.34439548889437116, -0.018059864500197594, 0.009995500834958527, 0.010719047448373195]]	[[0.07279314003472742, -0.5708338251592256, 0.24773114652937409, 1.208970798461028, -2.8995505360956257, -0.00025834468060549886]]
[[-0.5414783852606977, -0.09675706150469246, 0.3382511403664001, -0.018423751786661748, 0.010479870412455903, 0.010937931847953511]]	[[0.0728113487382511, -0.5708435212624299, 0.24771906873017285, 1.2090740798675121, -2.899504561428265, -0.0001263105884946829]]
[[-0.543161605012328, -0.09128710377488325, 0.32454501298145194, -0.019112867886629137, 0.010269541412316844, 0.011030858537591495]]	[[0.07283228857909851, -0.5708355073582007, 0.24768574949564923, 1.2090834351984887, -2.8995270580951327, -0.00014273759716997266]]
[[-0.525832074544211, -0.0928034057936919, 0.30651739888594265, -0.018435521116313257, 0.01012919838679708, 0.011677651631061672]]	[[0.07281969537082639, -0.5708466855574851, 0.24767960386680665, 1.209090936433054, -2.8994964353550254, -6.837700344281775e-05]]
[[-0.5447406852928118, -0.13029800097246616, 0.3016383784779337, -0.01796625601557774, 0.010497967701868392, 0.01233549081785215]]	[[0.07280842301714863, -0.570848562535855, 0.24765372707681027, 1.208995465784513, -2.8995614935131577, -2.9874216156206313e-05]]
[[-0.5785386372228882, -0.17106146983812698, 0.2853231642226586, -0.017481208312834156, 0.00993384113764131, 0.01189287908799797]]	[[0.0728066544035705, -0.5708527032535125, 0.24762499447871686, 1.2090442553701635, -2.8995795851579755, -8.9115028287202e-06]]
[[-0.6426905822427549, -0.23752403232250185, 0.27874968025754654, -0.017841744580303062, 0.009783660421756282, 0.011897416540754805]]	[[0.07282503673324853, -0.5708573985209643, 0.24759779984769684, 1.2090256859440807, -2.899534947001977, 2.7628082962012867e-05]]
[[-0.6336769546698702, -0.2764357382450545, 0.2653031390009514, -0.017024868850647246, 0.008623800315384362, 0.011579291037352375]]	[[0.07280386651110773, -0.5708587080433359, 0.2475697954243689, 1.2090596122457373, -2.899520944573364, 2.790970605304111e-05]]
[[-0.6081038403292736, -0.29727428772211184, 0.2534824207021636, -0.015197191685182533, 0.007739362566956255, 0.011490684776993281]]	[[0.07280392783122215, -0.5708621776084173, 0.24757146794409807, 1.2090024664702304, -2.8995297800701483, 0.0001198337251285437]]
[[-0.6773739525286226, -0.34815857712138315, 0.23527125701304072, -0.013918138793900428, 0.009102587133920662, 0.011103347459951545]]	[[0.07281940442570929, -0.5708544695677188, 0.24753803481880587, 1.2090862209687583, -2.8995341954974116, 0.00010281154115465055]]
[[-0.6659326417867393, -0.39631362635752576, 0.21024920425719396, -0.012583274003799471, 0.00940872224492044, 0.011138167859514995]]	[[0.07282376605079843, -0.5708728492977386, 0.24752742973102537, 1.2090760504437748, -2.899510072722425, 0.00021525822346878584]]
[[-0.617212606211324, -0.4368791999234443, 0.20551288434557574, -0.012001458738953403, 0.009396538463187065, 0.01002747912578324]]	[[0.07282255782635286, -0.5708628010542327, 0.24750470946825376, 1.2090163429144938, -2.8995614056971672, 0.0001957422777530708]]
[[-0.6436475020919529, -0.5201392205270582, 0.1835182568227824, -0.013247431507884443, 0.010706106325269134, 0.010280821990765767]]	[[0.07282549447512131, -0.570858259497511, 0.24747949250652895, 1.2090590505314047, -2.8995176259387083, 0.0002137848985605995]]
[[-0.6320562209902075, -0.5409697468933153, 0.16016014542678209, -0.014145026579282509, 0.011236727916169418, 0.010038261932045309]]	[[0.07280943852511017, -0.5708665547256868, 0.24744670513361502, 1.208998437302474, -2.8995691952419382, 0.00019444515590744436]]
[[-0.6045398087777343, -0.5171470264385302, 0.14647444782272304, -0.013748602592229455, 0.012282940365471656, 0.010882689979273745]]	[[0.07282415420165257, -0.5708635994472987, 0.24742801434531891, 1.2090382940691482, -2.899565589145311, 0.0001949813670344042]]
[[-0.5429413492614656, -0.4914677656225013, 0.12034369643278552, -0.013568981723736065, 0.012857547156425415, 0.010792850180395332]]	[[0.07279405624034611, -0.5708635025126324, 0.24738783882375756, 1.2089815796442707, -2.899577400397977, 0.00015628059434820213]]
[[-0.4577037142408627, -0.47190890992783757, 0.09830205805563397, -0.013195531132270346, 0.01252214435375566, 0.010664647155374716]]	[[0.07283335705619907, -0.5708669673715882, 0.24736345437302815, 1.2090502421429967, -2.8994968174763915, 0.0001728870324220415]]
[[-0.41106713286533114, -0.4340332735210248, 0.07251717700146407, -0.012150948685790811, 0.012665165086599805, 0.01006055266512396]]	[[0.07282416044863638, -0.5708635157223122, 0.24735780816297137, 1.2090735218868556, -2.8995508854165957, 0.00021202963754602983]]
[[-0.36313034835622227, -0.4137303416524843, 0.029099931857094537, -0.011884215512864275, 0.01219158766585783, 0.009865198458737453]]	[[0.07281541186252721, -0.5708535980718871, 0.24732218874431386, 1.2090030546102641, -2.899529286630579, 0.000190646899276336]]
[[-0.3906000028414216, -0.4077735504526091, 0.01609941102075927, -0.01201442734420711, 0.012231260337460472, 0.010328039874295529]]	[[0.0727940312994854, -0.5708613584177457, 0.2472790514571616, 1.2089764967143448, -2.899516343419565, 9.49635195233488e-05]]
[[-0.4287637836515194, -0.430777876898143, 0.011704446711555351, -0.013084740730266138, 0.012054089543772621, 0.010887668171973947]]	[[0.0728081149274007, -0.5708662545158867, 0.24723844143657597, 1.2090121812776278, -2.8995537889162124, 9.805405762828865e-05]]
[[-0.3795665780071658, -0.371655209020125, -0.0006747779543528292, -0.011998876382718095, 0.009945688070873822, 0.009895498613181843]]	[[0.07279578356982087, -0.5708713895150098, 0.24720885156476774, 1.208977607693377, -2.89956831546099, 9.946341355060119e-05]]
[[-0.39383207089046346, -0.34000320088705654, 0.009637536216165626, -0.010848925353904802, 0.008995714986935556, 0.00944004293716656]]	[[0.07282132598679367, -0.5708625939786295, 0.24719934932638432, 1.208996067190698, -2.89955985905065, 0.00013671504092584028]]
[[-0.3660541183051216, -0.34617070203905026, -0.000587122424188569, -0.010855156120275693, 0.006834938049132615, 0.008671261775082555]]	[[0.07281502722161004, -0.570867656362285, 0.24715016039652837, 1.209035809701533, -2.8996110718736223, 2.832181181736351e-05]]
[[-0.3444997251171367, -0.3258304227283092, 0.005839605256188889, -0.010141623615593967, 0.0051825499047074425, 0.00861026804393992]]	[[0.07282203657454185, -0.5708577457085945, 0.24711806484706464, 1.2090402189686886, -2.8995706453753534, 6.132809360009354e-06]]
[[-0.34980887538667993, -0.310451774882199, 0.027151608549979507, -0.009529393032536705, 0.0053307817774248985, 0.008458015677098727]]	[[0.07282194578066815, -0.5708471922960227, 0.24708765663393595, 1.2090373851140734, -2.8996125402162187, -4.9421004393665065e-05]]
[[-0.34622252203631987, -0.31350311349199533, 0.04994328594228032, -0.010222859609279928, 0.005688204110034353, 0.008319424669909967]]	[[0.07281348701036583, -0.5708416453105886, 0.2470350477269825, 1.2090152482649839, -2.899559071935873, -0.000145089559510738]]
[[-0.3548879083597842, -0.2880247945624558, 0.07298041936964288, -0.010585622703300752, 0.006031431780554668, 0.009036656607474956]]	[[0.0728185926367533, -0.5708552782095812, 0.24703652633561213, 1.2090318039886196, -2.8995504278567585, -6.929644658479297e-05]]
[[-0.3546310347851413, -0.2544180373252805, 0.10935385144480855, -0.011407533333335315, 0.0066630453973437875, 0.0092653491054141]]	[[0.07281263283900442, -0.5708426382565571, 0.24702399290315719, 1.2090791071663967, -2.8995174653382114, -5.0077608753254215e-05]]
[[-0.37988644916206643, -0.20229986714710424, 0.13286178911611854, -0.011814152253236123, 0.007439813488653364, 0.008887405964218411]]	[[0.07281067975051037, -0.5708505363804627, 0.2469866301377913, 1.2090362148778222, -2.899562993496752, -0.00012330972848521423]]
[[-0.37583575617421705, -0.15918086714101526, 0.16051739994441214, -0.012072458817035921, 0.007879863077202207, 0.009151358070308934]]	[[0.07280912242190105, -0.5708586020129203, 0.2469705782633355, 1.2090454039062344, -2.8995833837459695, -4.785607830637468e-05]]
[[-0.36100696878695204, -0.13943310211850873, 0.20925182017821897, -0.012215578097629385, 0.0075745879462207205, 0.009260422397161645]]	[[0.07281816398473286, -0.5708418077886126, 0.2469241280387116, 1.209093237375486, -2.8995029321568437, -0.00021901539363955317]]
[[-0.3777244447500446, -0.14255134801745117, 0.23332011922832765, -0.013017743551791467, 0.00828996392981171, 0.008721336628779523]]	[[0.07282506735204201, -0.5708466878484241, 0.2468899467171734, 1.2090767445679615, -2.89956116627506, -0.00019705432482969987]]
[[-0.36324281021999427, -0.14614084426205443, 0.25003588472183486, -0.01334995990955176, 0.007615986340145859, 0.00858236388714067]]	[[0.07283753122832476, -0.5708418171945905, 0.24687512830845232, 1.209041950089745, -2.8995749176296783, -0.00015914868273222206]]
[[-0.37936925808828537, -0.13610588134434531, 0.2566055325953344, -0.013377113116551466, 0.007109732525734137, 0.008036592697091647]]	[[0.0728355143935778, -0.5708451555572188, 0.24686248858639437, 1.2090727988368342, -2.8996005283674346, -0.00012020019266178864]]
[[-0.4061273763244037, -0.19436739061424324, 0.2770576041809689, -0.014123099844042704, 0.007037810983358957, 0.007705207924439706]]	[[0.07281441967157666, -0.570837156143621, 0.24683802993882548, 1.209077479546332, -2.899560731212275, -0.0001772950086176464]]
[[-0.41159164697323763, -0.21182019259348767, 0.29651560848235453, -0.01324859704665471, 0.00649938829374676, 0.0070929434119646004]]	[[0.07281554406454244, -0.5708367857787022, 0.24677932705483896, 1.2090474242045686, -2.899588138064182, -0.00025142497326521667]]
[[-0.4299782698058784, -0.2631973918502977, 0.29979062939968826, -0.012957315653925269, 0.006333971336112551, 0.0077883473519883215]]	[[0.07281169077361921, -0.5708332701151102, 0.24675672602990933, 1.2090740667395237, -2.899552609535876, -0.00030955746525214455]]
[[-0.45930101867814666, -0.31138984760548505, 0.3100608867337566, -0.013597409332458649, 0.006429134395514159, 0.007741382782175973]]	[[0.0728293711104145, -0.5708319705411903, 0.24675486231684315, 1.209172502519417, -2.8995474381647814, -0.00015588430146433192]]
[[-0.48801158600160227, -0.35741117673979156, 0.3203467683088015, -0.013807660237465595, 0.007251149428165354, 0.00717473535529145]]	[[0.0728135033839966, -0.5708380017044412, 0.24670956538123512, 1.2090734955852145, -2.8995513522831238, -0.0002317837913977313]]
[[-0.45777264619542796, -0.31142666234410754, 0.32148454428933954, -0.012358635476960072, 0.007015773336472292, 0.007195881213272226]]	[[0.0728131298223421, -0.5708403912802971, 0.24670429746696412, 1.209050941234532, -2.8995478576453104, -0.00023193630028499253]]
[[-0.4705300816182099, -0.2954522185619962, 0.31926207604312395, -0.012271288430657121, 0.007381901832275264, 0.008063222183257364]]	[[0.07279326154062835, -0.570845183071625, 0.24668068302038693, 1.208980997177686, -2.8995767532546597, -0.00021452661924515254]]
[[-0.5096615719398988, -0.274363397972586, 0.31028013117412645, -0.013107216059026134, 0.00892558936493412, 0.00849761139317175]]	[[0.0728155911943427, -0.5708401538905454, 0.2466445058664095, 1.209060291071276, -2.8995705358697603, -0.000250889471165255]]
[[-0.48859402824596987, -0.25256966239805184, 0.32713642808355176, -0.013454847686197587, 0.009010000381508584, 0.00812338046889145]]	[[0.07282517028171487, -0.570830956701566, 0.24661457565055367, 1.2090731267687094, -2.8995524086163504, -0.00024934830875487414]]
[[-0.5400216009117218, -0.2593305881545761, 0.3495161708991297, -0.014537823895272368, 0.010641700865055118, 0.008314199151187434]]	[[0.0728013421318954, -0.5708285811142438, 0.24659846385927459, 1.2089991222938445, -2.8995713331974953, -0.00028917441449780013]]
[[-0.5334300441658579, -0.25711991782480914, 0.3462298353223593, -0.015985518898643702, 0.010180650805335905, 0.008249548489750048]]	[[0.07279955483419229, -0.5708326709078898, 0.24657008036203532, 1.2090478996077179, -2.8995894074013937, -0.0002669977344650362]]
[[-0.5253350995446258, -0.2649952143165091, 0.3395007137352355, -0.017498042919610816, 0.010373670588263278, 0.00837610105847981]]	[[0.07279119379172799, -0.5708394552525078, 0.2465827562614431, 1.2089980404378342, -2.899568876607608, -0.00015582832445465688]]
[[-0.555134558098259, -0.2264005989729989, 0.35312496315589464, -0.01738855931590217, 0.011037726426134082, 0.008922830031479945]]	[[0.07280821744654949, -0.570827022438757, 0.2465352680047949, 1.2090514594838135, -2.899548964274352, -0.0002494819906010548]]
[[-0.5805236126254072, -0.22439068741451934, 0.3458580047363419, -0.017707348097900817, 0.01070220479121685, 0.008864701236523545]]	[[0.07280100350259781, -0.5708240898748912, 0.24651130299541263, 1.2090205461954169, -2.8995740424489256, -0.00021020609428017045]]
[[-0.6018067267136049, -0.23008788838751043, 0.33341011252243, -0.017957793908043487, 0.010577572704848147, 0.009398024069891776]]	[[0.07280805310748353, -0.5708264464642461, 0.2465056930858413, 1.2090162169512286, -2.899561672226435, -0.00015299577921484072]]
[[-0.6333857868302556, -0.25034444613350604, 0.3287572871892212, -0.017879829269034583, 0.010833058507498603, 0.009664829000292294]]	[[0.07281493140862622, -0.5708223607438977, 0.24649254792952213, 1.2090381055280528, -2.899565515422786, -0.00015162066641804771]]
[[-0.669111184356924, -0.30264397616652927, 0.3343647647860387, -0.018408069924165986, 0.011498458918621147, 0.010294668380844547]]	[[0.07279053625686914, -0.5708252665546347, 0.2464321738400858, 1.2089560942592084, -2.8995634027429413, -0.000247889942193157]]
[[-0.6571297864644764, -0.293198874736892, 0.3123132162654898, -0.0177648101692945, 0.01068645847938054, 0.009963255978968816]]	[[0.07279620428573666, -0.5708267839293086, 0.2464088221307149, 1.2090249223536735, -2.899584764588016, -0.0001694139244977502]]
[[-0.6563377018661348, -0.2818411412405831, 0.2946357108157566, -0.017108068973261805, 0.010594074532953234, 0.00981552089629443]]	[[0.0727881352148065, -0.5708275443567463, 0.24641334354832217, 1.2090022349723537, -2.899578797914838, -5.783979088406e-05]]
[[-0.6243065580275268, -0.2891255725959445, 0.28510267106063136, -0.016927050400033096, 0.010001868142024145, 0.009390311843416902]]	[[0.07281859694445109, -0.5708230781635433, 0.24640303622132648, 1.2091103787292117, -2.8994954254414043, -7.720162365635404e-05]]
[[-0.6423086541871781, -0.27148114634862397, 0.2635487744645933, -0.016566739151118608, 0.01066027687887255, 0.010046757995029389]]	[[0.07281184933236634, -0.5708172608805748, 0.24635087129176178, 1.2091025023203161, -2.899525244283191, -9.493841920671432e-05]]
[[-0.6350061711103814, -0.2452820147989454, 0.25043080871907103, -0.0160073132177231, 0.01052902018421691, 0.010492156081105198]]	[[0.07281048851952913, -0.5708237311521915, 0.24633994623793493, 1.2090537666715266, -2.89950558135105, -3.850501567842683e-05]]
[[-0.6192424046354716, -0.24399203424273608, 0.2577630907762262, -0.016146144001082205, 0.011071833510494134, 0.01007353550245752]]	[[0.07279208980201836, -0.5708257031523681, 0.24631496972485567, 1.208941381770451, -2.899578767665556, -5.428341469812885e-05]]
[[-0.6007620457088869, -0.2447255330542026, 0.258922139942417, -0.016217350669455538, 0.011759888015972964, 0.010078278324317265]]	[[0.07279082613913046, -0.5708154939373762, 0.24628303212997232, 1.2090199336721876, -2.8995724649052073, -7.24009900418039e-05]]
[[-0.5725590284286318, -0.20230096681026508, 0.2559886455143758, -0.01588174278787847, 0.011046999907452545, 0.009600435947185043]]	[[0.07279925176419132, -0.5708154509843786, 0.24627293780474463, 1.2090589055823926, -2.8995666633027417, 4.079698966981957e-05]]
[[-0.5642740423068602, -0.2318666961732426, 0.2502536385635781, -0.017900626019985686, 0.01082489257166593, 0.00960311601685451]]	[[0.07280197643324351, -0.5708261345835652, 0.24624558154569925, 1.2090362798613359, -2.899563269084614, 4.1396153978281414e-05]]
[[-0.585698264450345, -0.19643401411522324, 0.2633162195609853, -0.017996376314888034, 0.010787047912814408, 0.009511684694722846]]	[[0.07281194173841513, -0.5708274575830842, 0.24622251210050922, 1.2090363064596157, -2.8995125905333468, 7.3399682996075e-07]]
[[-0.5697896504608513, -0.19481136548816907, 0.25506950489779157, -0.01851450428795086, 0.00987700392330186, 0.009218133124654254]]	[[0.0728077167273696, -0.5708181629942364, 0.24620761800350574, 1.209041396207571, -2.8995734803612216, 7.730972510546558e-05]]
[[-0.5483641282774504, -0.19592776019255637, 0.24686129776577695, -0.017651907792195373, 0.009413840260109472, 0.008967432036967028]]	[[0.07281289079131664, -0.570821710186212, 0.2461809328563917, 1.2090726595054264, -2.8996001886136504, 6.217859130336344e-05]]
[[-0.5394967506886525, -0.23957114878458238, 0.2628538199370069, -0.017607489352875882, 0.009739256235177988, 0.00921598435701537]]	[[0.0727923951051509, -0.5708227212289647, 0.24614861899944468, 1.209048657603815, -2.8995441559760535, 0.00011678720553340271]]
[[-0.5649382546629038, -0.27313281936421974, 0.27615080901168165, -0.017725114885252333, 0.010043191695817202, 0.00918092324926161]]	[[0.07281534381030541, -0.5708247520884886, 0.2461400771198936, -1.2090419572445938, 2.8996239761058846, -0.0001580742255593407]]
[[-0.5978886856081366, -0.3061155122371663, 0.2799760851471336, -0.01804252021651408, 0.010874630234518817, 0.009302765350275428]]	[[0.07279783362501889, -0.5708215234453725, 0.2461121301370196, 1.2089921691984813, -2.899554594354613, 0.00013423718413633503]]
[[-0.587663615639301, -0.3366644503953208, 0.26457570055958995, -0.0179423273308368, 0.010485041950525442, 0.009457486434174427]]	[[0.07281472048486283, -0.5708263355355118, 0.24609678221340553, 1.209089601284149, -2.8995902939960794, 0.00021370819490100512]]
[[-0.5736754577246345, -0.38218625598127265, 0.2701083600913192, -0.01703906489166657, 0.010994278750895706, 0.009511279292973763]]	[[0.0728243444651787, -0.57082078381399, 0.24607150511435563, 1.2090795505508127, -2.8995678940984786, 0.00023078567244865617]]
[[-0.5791318152601113, -0.4089257061793151, 0.27480800302595376, -0.015456796262948613, 0.012532084033666907, 0.009734466057924152]]	[[0.0728162250676551, -0.5708282591220125, 0.24606957987924521, 1.2090308137084977, -2.899548234970583, 0.00028468626756678777]]
[[-0.5611866684938568, -0.41357137296751006, 0.26198593027610056, -0.014327799586010492, 0.012493979845332797, 0.010150737533127464]]	[[0.07280899336952408, -0.570817828083049, 0.24602152570313773, 1.209045411084635, -2.8995833114828278, 0.0001902801325325192]]
[[-0.5567801561270656, -0.41695004659541457, 0.2644891380451465, -0.013428747094812754, 0.012843629912807391, 0.009844596958926078]]	[[0.07279615651286012, -0.5708223884014635, 0.24597485304123543, 1.209045713707974, -2.8995842239580965, 0.00015416980338115675]]
[[-0.5160633688858798, -0.39306067258952093, 0.24409305797903885, -0.013134369709147544, 0.01231613153641439, 0.010225188885894377]]	[[0.07280033078195962, -0.5708177887943295, 0.24596667290618324, 1.2090400971942954, -2.8995724698896446, 0.00020932147325144725]]
[[-0.5332917818560751, -0.3721108609090684, 0.23237340333128265, -0.012669302726864798, 0.012455393946091289, 0.010108536709969713]]	[[0.07281678530393958, -0.5708228505533522, 0.24594972243871138, 1.2091267295264558, -2.8995351738205963, 0.00026453436061232724]]
[[-0.5034143928922155, -0.35726881313864434, 0.21016069516040728, -0.011866605907587034, 0.011860050996444849, 0.009623754873280724]]	[[0.07279637392408267, -0.5708193438722026, 0.2459262484937494, 1.2090668748618274, -2.899588282898648, 0.00019085879397364732]]
[[-0.4824398505336671, -0.3732736465103276, 0.19140304017805296, -0.011524055264705249, 0.011558024168024494, 0.009646918576495161]]	[[0.07281664847076309, -0.5708223950425088, 0.2459148342107123, 1.20909314265277, -2.899550046934083, 0.00024565454600543546]]
[[-0.5454046766471214, -0.3835947007790912, 0.18544682980733965, -0.011601202937245252, 0.013066135088040077, 0.009917524348058877]]	[[0.07281006922416287, -0.5708204503750385, 0.24587796216013985, 1.2090809606637374, -2.899569593090537, 0.00019136470470811637]]
[[-0.518716684069884, -0.39852675126710885, 0.17390821902260092, -0.01271486420833805, 0.012041472568220024, 0.00986677454707513]]	[[0.07281693543932317, -0.5708161587558414, 0.24585699766451458, 1.2090854465947862, -2.8995823489582153, 0.00015525637346057246]]
[[-0.5382137522539168, -0.352613277064449, 0.17111458807026497, -0.012630905137358862, 0.01216161871489107, 0.009968874512446666]]	[[0.07279542708163121, -0.5708096275752573, 0.24582772205136527, -1.2090055989615123, 2.899636054862142, -0.00011752108426521033]]
[[-0.5245697701266029, -0.2970941587348352, 0.1576243703095437, -0.01249845132206709, 0.01218421123757052, 0.00978712288910082]]	[[0.07282966108225507, -0.570816979810707, 0.24581731911904808, -1.2090664058091067, 2.8995856847120245, -0.00021371520935460704]]
[[-0.5331392250454898, -0.25030526478067405, 0.15741524501975251, -0.012511063649762125, 0.012950920244196399, 0.010139399290983193]]	[[0.07280786219682102, -0.5708163621013936, 0.2457869341919816, -1.2089965607690298, 2.8996128000968704, -0.00017746594703021515]]
[[-0.49208043132816803, -0.23013700775576532, 0.14489701056386398, -0.013504284234767433, 0.013452769076100733, 0.009692825025696227]]	[[0.07281920907693366, -0.5708040234352219, 0.24573883361043214, -1.2090949655408032, 2.899554889429656, -8.216780956340301e-05]]
[[-0.46146931338735797, -0.22350196848577342, 0.14924153964806783, -0.014352783270541153, 0.014486421139532761, 0.009730907552867828]]	[[0.0727715503825356, -0.5708139575990477, 0.24571706326895604, -1.2089253639823248, 2.8996386103465897, -0.00011938786335137237]]
[[-0.44451811528594276, -0.22647490396217157, 0.1504204157233465, -0.01418581149717288, 0.014726774604629466, 0.010044288088058682]]	[[0.07281095817711976, -0.5708046495601575, 0.24570892552348608, -1.209083511929068, 2.8995759163841957, -0.0001750623334311176]]
[[-0.4701247955414418, -0.2553461480971074, 0.136425438980605, -0.01336539558648006, 0.011597396750728347, 0.010258855335464591]]	[[0.07280824131060538, -0.5708076855707778, 0.24569841790385077, -1.208999442172125, 2.89957316185868, -0.00012133361218255396]]
[[-0.5419309653923903, -0.3019920077457679, 0.15395865900416564, -0.011839659633807214, 0.008349203699227013, 0.010893028565156185]]	[[0.07281620415339522, -0.570802460108607, 0.24564250078403144, -1.2089911819138577, 2.899549634147036, -6.698920375647723e-05]]
[[-0.579029504715692, -0.3549415730784993, 0.16390288495246505, -0.012325894280902187, 0.007277170354652947, 0.010507274456340521]]	[[0.07283603315760964, -0.5708053496753146, 0.24562319145078265, -1.20912185420973, 2.8995224424322377, -8.375375358483253e-05]]
[[-0.5092927079582122, -0.33320253840011044, 0.1640272576024462, -0.013780438024492324, 0.007382427589351488, 0.010391596234712204]]	[[0.07281380098426006, -0.5708098382716373, 0.2455909087406587, -1.209078774264681, 2.8995650869889737, -4.462610201877888e-05]]
[[-0.49033702523884765, -0.2879330287242656, 0.1786300077902954, -0.014584863255637381, 0.010250273355865484, 0.00989642612154111]]	[[0.07280927035369097, -0.570801024361852, 0.24556716993662747, -1.2090655957532028, 2.8995837668390423, -6.347498738798776e-05]]
[[-0.4743055332155903, -0.3008705763622584, 0.18092446718060132, -0.015413691127451726, 0.011442040375576078, 0.010100502517488393]]	[[0.07281796703199743, -0.5708017979110253, 0.24556173392238229, -1.20904362819131, 2.899579869245733, -6.419731727667627e-05]]
[[-0.5053880170075289, -0.35275560739979506, 0.20160233126324523, -0.014869977511291751, 0.010015029597707201, 0.010010294018790847]]	[[0.07279404420524506, -0.5707924346463855, 0.24552141038221947, -1.2090026721098606, 2.899580854931106, 6.673431253419912e-05]]
[[-0.5570867550548456, -0.3700283574524519, 0.20044092074486022, -0.013647616031422023, 0.007957366169731004, 0.009705895019830995]]	[[0.07280914240764408, -0.5708067523189303, 0.24550767548744834, -1.2090287602989311, 2.8995465584119566, -6.60116499398732e-05]]
[[-0.5814773083872722, -0.3916531218416443, 0.19196818089506934, -0.014083967743193936, 0.0070627192920778474, 0.009870873945365453]]	[[0.07280279309352836, -0.5707966778187961, 0.24549252653780124, -1.2090377526440368, 2.899567773827672, -8.601371234614981e-06]]
[[-0.49822113003410673, -0.2949718890288304, 0.18664710403961537, -0.013776928607762822, 0.007706257739926944, 0.009449653197933065]]	[[0.07280442375172258, -0.5707976609717054, 0.24544434239539992, -1.2089979856590474, 2.899569956665866, 4.653593843280885e-05]]
[[-0.45112549962018866, -0.25553547937134413, 0.19315804476479656, -0.016223420343814743, 0.00970150517981555, 0.008764358964280157]]	[[0.07279802537789277, -0.5707872371780451, 0.2454257833816762, -1.2090419798020688, 2.8995777094279984, 2.9058686555732803e-05]]
[[-0.4224972347558019, -0.22733478344266728, 0.18206770010340842, -0.017784874591158028, 0.010871008187012032, 0.009005850346965464]]	[[0.0728002479717581, -0.5707828858450426, 0.24540503286813997, -1.2089930794862802, 2.899557928529533, 6.346746457482858e-05]]
[[-0.45517392688826575, -0.22057551923674307, 0.1884498583606171, -0.017255383910932953, 0.009691915440409715, 0.008788615942401604]]	[[0.07282208541328826, -0.5707833389988091, 0.24536697848374328, -1.2090624613573646, 2.8995279530389393, 0.00010191919146289641]]
[[-0.5343104883153468, -0.23863284693625125, 0.20047005760898104, -0.01546880553213497, 0.008369372877957172, 0.009142723988097635]]	[[0.07280427117680327, -0.5707902450426148, 0.24534807326300279, -1.209005397182179, 2.899539210344696, 8.089013850224004e-05]]
[[-0.5500269472937716, -0.25760066162594103, 0.1991230613205901, -0.01374322142103538, 0.005196399149927626, 0.0084176691479736]]	[[0.07278945377455827, -0.5707955639115186, 0.2453405820175757, -1.2089471015385085, 2.899591914743203, -1.1790519611016368e-05]]
[[-0.5904413740906402, -0.23140183172233203, 0.1929773447358729, -0.012821470974721985, 0.0047085748196546325, 0.008833609352053205]]	[[0.07281119916069911, -0.570788882206496, 0.2453117632173139, -1.2090407361540736, 2.8995247236207424, 6.113617726245997e-05]]
[[-0.6125679562729993, -0.21650397425977447, 0.20089283022245652, -0.013161820130846212, 0.005385030018950289, 0.009175736085988094]]	[[0.0728074704582377, -0.5707959913879732, 0.24526901161736012, -1.2090123588460608, 2.899600606606234, 0.0001002942460538814]]
[[-0.5907451356684991, -0.1893702904054688, 0.20571638326618732, -0.013330965797377924, 0.004961880138844733, 0.009529179226545692]]	[[0.07279096430245942, -0.5707872959124524, 0.24525296323893653, -1.2090236889273864, 2.899582820762325, 0.00010106685659924233]]
[[-0.6772217067600752, -0.1994451986957889, 0.22369873126835896, -0.013628777201295468, 0.005585678495080267, 0.010060005770348632]]	[[0.0728203773308684, -0.570787592756546, 0.24521170025772135, -1.209013064683873, 2.8995074517019135, 0.00017065947908277953]]
[[-0.7244401223387735, -0.228776794969608, 0.22666384520642957, -0.013821156794862845, 0.004470419454450967, 0.0103385838890611]]	[[0.07279723167063822, -0.5707937067963236, 0.24519444752350333, -1.2089923490620058, 2.8995567979393773, 7.988182724032771e-05]]
[[-0.7338545284897202, -0.2666593356013243, 0.24587923780524024, -0.014398349928365282, 0.0037014539248220084, 0.009949192370187982]]	[[0.07281869890627456, -0.5707966302859153, 0.24518344950650633, -1.2090673794238909, 2.899540198220433, 2.2231489685923037e-05]]
[[-0.7612263991081356, -0.2648668212933588, 0.25640670748563477, -0.015079275630374525, 0.005652616171731735, 0.010460813590667344]]	[[0.0728129123000808, -0.5707776150090108, 0.24514877214566838, -1.209061886595532, 2.8995267315030304, 0.00011505340588772603]]
[[-0.6742741187150282, -0.2093331106230549, 0.25017321473498205, -0.01601014279042525, 0.006473528552311675, 0.011017991960402257]]	[[0.07282317363815889, -0.570805046091693, 0.24512829760126714, -1.2090803730050037, 2.8995211602503015, 1.8762860111670764e-05]]
[[-0.6029840700747396, -0.2063164230543957, 0.24309780900821998, -0.018128953399229125, 0.008946570303712301, 0.01097165270449331]]	[[0.07280755012421163, -0.5708056717673204, 0.24509227206276907, -1.209066118243957, 2.8995395083306668, 5.645512567814802e-05]]
[[-0.5350152158821302, -0.13893735770793975, 0.22704909762443512, -0.017801191866606895, 0.00963389738766877, 0.010669776845362147]]	[[0.07281139352977094, -0.5707858236440185, 0.24505060217079788, -1.2090346250963042, 2.8995105909889785, 0.00016777451383548068]]
[[-0.48992520365146286, -0.1256433290989034, 0.20582871796343657, -0.017957983343760062, 0.009525288938062247, 0.010473870607370567]]	[[0.07281746736430489, -0.5707965930048833, 0.2450533101757545, -1.2090542678975031, 2.89955754719233, 3.826074740724621e-05]]
[[-0.47455452007783294, -0.09610599129479111, 0.19628119651597417, -0.016629901132992835, 0.00902047005409748, 0.009911171837269743]]	[[0.0728206769790424, -0.5708050842710118, 0.24504594050514777, -1.2090378487578597, 2.899566939108508, -7.646391926854376e-05]]
[[-0.4134141445793722, -0.1133212940990965, 0.17663043272255638, -0.01623589945562294, 0.007833855458998968, 0.00988033515912514]]	[[0.07279974657389467, -0.5707967870174026, 0.24500761937229998, -1.2090230428836295, 2.8995315254975496, 1.641942205713276e-05]]
[[-0.3658305769107192, -0.086143353059008, 0.1678600701233507, -0.015524899790235015, 0.007346453963372841, 0.009108026159680833]]	[[0.07282844900665718, -0.5708067907125293, 0.24497335250028074, -1.2090544707069983, 2.8995584004929835, -2.0897478756953237e-05]]
[[-0.360488226041351, -0.10275223328275593, 0.1639270915981557, -0.015670218345560403, 0.007868625903549344, 0.008874753082516392]]	[[0.07279889834030008, -0.5708102050990205, 0.24493340389586626, -1.2090005628380387, 2.8995268610598393, 5.105580607821995e-05]]
[[-0.3652946996171358, -0.1413806425016931, 0.16226971428728965, -0.015943652305688533, 0.008377816766006747, 0.009159556370221198]]	[[0.07281553502508993, -0.570799968376388, 0.2449262566799691, -1.20902344367213, 2.899532656821838, -6.0235692629185e-05]]
[[-0.3782546863616771, -0.15567911949837565, 0.15988949938306868, -0.01548807026850061, 0.007744568679108995, 0.008379472524176089]]	[[0.07280140456086552, -0.57080790258227, 0.24492314679875088, -1.2089810405532608, 2.8995787840241247, -0.00015385257297918277]]
[[-0.4032483616214618, -0.15219773817183677, 0.14649396431147066, -0.015107556986447553, 0.0073794572263675435, 0.008940131326345864]]	[[0.07283554397522365, -0.5708166893885099, 0.24487266364637764, -1.209172449666978, 2.8995495357771595, -0.00011338211885349033]]
[[-0.3829286147898815, -0.13491448802991934, 0.14757818990210686, -0.014280717776119906, 0.006515418387636623, 0.008733455231456197]]	[[0.07280792408514497, -0.5708184500832405, 0.2448474630708543, -1.2089542967365707, 2.899561992945168, -9.880646581424165e-05]]
[[-0.4450555142434048, -0.1525982660344799, 0.14771362674520547, -0.014630192053830485, 0.009082785099635757, 0.009248341504085747]]	[[0.07281651902232537, -0.5708195066692252, 0.24482042350857847, -1.209099060742641, 2.8995682464027026, -0.00017184944008237634]]
[[-0.44740594359053454, -0.17356584849123102, 0.13576590032983007, -0.014865497653970394, 0.010507571311031989, 0.00980324856132934]]	[[0.07281124317868248, -0.5708218332851933, 0.2447886394946556, -1.20902436057539, 2.899585852876778, -0.00015123709458533233]]
[[-0.405703526794495, -0.18018511820174637, 0.11973325966502005, -0.01469030432190811, 0.010939988089806191, 0.009397578461112987]]	[[0.07280641912117883, -0.5708246425938003, 0.24474156357790028, -1.2090193440708523, 2.899574070843969, -0.00011331254040105548]]
[[-0.40076716372246657, -0.19534738355981496, 0.12765398190574143, -0.014198048271420079, 0.011933518781535306, 0.008868696500985134]]	[[0.07282853567862431, -0.5708223741475732, 0.24473245781454345, -1.2091022985017723, 2.8995278245793377, -0.00017232830792810098]]
[[-0.3969333343016672, -0.22939561528916644, 0.12590850110321705, -0.013697763060170277, 0.011789933709966213, 0.009187035542986931]]	[[0.07282602732785406, -0.5708190438811771, 0.2447017852312245, -1.2090546954978645, 2.8995595505734255, -0.0001331596395097073]]
[[-0.38877647275136884, -0.2678446798274472, 0.13362587302234427, -0.01282342989542849, 0.010916300548427817, 0.009233137534600764]]	[[0.0728326040424112, -0.5708332017899762, 0.24467916242589172, -1.2090505287381947, 2.8995499798721425, -0.0002088332033485182]]
[[-0.41076598412726956, -0.34598372434607416, 0.13902797254674026, -0.01294263476187828, 0.010535500690309932, 0.008822173250956626]]	[[0.07283835149792364, -0.5708295114355462, 0.24464215391863178, -1.2091364110842124, 2.899512720540477, -0.00015279308281385427]]
[[-0.460915586536779, -0.4142996971949227, 0.15360847705451558, -0.012509194208610196, 0.011150305623332855, 0.00929357003492482]]	[[0.07280472167739736, -0.5708165590251781, 0.2446091745284709, -1.2089970328946318, 2.8995692946580434, -9.375817505033716e-05]]
[[-0.4711086242023828, -0.471740958376356, 0.16286167318328856, -0.011182283829037035, 0.010584785896037705, 0.00904998353919577]]	[[0.07279180439234796, -0.5708201683568291, 0.2445705104393474, -1.2089618926751071, 2.899582511627302, -3.809150005003509e-05]]
[[-0.5272243189359285, -0.5128183434041366, 0.16623667086306956, -0.010298133633082967, 0.01051962940906812, 0.009384884982515437]]	[[0.07283558923336815, -0.5708220268989372, 0.24456159614306971, -1.2090496963135862, 2.899547969329149, -0.00013213203933317666]]
[[-0.6106455297456336, -0.5716467802914468, 0.18444045510073692, -0.009766403605098822, 0.010974144764367628, 0.009526080426016223]]	[[0.07281242436593255, -0.570818039399073, 0.24453558544360876, -1.2090312548564206, 2.8995542632365554, -7.646545404228496e-05]]
[[-0.6053310301163832, -0.6138489248453165, 0.17930863818495626, -0.009529083028070649, 0.009543613740511462, 0.00925872706906175]]	[[0.07281182991236704, -0.5708232327961817, 0.2445084130728408, -1.209058172373968, 2.899568282205222, -5.510788636026544e-05]]
[[-0.6141082642590265, -0.6500516154599509, 0.18459277370344884, -0.009435993667813376, 0.008596319241455885, 0.009699222155615623]]	[[0.07281895744630465, -0.5708156382170416, 0.24448200401487225, -1.2090835096033945, 2.8995317404881003, -5.636153098937718e-05]]
[[-0.5751081048346326, -0.5546547030652245, 0.18494523469974966, -0.007386340134139283, 0.007227414462415296, 0.008799164016287154]]	[[0.07280521571984895, -0.5708143072045198, 0.2444460335756452, -1.2090260154540091, 2.899539983468085, 3.758488494569871e-05]]
[[-0.5721944654914487, -0.5537441350490642, 0.18064004668198652, -0.008916253850544559, 0.007737508540414846, 0.009489504694430353]]	[[0.07279630472074847, -0.5708074954966929, 0.24439861890480918, -1.2090489043308403, 2.8995944125921778, 7.683324253393132e-05]]
[[-0.5573252288834439, -0.5050865859570668, 0.19835056346949628, -0.010424023683335995, 0.00777174714330208, 0.010070891657146712]]	[[0.07282977083182075, -0.5708064265506867, 0.24438743797801596, -1.2090476852618646, 2.8995432324912436, 7.490345805922408e-05]]
[[-0.5610695497173084, -0.4101429320676487, 0.19765568558342825, -0.010877402176852175, 0.008313396433825794, 0.010309681115983483]]	[[0.07280075863544243, -0.5708092542416432, 0.24436119756972036, -1.2089994026361557, 2.8995753370191792, 0.0001110751337237367]]
[[-0.5582071037490658, -0.3571281125798076, 0.21835661892334046, -0.011889197150542496, 0.009410258640158731, 0.010373464156910607]]	[[0.07283276784065515, -0.5708020856531857, 0.24434646491998463, -1.2090914252564653, 2.899550630951686, 7.389145091961106e-05]]
[[-0.5240948712434267, -0.2976277210452529, 0.24618019367322058, -0.01191541741016423, 0.0098048528546337, 0.01047778002669415]]	[[0.07280807370513938, -0.5707966948883793, 0.24427782182133417, -1.2090599590322302, 2.8995724810384966, 0.0002441480236986468]]
[[-0.5277909505168958, -0.2447912887897237, 0.26556029970757944, -0.01230190395172709, 0.010593894932412813, 0.010188555316160858]]	[[0.07279129722701384, -0.5707975910666191, 0.24426592542368641, -1.2090522304588471, 2.8996024093234793, 0.00022557819285753792]]
[[-0.5254885568521717, -0.22296801428702856, 0.29183853136731097, -0.013566209962836678, 0.011235480329798184, 0.009845388205377196]]	[[0.07280265580609739, -0.5707985857486498, 0.24423628017817817, -1.2090554058376968, 2.8995617128404665, 0.00022311292846164662]]
[[-0.522322042580651, -0.15500916046452579, 0.32389465459632977, -0.014269608265794495, 0.01163773553972126, 0.01026432744607967]]	[[0.07280726304827474, -0.5708041098864726, 0.24422782173675966, -1.2090284607988269, 2.8995479765410312, 0.00018312444900876615]]
[[-0.5417022745172798, -0.14651786704527658, 0.35745878301675604, -0.016370276263759174, 0.012518036747697261, 0.010362459795727919]]	[[0.07280519090857401, -0.5708053379889639, 0.24418604547024617, -1.2090372545669945, 2.8995690561658845, 0.00022254003187441754]]
[[-0.5785398502512795, -0.1575456136077724, 0.3732270935621836, -0.017726336833544274, 0.012778282654827305, 0.011076645452399692]]	[[0.07281468576028932, -0.5707918100263049, 0.24415209436278087, -1.2090547807188554, 2.899560273917051, 0.0002787699103933567]]
[[-0.6181220512594114, -0.19379777823089114, 0.388351550970883, -0.018672824580983974, 0.013609881616610553, 0.011737678896948904]]	[[0.07280443222947697, -0.5708066648677051, 0.24413623830981818, -1.20902429622917, 2.899586694984928, 0.00024177308333359307]]
[[-0.5742126803407529, -0.21229646985181527, 0.39263113474405287, -0.018206151454413167, 0.013228844061513527, 0.011504376787347448]]	[[0.07280499822873766, -0.5707980035504128, 0.24411679824925703, -1.2090274589082781, 2.8995456946212674, 0.00027685700166124073]]
[[-0.5830646671463874, -0.2533034806875232, 0.4106594306809467, -0.018101841009562573, 0.013711574967605684, 0.01151632739140709]]	[[0.07282624148196745, -0.5707899536379084, 0.2440690769956796, -1.2090878645948975, 2.8994922355671755, 0.0003503389219497175]]
[[-0.6208548476805607, -0.27102720571100447, 0.4029457232327636, -0.018678258287325125, 0.014912275819192914, 0.011996338160298062]]	[[0.07279713021241471, -0.5707924739550511, 0.24404100989267347, -1.2090046253419802, 2.8995397054992456, 0.00035057844624974824]]
[[-0.5893078328126868, -0.2654636455888294, 0.3993203530528212, -0.018463274613768604, 0.014343306037273892, 0.011235110885759228]]	[[0.07281235736294607, -0.5708011503453717, 0.24403599813663093, -1.2089462835601748, 2.899592486622107, 0.00025781387292541806]]
[[-0.5947000031116988, -0.261193611745169, 0.3968624056812778, -0.0184066477087416, 0.01475424739546903, 0.01191392036835395]]	[[0.07280436668999685, -0.5707962097061441, 0.24401135062868112, -1.2090097962286352, 2.8995521315299873, 0.0002933926068468338]]
[[-0.6214608613169872, -0.23891392908912742, 0.37898079433474696, -0.01755488316640635, 0.014898819517466732, 0.011454751358149964]]	[[0.07279325565270538, -0.570795698412235, 0.24398193393378598, -1.2090413897222458, 2.8995770889011396, 0.00031434466470678564]]
[[-0.6494218554145161, -0.2750125545181912, 0.36792552677105933, -0.018233474295176248, 0.015275573677034332, 0.011905469216942369]]	[[0.07281918780681734, -0.570796983303387, 0.24394008596020544, -1.2090959134768087, 2.899513748511522, 0.0003875105882261051]]
[[-0.6330319392672892, -0.2665588288929809, 0.3607049840054496, -0.0176145445398921, 0.014805971653151664, 0.011327506463334611]]	[[0.07280690015660611, -0.5707960569316715, 0.24390272953438644, -1.2089820528028936, 2.89953470614676, 0.00038566713299297164]]
[[-0.6520181109095268, -0.2821166061612141, 0.3446839752091005, -0.017197886049947913, 0.014730506001137773, 0.011234971581219309]]	[[0.0727887614847082, -0.5708080239276774, 0.24391233550657, -1.2089533015831446, 2.8995630463593707, 0.00023591674701570209]]
[[-0.6878386706976372, -0.26333181754126567, 0.3166922745666518, -0.016344808565656354, 0.01444561175003015, 0.011661808050500726]]	[[0.07280895304424463, -0.5707884771688615, 0.24387972535972394, -1.2090447880798934, 2.8995368191553115, 0.00029373113532238506]]
[[-0.721557387519276, -0.28202553846963263, 0.2949441093312838, -0.016209235935044076, 0.01351044810070593, 0.011587729070635449]]	[[0.07280262922147397, -0.5707982052444638, 0.24385010539134144, -1.2090183043572937, 2.8995727419762978, 0.0003311867004707452]]
[[-0.7348918548285064, -0.29644838974773674, 0.26739624519574845, -0.015898897212344897, 0.01232274819139839, 0.011287248884181039]]	[[0.0728217156935249, -0.570787851837488, 0.2438134043400129, -1.209101321860148, 2.8995246163056936, 0.00034767666894410144]]
[[-0.7771803142258398, -0.2867711079636549, 0.26316222466471345, -0.01519452718013569, 0.011063745041699215, 0.011094655054149326]]	[[0.0727985491623491, -0.5707994829535826, 0.2438072837644779, -1.2089583061405091, 2.8995730424797976, 0.0002709756275471213]]
[[-0.7779549023058198, -0.30732551803494773, 0.24287437539741713, -0.015357457778362383, 0.009412752959677865, 0.011133139670342842]]	[[0.07280066783884372, -0.5707962355685845, 0.24377651787551552, -1.2090747812536422, 2.8995621832439844, 0.0003103607555504648]]
[[-0.82031021561711, -0.3067429185987776, 0.22338485907196934, -0.014387408537421043, 0.009682175135696068, 0.011104455198815463]]	[[0.07280169443725514, -0.570795586174787, 0.24375056537648615, -1.2090699372179965, 2.899550696763176, 0.0003303162980732955]]
[[-0.7835080473908287, -0.34097816399141745, 0.22190136055512083, -0.014408045626514664, 0.00865377044658933, 0.010608276637419301]]	[[0.07280980380241968, -0.5707941089112397, 0.24370989861591635, -1.2090478660578468, 2.899544716887027, 0.0004218552826500923]]
[[-0.7612997972915471, -0.34673758717868897, 0.20975382865341766, -0.0141151851218394, 0.007570178801844669, 0.011147946778835542]]	[[0.07280472988241725, -0.5707940827356832, 0.24371206435028117, -1.2091021824086634, 2.8995771808837154, 0.0002922468463061337]]
[[-0.7591184702717875, -0.33567906101166706, 0.18925065764550467, -0.014046977697110804, 0.007864977358582936, 0.010705569823166276]]	[[0.07280637085075443, -0.5707950004634024, 0.24366518866204845, -1.2090107548124367, 2.8995995417045, 0.0003855384361253927]]
[[-0.7343719012164754, -0.2998090855097453, 0.1927826814091648, -0.014176175918114362, 0.007849828324846372, 0.010690052706235895]]	[[0.0728181933549613, -0.570807488837166, 0.2436657815193488, -1.209045474428826, 2.89958769162199, 0.00027044137215366016]]
[[-0.7085100645269076, -0.27899984317454646, 0.1956993323041526, -0.014641654602220893, 0.008635578148931051, 0.010921465168251362]]	[[0.07280672781680722, -0.5707925394062423, 0.2435950229302457, -1.2090566965874354, 2.8995658956068158, 0.0004385136562997848]]
[[-0.7215410925194284, -0.23565710522085648, 0.19121519807954304, -0.014614402470260364, 0.010197037938962204, 0.01147705141474842]]	[[0.07279266391084864, -0.5708007252509265, 0.2435688849944551, -1.2089961661375295, 2.899617353044315, 0.0004396882100483584]]
[[-0.7152777867911883, -0.23642789795543573, 0.1920356291850061, -0.015074740524806627, 0.011417061366725434, 0.01176853523925562]]	[[0.07281246491393845, -0.5708078141748237, 0.24356373037169207, -1.2090572734903382, 2.899567658033982, 0.0003442767371945622]]
[[-0.724898117321713, -0.25092578384984, 0.19660643413986253, -0.01607344542262266, 0.012773213555076756, 0.012166551726518055]]	[[0.07280519733739087, -0.5708013332958551, 0.24355192649176238, -1.209013307518542, 2.8995613765610933, 0.0002854749799823491]]
[[-0.6755148095048085, -0.1572283047785572, 0.1808306252816387, -0.015548570488522179, 0.012368577959285301, 0.01200595893481953]]	[[0.07280032785642364, -0.5708108050739552, 0.24350631371617887, -1.2089827053724587, 2.8995856016367467, 0.0003412048097829141]]
[[-0.6477452965820437, -0.10197883303831085, 0.1912061458454973, -0.01607213170751012, 0.012260909879603004, 0.011520158491111735]]	[[0.07281569988637591, -0.5708109632491415, 0.2434801731553193, 1.2090225760676605, -2.899630295045405, -0.0003074735278933781]]
[[-0.6342488263253736, -0.084679777552714, 0.1804659875700241, -0.01721007591482997, 0.01277002270136245, 0.011449481683995831]]	[[0.07282101271434384, -0.5708012577927181, 0.24346053284217706, -1.2090264385429736, 2.8995425507820123, 0.0002837068645644499]]
[[-0.5825569898134242, -0.06985439095900159, 0.1691985509751732, -0.018301320358344326, 0.012576363265705784, 0.0115338562271942]]	[[0.07281709601511689, -0.5708042801601741, 0.2434443225686557, -1.2090451472028214, 2.899587165789401, 0.0002476434839282349]]
[[-0.5493756090207169, -0.03371280870133497, 0.1471587491891821, -0.017578937622717075, 0.0124031460538262, 0.01106361633266832]]	[[0.07280494686300602, -0.5708072067028387, 0.2434107134819987, -1.209022950127001, 2.899584636246301, 0.00018899269801697568]]
[[-0.5062761245160167, -0.0801882557603791, 0.12933301289657587, -0.01851263121408499, 0.0129008545938756, 0.011072220435472659]]	[[0.07282423609011801, -0.5708232396125507, 0.24340872375234457, -1.2090988428187088, 2.899568437089241, 7.826216841398416e-05]]
[[-0.4147908842919321, -0.05484724829623369, 0.10727880545441895, -0.016776954588356888, 0.01185745171443466, 0.011109801349661521]]	[[0.07282103771146946, -0.5708236579035072, 0.24336118792798686, -1.2090487069916427, 2.899547889707573, 0.00018754878277001767]]
[[-0.36377951419697196, -0.022354830907178214, 0.08192374487659586, -0.015192490569013844, 0.010767602847273385, 0.010300633237447416]]	[[0.07281958955205944, -0.5708197053125338, 0.2433368247624707, -1.2089625739833965, 2.8995844803269226, 0.00015105019201622178]]
[[-0.3710971612710451, -0.035226238660060666, 0.06936560139896228, -0.015252172026081293, 0.010690112516410926, 0.01094970976343858]]	[[0.07282357216990469, -0.5708233838145773, 0.24331642511513257, -1.2090054116494005, 2.899541481531317, 9.203647630133362e-05]]
[[-0.3933245856637128, -0.047008592198104715, 0.08734620796161655, -0.014653858593558037, 0.011007693758894942, 0.011179591822298687]]	[[0.07284020616707133, -0.5708399742254749, 0.2433053051805355, -1.2091072823046158, 2.899540746552754, -1.8174687233181667e-05]]
[[-0.37636445222836795, -0.08974010234924304, 0.07767465079735403, -0.015061829296546423, 0.010438052468191248, 0.010695908890628285]]	[[0.07280862659179155, -0.570818935737611, 0.24324188398994828, -1.2089817438799588, 2.899535490396621, 0.00020508349950561659]]
[[-0.38656422953329156, -0.1348026577306163, 0.08028327002372963, -0.014328008682794567, 0.009808918366738946, 0.011096296752782248]]	[[0.07282058065182714, -0.570832394928974, 0.24323260419424303, -1.2090974903926868, 2.8995677013144707, 9.646448965886146e-05]]
[[-0.4083708929285851, -0.18771382446834797, 0.09006270236409315, -0.013200875445905013, 0.009558165069814389, 0.01093814277807136]]	[[0.07280080926267476, -0.5708238487247349, 0.2432090803263896, -1.2089921342112082, 2.899560262106045, 7.505981154716768e-05]]
[[-0.40181604499865975, -0.17948365862902046, 0.0848531419210178, -0.010569669079820094, 0.00867089241197166, 0.010526373795656817]]	[[0.0728362095306395, -0.5708326333969657, 0.2431919412117426, -1.2091276817357228, 2.899542959213027, 5.85942922621921e-05]]
[[-0.43773113913892847, -0.23021681603846972, 0.08510157483681971, -0.009887074410230593, 0.008108250244054495, 0.01086269979607497]]	[[0.07283103433474247, -0.5708275690219603, 0.24317484480020385, -1.2091142829606112, 2.8995108530731684, -1.8197651976105092e-07]]
[[-0.4728391201065866, -0.23100637259049384, 0.07922683985126595, -0.008304847683046138, 0.007267535030290049, 0.010073690188168657]]	[[0.07282887070702723, -0.5708354055273065, 0.24313443538143126, -1.2090630054328413, 2.899582546460929, 5.9015994451875187e-05]]
[[-0.48167978338815476, -0.26252046589083833, 0.08331459603532364, -0.007962815656912994, 0.006563047500770419, 0.010169861166807766]]	[[0.0728018491199792, -0.5708401192542083, 0.24311806890354498, -1.20902869878382, 2.899597601458847, 2.1672896258959842e-05]]
[[-0.47765770737377344, -0.30792969252365093, 0.08191257117715181, -0.007748466753419097, 0.005870969801579267, 0.01088819160392768]]	[[0.07283313066315122, -0.5708175362514107, 0.24306979210930396, -1.2090317715199075, 2.899554322449028, 0.0001525771337569401]]
[[-0.487747514728859, -0.29280907939988066, 0.07598244384237586, -0.0062534126611517886, 0.005027931308694468, 0.0101164612312326]]	[[0.07281657335397174, -0.5708181566577881, 0.24305797332641954, -1.2090404912648727, 2.8995769895537467, 0.00013464077076436094]]
[[-0.4776848773861152, -0.28057564814808694, 0.04876413890312085, -0.005207987998642099, 0.0043627497878474504, 0.010255611115072928]]	[[0.07279661507522597, -0.5708329978671791, 0.24302970461000928, -1.2089331234410503, 2.899662127601334, 8.10385028073401e-05]]
[[-0.46301952596692064, -0.26947609870866074, 0.04319089143565205, -0.0044455652751431395, 0.004263063946061918, 0.009674085258713681]]	[[0.07280988785308311, -0.5708304753320721, 0.24300513424245263, -1.2090535298965936, 2.899610404296048, 0.00015478343426805877]]
[[-0.439750342383503, -0.2635069694903701, 0.026613556979345303, -0.004156639263408088, 0.003493695904288114, 0.009461451441606827]]	[[0.07281153038585436, -0.5708280248632556, 0.24300104948091492, -1.2090447855345372, 2.899589463795046, 9.72015646433771e-05]]
[[-0.45461104983744477, -0.23649653295545875, 0.02171896967899668, -0.0038670837034968397, 0.0032815118901287628, 0.009773945787694683]]	[[0.07281152769757998, -0.5708247719961184, 0.24293973349889963, -1.2090738082268784, 2.8995619790070912, 0.0002098072657741739]]
[[-0.47771039484291944, -0.22509175315918087, 0.01302226434348943, -0.004182206262678897, 0.0036806842973522306, 0.009847968927618078]]	[[0.07282300706271741, -0.570832349261581, 0.24293523115398724, -1.2090529788702735, 2.899559015607303, 0.00017065063489998854]]
[[-0.4777694962025249, -0.2080046789547937, 0.01631118573165589, -0.004203728484531388, 0.0025107855120518486, 0.010281466338389979]]	[[0.0728016904077541, -0.5708213502854954, 0.24288938009441974, -1.209096322580528, 2.8995671921656196, 0.00020873190109284626]]
[[-0.47170375975260426, -0.17382339223931254, -0.0006031389483288484, -0.003979519555345569, 0.0007801423299776406, 0.010038072877163271]]	[[0.07279923975631153, -0.5708254555092552, 0.24290876228865482, 1.2090712964160035, -2.899604234261554, -0.00013650217181576614]]
[[-0.47721025897321445, -0.14080557419056575, -0.007564978398599188, -0.003518076668325868, -0.00012498024943587735, 0.010668899036473256]]	[[0.07279856118009044, -0.5708251150312377, 0.24283960834929075, 1.2090098950424106, -2.8995540437397413, -0.00023326915816921384]]
[[-0.4579483877185051, -0.10967189905926103, -0.007964734656203884, -0.003428230540599552, 0.0007740872965131421, 0.011015255647848447]]	[[0.07279882683811101, -0.5708220804276919, 0.2428280758182959, 1.2090152752424808, -2.899567006278062, -0.0002689765020944904]]
[[-0.3745636984598098, -0.06948234757423102, -0.009752936906869061, -0.004449466744834789, 0.0032439489061060218, 0.010973707230482226]]	[[0.07280535840763819, -0.5708227544269628, 0.24280494407756037, 1.208995621406552, -2.899564686654112, -0.00030835613481954076]]
[[-0.30992251784926816, -0.016147618443888234, -0.01414402682519954, -0.00607769704040326, 0.0071014336658730024, 0.011239323137699452]]	[[0.07279982179545097, -0.5708177820183791, 0.24278499612272095, 1.208998331765405, -2.899524062885076, -0.00023484953295086313]]
[[-0.257342159941916, 0.054427860676333026, -0.033491478340292286, -0.006848426961756476, 0.010240701735156425, 0.01115482646197408]]	[[0.07280881191996116, -0.5708226534780259, 0.24275923343453742, 1.2090682569762412, -2.899495410954442, -0.00023492085930385876]]
[[-0.1642238858230194, 0.06498426327841086, -0.03148747049165536, -0.007432955498504382, 0.010036545983123571, 0.011094188914555466]]	[[0.07279543179469646, -0.5708310852686485, 0.24275314257824357, 1.2090340204867338, -2.8995616923315, -0.0002138690930476278]]
[[-0.21194177340658316, 0.06468136775964321, -0.013785765556285702, -0.007713781975147405, 0.010703499404583323, 0.010979397922322515]]	[[0.0727981280481853, -0.5708225567495379, 0.2427245184248808, 1.2090637786414447, -2.899537487420129, -0.0002506901708677951]]
[[-0.17446388732065415, 0.09454550104000195, -0.019280991345761365, -0.008453303817072573, 0.010073132564640342, 0.010814111290582159]]	[[0.07279043107836032, -0.5708244959302171, 0.24266059499573644, 1.2090429941200183, -2.8995364890914845, -0.0003824898406883123]]
[[-0.15061481794273962, 0.12951499707678313, -0.011925985633553784, -0.009649603438509827, 0.011543572940886527, 0.010772405111147305]]	[[0.07279633268513008, -0.5708280188826019, 0.24267201003392017, 1.2089984075926115, -2.8995267171215815, -0.00028989597410540265]]
[[-0.08826104602903073, 0.16084785225884032, -0.013497809402678617, -0.010948181219996083, 0.013337306473170678, 0.010742461388258413]]	[[0.072820003789336, -0.5708196566429785, 0.24263279993639472, 1.209138859750683, -2.899521296201808, -0.0003222776950204298]]
[[-0.0846884735916416, 0.14891723331247164, -0.01141090099942514, -0.0124036283811545, 0.013919400963334803, 0.011415591895871246]]	[[0.0727816645851926, -0.5708165901064497, 0.24261315208774986, 1.2089957481821636, -2.8995690432532784, -0.00036107326596026776]]
[[-0.10691709432535315, 0.14805464820752334, 0.007942436992262632, -0.01135788569305483, 0.01261152871353811, 0.011244423477454607]]	[[0.07279180593287114, -0.57082467274345, 0.24258430873949927, 1.2090131084610627, -2.899562348957933, -0.0003803434362372011]]
[[-0.20854358898200584, 0.10469725094976307, 0.03012955717854393, -0.0091694450123013, 0.01053582543337085, 0.011310070029462766]]	[[0.07280753186449093, -0.5708156060151119, 0.2425561429370985, 1.2090566574314876, -2.8995186018979893, -0.0004018063354550281]]
[[-0.2668917516846709, 0.057529375536129176, 0.04960121165459643, -0.008122995402295743, 0.007365289718401725, 0.010512932500355794]]	[[0.07279963368414916, -0.5708162510842838, 0.2425563728883946, 1.209078503322806, -2.899573260223678, -0.0003402846126515663]]
[[-0.33336905390447363, 0.039837316422755537, 0.051180501339337395, -0.00798286258382469, 0.0058102151605517755, 0.0106821116710621]]	[[0.07278823387728185, -0.5708171471937225, 0.24250671802623253, 1.2090536875158069, -2.8996113659560026, -0.00041473260188148775]]
[[-0.3762905962548262, 0.03201096128313943, 0.07215936799193326, -0.008772640543505586, 0.006164743741556183, 0.01103823889843441]]	[[0.07280400690510543, -0.5708182657915202, 0.2424996544931904, 1.2090485623724754, -2.899548142980763, -0.00037993863250497306]]
[[-0.3872038184504082, 0.048377398667212024, 0.06625952558698717, -0.00902494105780476, 0.006229469017742288, 0.01114177501653752]]	[[0.07281623832097639, -0.5708060254982296, 0.24249364368271198, 1.20911034036295, -2.8995482666262054, -0.00037878565014532015]]
[[-0.39028815616352835, 0.04077291461845445, 0.07017875030240069, -0.008703737445319246, 0.005382061104172444, 0.010848677231451019]]	[[0.07280437422737338, -0.5708192181130082, 0.24245052405046097, 1.2089796050161297, -2.8995775178660685, -0.00039686076713563927]]
[[-0.45551338555160914, -0.02653699644956628, 0.09380718849224072, -0.00940906737795216, 0.005333076832546338, 0.011001496768855677]]	[[0.07281323658644887, -0.5708204009908221, 0.24243558342386673, 1.209052853250699, -2.8995586766730597, -0.0003384070500185611]]
[[-0.4953917068720433, -0.05745454154209895, 0.10220701187180364, -0.009585493887968914, 0.004522664567016745, 0.010918143422129198]]	[[0.07281724317879584, -0.570808635412883, 0.24241191626578482, 1.2091103905901972, -2.8995486079560018, -0.00037623819315864553]]
[[-0.5178220586294837, -0.041575035917319814, 0.10490835344545348, -0.010252876444514183, 0.004207244734460652, 0.01105488228453005]]	[[0.0728045569742274, -0.5708161810163799, 0.2423845574764326, 1.2090709497823642, -2.899551424491463, -0.0003385815344268794]]
[[-0.523929254722875, -0.0028143498814247603, 0.09890622910832683, -0.01104470301700859, 0.004299899653037044, 0.01055663045002913]]	[[0.07281834770594746, -0.5708047733175712, 0.2423479517611357, 1.2091198942170447, -2.8995716077107807, -0.00041109931944282533]]
[[-0.48267422117379327, 0.0741373768457256, 0.08460969301712289, -0.010603805902258514, 0.003580549038028379, 0.01023757951615218]]	[[0.07278346784765762, -0.5708244535160903, 0.2423404988045228, 1.2090259067986922, -2.8995446788419708, -0.0003371908957878751]]
[[-0.47535331590877333, 0.1179014754102928, 0.081682417724297, -0.009677777655748676, 0.0029223708435377406, 0.00957074559611613]]	[[0.07280406838654385, -0.5708147596520852, 0.24231347916526286, 1.2090185484775307, -2.8995737536002077, -0.0003375255421908752]]
[[-0.5447315557496302, 0.0503895669140913, 0.08485613240201702, -0.010624698307164709, 0.0028811654030251625, 0.009787255279649217]]	[[0.07281288311166667, -0.5708124799353369, 0.24230433596271, 1.2089931094126547, -2.899610193142807, -0.0003349690775503113]]
[[-0.534254663937105, 0.0371999453299208, 0.09954575465429846, -0.01007502464466023, 0.0007255320012709869, 0.009368547325486223]]	[[0.07280477171161462, -0.570819968213686, 0.24227693474646628, 1.2090828084646015, -2.899533341254836, -0.00029809010833094]]
[[-0.5691662747906512, 0.06098035443186334, 0.125309271996549, -0.008899498069776704, 0.0005812672663208854, 0.00947650695011701]]	[[0.07278422523995418, -0.5708196071161146, 0.24226572329782747, 1.208983291273775, -2.899588600182144, -0.0003329303142086479]]
[[-0.5829886720846544, 0.03892964122965015, 0.13750315663258567, -0.009344334685743512, 0.0009936511039629354, 0.010328041794612261]]	[[0.07279972450520111, -0.5708127488493767, 0.24220964030645853, 1.2089802261669382, -2.8996301680914898, -0.0003881310275494968]]
[[-0.6115720386862222, -0.0003988363034868603, 0.13542813566612114, -0.010305457048200153, 0.00234799299161565, 0.010162394254295071]]	[[0.07279002810759447, -0.5708262203128057, 0.24222044849154967, 1.2089519689931012, -2.8995601298820666, -0.00022214241516892283]]
[[-0.5577379908011293, -0.01488717496318065, 0.1356791014107909, -0.011369888539994072, 0.0032125277875082875, 0.009822783647436623]]	[[0.07280318461108765, -0.5708319797910179, 0.24220514054759382, 1.209033620937079, -2.8995636625304813, -0.00014295617313132318]]
[[-0.4964235294204679, 0.01532734715183695, 0.12475300688974725, -0.011326849482381794, 0.003690115780122881, 0.008594583019575296]]	[[0.07280081142903741, -0.5708256403664423, 0.24216254880630145, 1.2090688801305849, -2.899550887688079, -0.00021855472859502845]]
[[-0.4630425706966297, 0.021561281970163854, 0.11478553482688711, -0.012194555479184355, 0.004808316501752846, 0.009019508961757102]]	[[0.07280848250952907, -0.5708296500343587, 0.24214248065986546, 1.2090990968171382, -2.8995241387340926, -0.0001593775063880442]]
[[-0.40601403785261975, 0.0442338220125251, 0.10710192889428669, -0.012609218743428987, 0.005542405456965042, 0.009017594131401338]]	[[0.07278836064334768, -0.5708371664771376, 0.24212285463314595, 1.2090245551415664, -2.899542013558238, -0.00014259226913165656]]
[[-0.339362672703039, 0.02673107317843454, 0.0973709978070297, -0.013799235201872272, 0.007359260452119475, 0.009749812136239282]]	[[0.07278549223468919, -0.5708260384786724, 0.2420981606302215, 1.2089435502854866, -2.8995888790169193, -0.00014270627864747818]]
[[-0.30288740525787705, 0.05329140693136218, 0.09587956310227101, -0.013639236445917177, 0.009772764633533161, 0.01023704316738078]]	[[0.07280938572405925, -0.5708353335061526, 0.242079745399368, 1.2090939911654712, -2.899512023700453, -8.605984580513445e-05]]
[[-0.2357848792410048, 0.10055414406013582, 0.08165033065260835, -0.013559432511103989, 0.010324779184761315, 0.009530304251639638]]	[[0.07280385148003879, -0.5708301345318078, 0.2420546219149296, 1.2090557651593172, -2.899566396565791, -6.434512517275345e-05]]
[[-0.2243536226656779, 0.10976004360673569, 0.08167658309642464, -0.014412089440591561, 0.010373524824660169, 0.009803181837902401]]	[[0.0728038422130986, -0.5708301362538698, 0.24200505714932513, 1.2090384209730076, -2.899575571694064, -0.00014003527498362292]]
[[-0.26375646525490887, 0.12070177559839515, 0.08968329949907235, -0.014433063973275833, 0.011060347446612068, 0.010520197133247346]]	[[0.07279619436544059, -0.5708353535844862, 0.2420307580597238, 1.209010385469036, -2.8995567067046837, 6.485964196679405e-05]]
[[-0.2901313535413471, 0.12546849227451765, 0.08892639455770052, -0.01376964616931708, 0.010884041442680443, 0.010067231301940434]]	[[0.07279903987414582, -0.5708260525103328, 0.2419711405281895, 1.2090342067645208, -2.8996141803408424, -4.5329343805996685e-05]]
[[-0.30302027999974857, 0.10134626566126237, 0.07396062608868598, -0.013301024085723001, 0.010073490450744389, 0.009792559869750774]]	[[0.07280270128473444, -0.5708582316922582, 0.24198698379493494, 1.2090795596370123, -2.8995775501599677, 0.00016084231677425975]]
[[-0.33771425261460436, 0.05619359070925162, 0.07884293467941948, -0.012462800036064332, 0.010415604234896438, 0.009872502179175445]]	[[0.07279473274470181, -0.5708537954028172, 0.24196921865206694, 1.209022453879572, -2.899537463567932, 0.00013995557996520353]]
[[-0.3158876676802014, -0.016371600522959995, 0.04702043505104396, -0.011846835402823075, 0.009321870467973087, 0.009525839046695444]]	[[0.07279749695738202, -0.5708455639251179, 0.24193932984089467, 1.208914017407773, -2.89956908560299, 0.00015523122587189495]]
[[-0.316222365397433, -0.03820113145360393, 0.028775806089388907, -0.009404995677172224, 0.00814620878664004, 0.009380356100410646]]	[[0.07282010303336985, -0.5708411864651866, 0.24188954174396574, 1.2090284760653935, -2.8995499999638565, 6.499838519201667e-05]]
[[-0.36172003513495726, -0.10609563562493252, 0.03390098800185441, -0.008654273869808457, 0.008285716897778603, 0.009169729719228824]]	[[0.07280103172799025, -0.5708514991027153, 0.24188207663861266, 1.2090234179184287, -2.8995379730999815, 0.00011986159205604186]]
[[-0.36320303684013905, -0.1264303193246646, 0.0030873670366342466, -0.007430775615157935, 0.008055341148230076, 0.008993979879985473]]	[[0.07282207640944444, -0.5708395708383558, 0.2418687087033181, 1.2090369394852072, -2.899570348430908, 0.000158235296865867]]
[[-0.3111060902720599, -0.13179750357947556, -0.030256672848290322, -0.0061435151421097975, 0.006169779542814866, 0.008142786358742674]]	[[0.07280421824289326, -0.5708531168583688, 0.24185713020332128, 1.2090655722045072, -2.899543837549323, 0.00023275000125341474]]
[[-0.3452525732017041, -0.20372982457875188, -0.04297477876834516, -0.005837643155045764, 0.006974058528369108, 0.008145382170196173]]	[[0.0728197684004562, -0.5708558158737361, 0.24183032180058406, 1.2091009487076931, -2.8995296199329346, 0.00021451013664599135]]
[[-0.38456580802737744, -0.2161533803182362, -0.059839749780135135, -0.004334762704202817, 0.007867606924836033, 0.008177375921604372]]	[[0.07282430772961043, -0.5708556254517843, 0.2418124957395289, 1.209091710023011, -2.8995073553724344, 0.00023095424932565524]]
[[-0.37124116553350733, -0.2566967888418459, -0.06644313030550171, -0.0038684877310666533, 0.007553291925842286, 0.008238325559088452]]	[[0.07280928323218253, -0.5708598471719171, 0.24176642987378763, 1.2090230251620355, -2.8995882933216244, 0.0002139967323722706]]
[[-0.42131833062314683, -0.3198976810655277, -0.06533568416465801, -0.004461453554106116, 0.007788119081665583, 0.0079697956764005]]	[[0.07280491797317641, -0.5708515600106603, 0.24174603181323562, 1.2089844415623319, -2.8995928564198286, 0.0001577027913146026]]
[[-0.4317517206410444, -0.34955395496692315, -0.054391785591832005, -0.005232648923272848, 0.007015133810423254, 0.007839088411456675]]	[[0.07282125791877501, -0.5708530017967951, 0.24170189879819137, 1.209077236250025, -2.899568540970696, 0.00010228422893495822]]
[[-0.41312976196408024, -0.32124803160359916, -0.05675893940929494, -0.005377158556050909, 0.005678761009157473, 0.007614568830859243]]	[[0.07282892436669079, -0.5708421213565519, 0.24166247669542412, 1.209085287327529, -2.8995408639388875, 4.481210316549378e-05]]
[[-0.4550840731444993, -0.31104218188595756, -0.04728690978361605, -0.005858160011074286, 0.005898297923047163, 0.008127830080534405]]	[[0.0728080779789143, -0.5708546237162356, 0.24165757554370426, 1.2090012208588994, -2.899535841457766, 8.006601655783808e-05]]
[[-0.4907508902042104, -0.29189382799139, -0.05646293346530121, -0.006457446812446734, 0.006000144562202146, 0.008673043691009633]]	[[0.07279726530264953, -0.570853475146988, 0.24165353721013433, 1.2089628360229978, -2.899589846844557, 0.00013876195775437667]]
[[-0.5418075986852987, -0.27819097571204415, -0.02757629112218559, -0.006603672903498873, 0.0068469043395189815, 0.008573812602046262]]	[[0.0728089601380491, -0.5708398323542938, 0.24161296402504884, 1.2090245508198438, -2.8995918547717885, 6.51604351481933e-05]]
[[-0.5350701746269735, -0.25384633170766896, -0.010591025766245559, -0.006983316293772138, 0.007027942192590513, 0.00887490767022955]]	[[0.07282023869534789, -0.5708412969181701, 0.24158309063017014, 1.209046568210626, -2.8995453823658655, 5.657165970707046e-06]]
[[-0.5404335675046379, -0.24605609265413703, 0.016737980556400522, -0.007763474096841949, 0.007684979568851398, 0.008741621181563497]]	[[0.07279552943455357, -0.5708487971818111, 0.24156267132649395, 1.2090326938368354, -2.8995628809079688, 6.392340010379929e-05]]
[[-0.506086899762932, -0.20904785872103546, 0.019897902251214, -0.00845884991389648, 0.007842804326752184, 0.008945866019343001]]	[[0.07280694448705591, -0.5708412097699785, 0.2415301054066214, 1.2090513337647493, -2.8995569531175973, -1.0177742227157662e-05]]
[[-0.5383247337951627, -0.18306795247407143, 0.039363247461531733, -0.009188248862135503, 0.010030965801596788, 0.009734369302369919]]	[[0.07278615564322818, -0.5708360748139907, 0.24147960829358495, 1.2089743489695284, -2.899617692503013, -0.00012270720603539188]]
[[-0.5187637949580506, -0.15285631248334625, 0.04746017589155649, -0.010385289585663956, 0.011411261822759143, 0.01004178386927045]]	[[0.07281036163941167, -0.5708469022357404, 0.24150380453644588, 1.2090374588429564, -2.899574511263798, 4.6597539696325114e-05]]
[[-0.5319844449650893, -0.13034788353288726, 0.06421844296795018, -0.011648043484076364, 0.013348130727773905, 0.010414983556712368]]	[[0.07281054896636216, -0.5708343401754957, 0.24145268929166475, 1.2090651887277475, -2.899539520587386, -4.783474671080863e-05]]
[[-0.48045237904122123, -0.09792368053033218, 0.04713353464576435, -0.012207756951649574, 0.013819320826520577, 0.010607607873044015]]	[[0.07281716517339724, -0.5708418988325079, 0.24142406310760692, 1.2090436921033099, -2.8995877417275397, -6.458172829415661e-05]]
[[-0.47909095122142853, -0.09001976644698748, 0.07065140899826541, -0.012550475790948397, 0.015035689357603318, 0.011084256869543936]]	[[0.07280028626388793, -0.5708233191377867, 0.2413861113895034, 1.2090527088299357, -2.899560153429922, -0.00014292168506768849]]
[[-0.48183766893616925, -0.09091132209124242, 0.08659523861365899, -0.013622791776505196, 0.015662780468403026, 0.011575435267564115]]	[[0.07277872869056502, -0.5708331691639499, 0.24136998638792628, 1.2089516770008468, -2.8995630697416166, -0.00014340826498071373]]
[[-0.482201591840294, -0.056107204212494294, 0.09838569785560038, -0.014107854376567709, 0.015021997541282778, 0.011713400820204806]]	[[0.07281178868926322, -0.5708275069618413, 0.24133695931434107, 1.2090449429475076, -2.899590635723178, -0.00019537732660258438]]
[[-0.4655555892421027, -0.040442012984615056, 0.08946578151555479, -0.015256721956288116, 0.014705733983809064, 0.011446822123993611]]	[[0.07280557477934507, -0.5708340302430936, 0.24131731032192527, 1.2090045267922187, -2.8995930083022823, -0.00012150788968761943]]
[[-0.48331299634130975, 0.0003492257154295575, 0.09117104008639404, -0.014649842017036086, 0.014917019561504891, 0.011474224786192956]]	[[0.07281990453632073, -0.5708266589310567, 0.24129346361956194, 1.209101672628283, -2.8995788830251854, -0.00013925263277525632]]
[[-0.47457093542500217, 0.004267190965114409, 0.0956298134896447, -0.014593727522732918, 0.01415204645171302, 0.011431873210471757]]	[[0.07282353214089421, -0.5708308650791418, 0.24126555496667695, 1.2090830010026141, -2.8995359730848294, -0.0001780415956001017]]
[[-0.5007572622541724, 0.028684048743138485, 0.11271231264231092, -0.013584065652547371, 0.013454552034085852, 0.010984156208460454]]	[[0.07280160178666713, -0.5708301105126884, 0.24125079373084735, 1.2090648000048927, -2.8995428195817903, -0.00014042257238214636]]
[[-0.45333842689099946, 0.042422598236496495, 0.1183759174644729, -0.0129431331555014, 0.011484142602943661, 0.01001129710139675]]	[[0.07282561461525924, -0.5708296745290264, 0.2412069849144901, 1.2090236159404055, -2.8995884843421567, -0.0002501452121061352]]
[[-0.4674131518756295, 0.013182400009373096, 0.12088708073996383, -0.012844863449031173, 0.010934286224575209, 0.00997467226707695]]	[[0.07281694955617601, -0.5708378246171606, 0.24119951728511888, 1.2090495268278967, -2.8996022692430534, -0.0001927562274202883]]
[[-0.522246395045612, 0.008015577788935135, 0.11123547239310105, -0.011817634545544176, 0.01110445344324274, 0.009831235392493285]]	[[0.07281219950860009, -0.570841486625266, 0.2411853164889262, 1.209070795364399, -2.8996047291435803, -0.00011811101963023705]]
[[-0.5235719522377537, -0.0783033082231139, 0.11447957913653245, -0.012422312095239887, 0.010513368007514812, 0.009423107472534538]]	[[0.07282721528390589, -0.570833820340671, 0.24115112109494435, 1.2091100398850334, -2.899550664445552, -0.00015711769003347225]]
[[-0.5376700865069258, -0.14233920073804252, 0.11880507493422032, -0.012563006228943921, 0.009858619119006944, 0.008912259489044966]]	[[0.07279329070481276, -0.5708323784291814, 0.24111836149330418, 1.2089797347148847, -2.899631367676198, -0.00017214674274324682]]
[[-0.5508070642021239, -0.1489976680683406, 0.11824378542657309, -0.011664219641008411, 0.008479868897373389, 0.009503831893458244]]	[[0.07282161706071526, -0.570824228243737, 0.24108906979457245, -1.2090184270624262, 2.8996250728290014, 0.0002473215548458602]]
[[-0.6104926380293557, -0.16323897677262128, 0.1360942035421007, -0.010911214639912991, 0.008206603827385459, 0.010020360814896333]]	[[0.07280638342087448, -0.5708292291137682, 0.2410740963918367, 1.2090317930840953, -2.899610317608529, -0.00019103743195335882]]
[[-0.6403306668797999, -0.17701789134904355, 0.15325860811828543, -0.010787395341865975, 0.0073206368496121456, 0.010211816803300109]]	[[0.07281689983711612, -0.5708320581938149, 0.24103799124635208, 1.2090666546289848, -2.8995459708865994, -0.0002677225061844212]]
[[-0.666833470097916, -0.18923747149845904, 0.16854822020767654, -0.010676955273852337, 0.006534844702568087, 0.010381412592888628]]	[[0.0728291895838778, -0.5708356221427685, 0.24101904335931573, 1.2091149718479415, -2.899562916378876, -0.00018874559913294593]]
[[-0.6972483806934122, -0.19562942848821308, 0.17088572351355624, -0.01108429833175699, 0.005455250319597059, 0.010034981383841832]]	[[0.07282009619613669, -0.5708303892937097, 0.24098618661429755, 1.2090803882528556, -2.8995792011790957, -0.00026397213567621447]]
[[-0.6751232914330416, -0.18509803353147578, 0.17754698001949354, -0.011672428079734024, 0.0055622104172615644, 0.009468205432901692]]	[[0.07280994970666396, -0.570845435403106, 0.2409844340513676, 1.2090047348997046, -2.899594483849545, -0.00011524684108714325]]
[[-0.7254467280421885, -0.17697232965939058, 0.18567108466812085, -0.012711613874918478, 0.006825122723133502, 0.010341616575136362]]	[[0.0728080820262613, -0.5708302491284963, 0.24095640223502324, 1.2090715609742269, -2.899606752950624, -0.00016773891959744627]]
[[-0.770164031166761, -0.16975901159729334, 0.19284327063263804, -0.013635335076957657, 0.007946591752314226, 0.011117247273612862]]	[[0.07280917315825945, -0.5708234952927753, 0.2409046324421023, 1.2090931475868998, -2.899560989214274, -0.0002446402103795108]]
[[-0.7311136147038797, -0.12771524396905531, 0.19886777379985707, -0.013954672525374547, 0.008626700039740805, 0.010563370043205584]]	[[0.07280213738181242, -0.5708333797417259, 0.2408921875224323, 1.2090191947342133, -2.8996292891238524, -0.00018456657499894545]]
[[-0.6555480359103815, -0.07116026627891314, 0.19151669574170538, -0.013948288672382037, 0.008855723210089907, 0.010085308424760638]]	[[0.07280087832053243, -0.5708401406729382, 0.24087405451810434, 1.2090570373863956, -2.899574033209536, -0.000149187178568059]]
[[-0.618195705539935, -0.020273876386756595, 0.18129886702122325, -0.014053655866564246, 0.009470180953245512, 0.010541773308528414]]	[[0.07282058263195923, -0.5708416004235191, 0.240852120520943, 1.209031020061764, -2.89955831272781, -0.00011215055450188269]]
[[-0.5562501126249535, 0.014928095402151953, 0.1734879624325078, -0.014197236728182652, 0.009936581614974635, 0.010255740419377412]]	[[0.07281033340558962, -0.5708395623174687, 0.240808318996256, 1.2090671902306487, -2.8995967707179906, -0.00018460685899000798]]
[[-0.4857920251048513, 0.01822488004555059, 0.18675902096743227, -0.014726635161906266, 0.010254637751302819, 0.009587879695398652]]	[[0.07281811454073649, -0.5708472556430709, 0.24079260774870176, 1.2091092768848246, -2.8995517833021522, -0.00011051984378517134]]
[[-0.4003546417137396, 0.018114193365804276, 0.18689524587916354, -0.015289513815515753, 0.009782405347776383, 0.009511590426829367]]	[[0.07280156977737605, -0.5708452392035007, 0.24077710763019747, 1.2090002381314686, -2.8995839831314494, -9.07371138291799e-05]]
[[-0.4244941226436098, 0.02822864700847813, 0.18288946558122507, -0.015105979742553347, 0.010641229005168253, 0.010062369247206522]]	[[0.0728085776190853, -0.5708414751056304, 0.24075576450475916, 1.2091084019942981, -2.8995514764901533, -7.055242132383892e-05]]
[[-0.4324511508584469, 0.06488992146529896, 0.17521872533105187, -0.014175499326151803, 0.011479163239251557, 0.009516071881155561]]	[[0.07279231226546172, -0.5708517296693211, 0.24074050455782625, 1.2089913318350707, -2.899611546998683, 6.526048139652264e-06]]
[[-0.40900473062310494, 0.10313936496440118, 0.19317117862821756, -0.0130206113500987, 0.0112103511901882, 0.009741068664484459]]	[[0.07281240478683382, -0.5708516494284028, 0.24069364802131865, 1.2090734884885568, -2.899565430373116, -3.0486374971756992e-05]]
[[-0.409797331726229, 0.09918178378602466, 0.1844252982417942, -0.013149506063425964, 0.01094151351686387, 0.009995116767829588]]	[[0.07280115121712281, -0.5708562952866673, 0.2406729085540142, 1.2090434815422413, -2.8995909790383507, -3.126270759002846e-05]]
[[-0.4271938308129321, 0.05696918820289146, 0.1810240507863818, -0.013295998697295693, 0.010819701412005129, 0.010026391698594062]]	[[0.07281916736164906, -0.570843039137765, 0.24066519518672408, 1.2090838463461104, -2.8995863351406914, 5.205416152093862e-06]]
[[-0.4288938208121625, 0.05012296695423163, 0.1837645322260106, -0.013231939818129153, 0.010722050431424237, 0.009821261598906048]]	[[0.07280717767458779, -0.5708464084244801, 0.24064117079498454, 1.2090001724455326, -2.8996329436494066, 6.450774694708793e-05]]
[[-0.4674289087172989, 0.04581608295476458, 0.18066031500323498, -0.01321467348973348, 0.01089057049879784, 0.00972209519475221]]	[[0.0728314359535778, -0.5708477543047411, 0.2406191664261425, 1.2090514532228718, -2.8995592060363236, 9.907887389965865e-05]]
[[-0.47804734501764845, 0.016425340640199987, 0.1715044029443567, -0.013873453108651207, 0.009975539816782028, 0.00986147711183352]]	[[0.07282554955338352, -0.5708667482762254, 0.24059361559801246, 1.2090042572896111, -2.89959059747312, 0.00015641214703998344]]
[[-0.47137095510285165, 0.011551843383683147, 0.16151956079212668, -0.013013127245566518, 0.00978978892421686, 0.009891231734492736]]	[[0.07280745605747192, -0.5708639628841881, 0.2405840405717477, 1.2090453875928961, -2.8995468737773926, 0.00019194018424461553]]
[[-0.4886791466246735, -0.047711205512324856, 0.15203821677144252, -0.012198954750560957, 0.01058982679856097, 0.009917336423753828]]	[[0.07284002188993957, -0.5708603991025372, 0.24055950396719217, 1.2090812070790595, -2.8995824604078324, 0.00024993533288352935]]
[[-0.4741795484695096, -0.1016121382640123, 0.12564796804374323, -0.010930969439208077, 0.010287568238402874, 0.009884378521814596]]	[[0.07282833568060036, -0.5708482035253122, 0.24052490809120708, 1.2090308079272651, -2.899605387366337, 0.00017461725997694314]]
[[-0.46345298054487466, -0.11304334443233788, 0.11815208935509204, -0.008720188994122434, 0.009571667766245484, 0.00956621377330389]]	[[0.0728145882033762, -0.5708624505257678, 0.24050757511825435, -1.2090200505267952, 2.8996325730787307, -0.00025084654078524015]]
[[-0.46794294898415545, -0.16144887631108365, 0.12389287175269251, -0.007678187566672171, 0.009517833935539932, 0.009852413196871872]]	[[0.07282031862052334, -0.5708525841393433, 0.24045351152336616, 1.2090558961236924, -2.8995703287384633, 0.00013492758247825296]]
[[-0.5024649444254345, -0.2314866404060455, 0.12020346957102376, -0.0077142733802089535, 0.009822531561910895, 0.010260042535350768]]	[[0.0728102677366598, -0.5708679238467855, 0.24047000755504047, 1.2090148954393303, -2.899571402387109, 0.0002675489261715535]]
[[-0.48504657409610896, -0.2932515044154791, 0.09772356051494183, -0.007389579572371369, 0.008371676455761617, 0.0100445823546933]]	[[0.07282315653231619, -0.5708635092164103, 0.2404166792422171, 1.2091199517554538, -2.8995295879519696, 0.00019129773707453953]]
[[-0.5057596704536194, -0.3404534836124694, 0.09140939803955123, -0.006340977536024084, 0.008264024482554365, 0.01017828571261866]]	[[0.07284071399621667, -0.5708621268340733, 0.24036784260222685, 1.209099126441391, -2.8995772836102454, 0.000191779909722046]]
[[-0.49138802458263975, -0.39276354664776686, 0.09007611421388703, -0.005533594876060818, 0.007175983271692143, 0.008930938676313258]]	[[0.07280667732768913, -0.5708637335829801, 0.24035456262577773, 1.2090507561544845, -2.8996091550601526, 0.00024958248460398453]]
[[-0.5128728401084577, -0.46297598911369425, 0.06196308863299401, -0.005790322455064856, 0.0065891611478123184, 0.009471801922839262]]	[[0.07280667732768913, -0.5708637335829801, 0.24035456262577773, 1.2090507561544845, -2.8996091550601526, 0.00024958248460398453]]
[[-0.5367393882779772, -0.5022218757895228, 0.05067891541069412, -0.006548973742919134, 0.006266671582590622, 0.009279547600884099]]	[[0.07280708986833828, -0.5708716073012226, 0.24033899453795382, 1.2090068665659632, -2.899601300473297, 0.00026602319105271423]]
[[-0.4974852447270027, -0.47419996600914077, 0.04166567973161958, -0.006130438213203691, 0.00546316016310435, 0.008758120815688258]]	[[0.07279663264060368, -0.5708627255847839, 0.24030146931750307, 1.2090250088970436, -2.899596049791878, 0.00017283130325495316]]
[[-0.4983308184885409, -0.45398738634573366, 0.03349629953913063, -0.006722831439360427, 0.006413560985571315, 0.008605170820685655]]	[[0.07281854881149673, -0.5708442956364517, 0.24025543458902943, 1.209095776251102, -2.89956896840715, 7.749234864732634e-05]]
[[-0.5178950056523082, -0.4332985170392791, 0.04440029064617419, -0.007783364056687452, 0.007241820550176493, 0.009133629606486851]]	[[0.07281854881149673, -0.5708442956364517, 0.24025543458902943, 1.209095776251102, -2.89956896840715, 7.749234864732634e-05]]
[[-0.48425324569004513, -0.37109281969134916, 0.02606756435425676, -0.008397470838330688, 0.007483791851592091, 0.008818602992433207]]	[[0.07283362198752859, -0.57083965253412, 0.24021795145741676, 1.2090876818476035, -2.8995983556815963, 7.92174706485894e-05]]
[[-0.5126218978350003, -0.2865239691622051, 0.02388882574163258, -0.008371910015324306, 0.00973605461888774, 0.00932177915214936]]	[[0.07280508692165501, -0.5708437594029885, 0.24016030415047274, 1.2090490440525783, -2.899603123915569, 2.1807146384394416e-05]]
[[-0.47054905721310825, -0.20917813635459406, 0.018993408131370352, -0.008729215403482277, 0.010499457398102732, 0.010316587323255723]]	[[0.07280752407603874, -0.5708468834954977, 0.2401405222983239, 1.2090355998630964, -2.899621687093216, 2.4306556593542605e-05]]
[[-0.43443062815508515, -0.16225705791087988, 0.013192998805432472, -0.009395257042889607, 0.011011302991821554, 0.010760880125244943]]	[[0.07280752407603874, -0.5708468834954977, 0.2401405222983239, 1.2090355998630964, -2.899621687093216, 2.4306556593542605e-05]]
[[-0.4067389223323251, -0.07267768357469687, 0.015749280043157444, -0.008660978825770367, 0.012113408314250599, 0.010230984817010222]]	[[0.07281393594786656, -0.570848311429822, 0.2400921018300145, 1.209013786143819, -2.8996181185508867, 2.3789763313460577e-05]]
[[-0.4040333076005994, -0.04919406376382382, 0.009060769817080386, -0.0086763865536391, 0.012950606637999934, 0.01024682157331709]]	[[0.07279801768618682, -0.5708316449125937, 0.2400426734797907, 1.2090233048689403, -2.899591893626542, -0.00012857372665071404]]
[[-0.37050907921863746, -0.056496118282336416, 0.013823502809753144, -0.009414746925433148, 0.012633446706433092, 0.010664719280052323]]	[[0.07283518402245356, -0.5708314674161816, 0.2400301857510262, 1.2090630566296103, -2.899586154220592, -3.2684933259231865e-05]]
[[-0.38297153782659055, -0.03806719103654818, 0.010376059503772808, -0.009022020055513745, 0.012817141755106773, 0.010670307950483878]]	[[0.07283332682641298, -0.5708387235999349, 0.24002272499805796, 1.209105603518316, -2.8995931201425544, 2.4806376772953903e-05]]
[[-0.3562660622411442, -0.033771388681559766, 0.008772514232532214, -0.008798162025518426, 0.012438250993212456, 0.010389489309791009]]	[[0.07282447790687353, -0.5708306438768407, 0.23996170265086067, -1.2090345915411802, 2.899615583863892, 0.00010703500056538542]]
[[-0.35906452678164197, -0.050937794943980846, 0.018672446978305682, -0.00885427158288785, 0.012128442837401835, 0.009783879198268711]]	[[0.07281145960509644, -0.5708353446182541, 0.23994673252200377, 1.2090839632683326, -2.8995409869789706, -0.00011135389539699402]]
[[-0.34649191957828585, -0.04309979151030144, 0.018074167534530405, -0.008225876033108672, 0.011556618519280299, 0.009797475343019675]]	[[0.07280870778841006, -0.5708308795501661, 0.239908603952145, -1.209003237903204, 2.89963965319913, 0.0001254545266199174]]
[[-0.409729371145335, -0.07168615738650486, 0.03883662919958978, -0.008406544158668709, 0.012754896182078443, 0.010033642641097809]]	[[0.07280939775913071, -0.5708230742833135, 0.23988090513373117, 1.2090593825487685, -2.8995793831708627, -0.00020339118229751788]]
[[-0.42501579542422235, -0.059921080028361745, 0.04520168704457812, -0.008228213448120091, 0.012507573297816058, 0.010025810930466162]]	[[0.07279703442008999, -0.5708255019012419, 0.23984094746625562, 1.2090634196884067, -2.8995912117980835, -0.00022053943314392135]]
[[-0.42688978173494163, -0.06816371682867012, 0.03541614820695444, -0.009648699444830381, 0.011463784425601597, 0.010197497430598002]]	[[0.07281153528479911, -0.5708220066166805, 0.2398145000036254, 1.209068992417759, -2.899602754348096, -0.00025677908315154094]]
[[-0.4517584297704693, -0.01878498930835898, 0.05098856034335075, -0.009096639466133559, 0.01084918059200423, 0.010348130659756325]]	[[0.07280774108079946, -0.5708317167554304, 0.23978535715564014, 1.2090690750462325, -2.8996032844832027, -0.00027670541187690246]]
[[-0.4640172691738266, -0.025184690261654402, 0.04485065805131119, -0.009720711251650502, 0.010558877237087502, 0.010149594407932595]]	[[0.07280833893549239, -0.5708168047743524, 0.23975542564526026, 1.209064852425885, -2.899592762723314, -0.0002962192435525621]]
[[-0.4915488591763857, -0.01738923923229857, 0.05405959605745262, -0.009490022915745055, 0.010044767456937007, 0.009618064890935144]]	[[0.07281252518026865, -0.5708280355822792, 0.23974734577583362, 1.2090647131542882, -2.8995927617112014, -0.0002935054819691001]]
[[-0.49817895610777296, -0.02800121844753406, 0.045043087359148165, -0.010553439496085497, 0.008706605022591647, 0.009987220457156552]]	[[0.07284025166835406, -0.5708225331595589, 0.23969518943797175, 1.2091389025053056, -2.899576255520905, -0.00034920352707242783]]
[[-0.5133823148934131, 0.005953407322531745, 0.0662590250236444, -0.009970280507864797, 0.007693954246272735, 0.010217205313668582]]	[[0.0728122339775345, -0.5708149519445888, 0.23967079702698502, 1.2090393844293021, -2.8995804364988134, -0.0004070178709623591]]
[[-0.5592210793521692, -0.00980516414232574, 0.0824307110702899, -0.01076870408276632, 0.007368770526369987, 0.010105790839993451]]	[[0.07279987886274757, -0.570815978797506, 0.2396387299421101, -1.2090210331749023, 2.8995876087024377, 0.0003824124707816112]]
[[-0.6249114579419948, -0.009264782553746742, 0.09745195164386079, -0.011420277916191334, 0.006138659805725766, 0.00990155493461136]]	[[0.07282209057633192, -0.5708086580159745, 0.23960675384077412, -1.2090870754299112, 2.8995978516922736, 0.0004415716038934107]]
[[-0.6807827766010006, -0.022903316872893376, 0.11563697007943267, -0.012314066888663006, 0.0051554601190736404, 0.009384011319769774]]	[[0.07280267151906529, -0.5708180132862328, 0.23958121217140776, 1.209034998585592, -2.899620974723753, -0.0003834219736247991]]
[[-0.6966263359642122, -0.03296646383306606, 0.13149376365204218, -0.012209786209448516, 0.004700033480512035, 0.009102425756943436]]	[[0.07280113667951145, -0.5708226711134561, 0.23957082841238925, -1.209025566245352, 2.8995987144379103, 0.0003643049767320231]]
[[-0.7347411681168203, 0.005132856695946375, 0.1481299445176019, -0.010082419577117991, 0.005131267612578663, 0.009146266393182617]]	[[0.07280311175304777, -0.5708157629034766, 0.23952741153237675, -1.2090519024862652, 2.8996130124050596, 0.0004014065872611024]]
[[-0.7324882881458273, -0.01630172876077368, 0.15862339793572797, -0.010787139737398106, 0.0047989520611356595, 0.00897042929040992]]	[[0.07279532143410725, -0.570813978863691, 0.239523687776446, -1.2090346424483391, 2.899620205700998, 0.0004001885035421256]]
[[-0.7350630096492896, -0.0003062944172181892, 0.1667576548077274, -0.010309814215631352, 0.004732003526600928, 0.008289936689745194]]	[[0.07280245597446369, -0.5708173798797308, 0.2394873305562411, 1.209087226552333, -2.899600484561467, -0.0004190507497561957]]
[[-0.7107834842483, 0.00043254095616224175, 0.1839967454708111, -0.010476605961420079, 0.004777599752494266, 0.008168405146775132]]	[[0.07282855676554174, -0.570825774133324, 0.23947714493663202, -1.209122822787508, 2.8995849702544696, 0.00032353915383602857]]
[[-0.6930998657683638, 0.014284842634734507, 0.18196440258640656, -0.01040098604659273, 0.0058714366750268485, 0.009160208059261354]]	[[0.07279235791457409, -0.5708127436335497, 0.23942781689052703, 1.2090136538523992, -2.8996185497995937, -0.00041815821994046755]]
[[-0.6824295049652711, 0.03744680294733149, 0.19690358140769845, -0.010993578944873753, 0.006552627345028038, 0.009630607450589267]]	[[0.07282308868364323, -0.570811139850258, 0.23939025473331915, -1.2091216465982306, 2.8995820554120573, 0.0004528380379152629]]
[[-0.6082623286615211, 0.042021356784718855, 0.21468971610000231, -0.012423129995732494, 0.0071103049614081116, 0.009728905474946424]]	[[0.0728109093273185, -0.5708200061216642, 0.2393974527145033, 1.209088074376609, -2.8995988415829856, -0.0003403285909262881]]
[[-0.5334240298287917, 0.07079093479312848, 0.22115413433588918, -0.01331656083146774, 0.007508918343079201, 0.009535616974052726]]	[[0.07282124921599482, -0.5708129376057202, 0.23934883155011039, 1.2090836319388145, -2.8995900986752043, -0.00043329731191881887]]
[[-0.5276195288025404, 0.09819840294556495, 0.21923649931306693, -0.013586740929740904, 0.00924257990617329, 0.009292534159481971]]	[[0.07279649421183146, -0.5708202833177097, 0.23933589397245253, 1.2090349182439664, -2.8996213101247417, -0.000339189413632518]]
[[-0.5191885628983968, 0.10977496254479902, 0.2258953101118311, -0.01366849757320794, 0.010597857033067305, 0.009153107394634942]]	[[0.07279472723687008, -0.5708276104598287, 0.23933507067021642, -1.2090135548798469, 2.8996189462632715, 0.00020690948478951576]]
[[-0.48562662355466313, 0.086125975972001, 0.227303795350235, -0.014307739644642615, 0.011612237789520514, 0.009295284858771914]]	[[0.07281073543109849, -0.5708227549048788, 0.23928890599732738, 1.2090304827409935, -2.899608793048339, -0.00026381378630669077]]
[[-0.5135227044989559, 0.0729025816687556, 0.25042579146490224, -0.014601006847190541, 0.013151888317149132, 0.00948477689574843]]	[[0.07282189027617342, -0.5708246269279547, 0.23925114491747246, 1.209138074773921, -2.8995262204660266, -0.0003029143374139741]]
[[-0.5070459086360869, 0.07930241266194796, 0.24280358439782937, -0.015351572709939844, 0.012958203971974952, 0.00992209211419015]]	[[0.07282067529045579, -0.5708302199519429, 0.23924162184961917, 1.2090819936190014, -2.899586664255301, -0.00022468768648540487]]
[[-0.5092521606640441, 0.07543365585714082, 0.24526981605186451, -0.01591133709731942, 0.012613395454150217, 0.009253406073605603]]	[[0.07278536024733609, -0.5708406296218335, 0.23920034646699834, -1.2089611010800734, 2.8996397490451513, 0.0002249365701993395]]
[[-0.5039113903247733, 0.05000513721055935, 0.24309804560818557, -0.015860071266771247, 0.012727212853671035, 0.008999232242742437]]	[[0.07281047345163189, -0.5708219680207097, 0.2391614658327399, 1.2090654836606138, -2.8995957187379924, -0.00030205401186337834]]
[[-0.49797888269170726, 0.08035663785765201, 0.23662495134458778, -0.014132797745008103, 0.012517908484521419, 0.009223849843664665]]	[[0.07280385454968435, -0.5708307643750887, 0.23916058720609468, 1.20903731750516, -2.899578709853419, -0.00017191685497613813]]
[[-0.5030093460563387, 0.05183579727885923, 0.22042523505881806, -0.013199821500914257, 0.012519638080555458, 0.00908912004784999]]	[[0.07283083573442, -0.5708348088925305, 0.23913879047028513, 1.20908619006549, -2.8995971347784857, -0.0001698581562597036]]
[[-0.5221015166905254, -0.03562405894203291, 0.2270021859254476, -0.013210032417899299, 0.012585950177863552, 0.009332290016857698]]	[[0.07283250536549624, -0.5708527501857572, 0.23913462497718954, 1.2091186167241805, -2.8995290186630904, -4.087424977548925e-05]]
[[-0.5222821408082643, -0.107643803259278, 0.2161873700863638, -0.013433405162450264, 0.01268313068797558, 0.0091709569748718]]	[[0.07281832216056852, -0.5708324709722304, 0.2390906661966355, -1.2090839784040575, 2.8995899991403378, 0.00013226583989005253]]
[[-0.5698393136020888, -0.11341210584405406, 0.19847075904813818, -0.011919404682500807, 0.01304723524397304, 0.009469359359914902]]	[[0.07281124551266502, -0.5708435650739134, 0.23910024698489118, 1.2090629160002326, -2.899589970753009, 1.5747219392092303e-05]]
[[-0.6031269275328772, -0.14137568265525471, 0.19017337361792191, -0.011452055651166736, 0.01312134457357262, 0.009551974194127599]]	[[0.0727922028714097, -0.5708395828259133, 0.2390444682416939, -1.2090308857058967, 2.899612696583006, 9.688139829105289e-05]]
[[-0.5719662307812143, -0.16144286760389048, 0.16296282102695633, -0.010178257788866855, 0.011770035252939003, 0.009939871963683596]]	[[0.07282912921647032, -0.57082664410624, 0.23902368853712708, -1.2091234934931232, 2.8995873701308437, 9.752347801185501e-05]]
[[-0.5512701179064567, -0.19956648875993302, 0.12629333430630227, -0.009078211548354179, 0.010666462689972156, 0.008964424482988528]]	[[0.07283611340665956, -0.5708452985901981, 0.23899896119342573, -1.2091059016243335, 2.899596290993816, 2.3687249368321625e-05]]
[[-0.5995234319483206, -0.2581871413522623, 0.1099440325290542, -0.008591908211549891, 0.011099867616144848, 0.00865257393540601]]	[[0.07282956471388416, -0.5708311710641494, 0.23897888746535836, 1.2091031541865318, -2.899589345329024, -9.93515368586804e-05]]
[[-0.5904938556130266, -0.2465259435403088, 0.0748545299703549, -0.006145348140869904, 0.010544472575495576, 0.009322465651659867]]	[[0.07278615494799284, -0.5708301885657407, 0.2389528774273347, 1.2089988604567965, -2.899632983631984, -9.887618117424788e-05]]
[[-0.5879368123919682, -0.27874014779256934, 0.06080165855034079, -0.005108198919755563, 0.010084474332108913, 0.010540433809232015]]	[[0.07282687954384372, -0.5708307416508626, 0.23891882366581596, 1.209094401587155, -2.8995683593836046, -0.0001394147053680281]]
[[-0.6668982013987498, -0.3148315741583034, 0.05730825033761783, -0.004603201294134822, 0.011290323202921714, 0.011407024893159997]]	[[0.07282444749747705, -0.5708486130525955, 0.23892500075150824, -1.2090320606429348, 2.899614077030113, -1.2913059911592226e-05]]
[[-0.710938732184236, -0.29512612050444403, 0.03985302151605716, -0.0037106150085331364, 0.012078734239069583, 0.01154122959203722]]	[[0.07281410573252818, -0.5708312378191175, 0.23889072854634114, 1.209081979172953, -2.899585326063377, -8.151614928741142e-05]]
[[-0.6820383770682258, -0.32071120047162216, 0.011171887764804942, -0.004802414254856223, 0.011313646666568582, 0.01193140852047859]]	[[0.07280609553754923, -0.5708363842048563, 0.2388780347340693, 1.2090711716358813, -2.8995632594295238, -4.6358284376226817e-05]]
[[-0.6999044138552286, -0.3181986020981805, 0.015670082592798316, -0.005321081962348789, 0.01115896409666079, 0.011957735794172863]]	[[0.07281414470401316, -0.5708511540684557, 0.23885044903281952, 1.2090454300273175, -2.8995994486449077, -2.4988365592092538e-05]]
[[-0.6474553611753762, -0.2876330516569571, 0.0013578223357402666, -0.005464365864295712, 0.01032213639160086, 0.011329848571765083]]	[[0.0727947601498196, -0.5708270999920102, 0.2388237820467467, -1.208978529735479, 2.89963326743372, 9.972303775455276e-05]]
[[-0.6164415461701984, -0.26301903442022423, 0.02017416959832581, -0.0055052237462147, 0.010146834119788582, 0.010986312172491538]]	[[0.07281451613151756, -0.5708288771043266, 0.2388037972855756, 1.2090342566547898, -2.899619012436999, -9.967928188677424e-05]]
[[-0.5879426028613454, -0.24786342355779445, 0.02101377232756464, -0.005737013400034427, 0.010165180641568095, 0.01082397152180672]]	[[0.07281091604858966, -0.5708293635298716, 0.23877681773456536, 1.2090377541427946, -2.899578568980979, -8.338540752616868e-05]]
[[-0.5804855107947374, -0.26113240599549714, 0.03555996837861741, -0.0072704088209458555, 0.010658639167134496, 0.01137116090243221]]	[[0.07279420563602092, -0.5708324721924746, 0.23874582234302916, 1.2089817773119074, -2.8996412258179274, -0.00010106826491298092]]
[[-0.5742016522717738, -0.22558567868980928, 0.041307997800323064, -0.00829616176600795, 0.0111868284048881, 0.010979474849155063]]	[[0.07280253496735908, -0.5708132454069049, 0.23869807543469407, -1.2091029925616665, 2.8995911633396942, 0.00023134484143690163]]
[[-0.5584968126026577, -0.18813406316593356, 0.03955009478434164, -0.00948492352613979, 0.01154406956416119, 0.011200911259037973]]	[[0.07279976303985569, -0.5708283117393746, 0.23868468058738462, 1.209017297341967, -2.8996292574956244, -0.0002140003275617779]]
[[-0.5138011008286529, -0.12109093918387309, 0.047445392361808315, -0.010045901864916393, 0.01091540439243359, 0.011386911252529337]]	[[0.07282243302643468, -0.5708186189659183, 0.23866510611222477, 1.2090606679981546, -2.8995850501938225, -0.00019586631621995883]]
[[-0.48104322376633457, -0.08069848574345323, 0.06287992680472113, -0.011001599927487588, 0.010844296080950963, 0.011344498162474754]]	[[0.0728120065395862, -0.5708186944604942, 0.23865602325222512, -1.209087244874606, 2.899598395965948, 0.00019287469976574602]]
[[-0.4873917143812959, -0.04889713701483103, 0.07712239303270044, -0.011474112671669938, 0.012520302387951196, 0.011717351447714526]]	[[0.07279714461014007, -0.5708177576954535, 0.23861719616345228, -1.2090688061171997, 2.8996066974399555, 0.00015580710378751753]]
[[-0.4896462631956512, 0.012948964186236811, 0.08106616379221063, -0.011058698068782265, 0.013833628390592947, 0.01109601775325569]]	[[0.0728035801224938, -0.5708227407556086, 0.23860029527945836, 1.2090128867352166, -2.899618658595972, -0.00021516062576797348]]
[[-0.4799837754636354, 0.05252797691269337, 0.07801291758339243, -0.011276976179181499, 0.014542523233476344, 0.011160091869310348]]	[[0.07279294672018231, -0.5708166824586324, 0.2385557267707411, 1.2090437023132463, -2.8995931293818744, -0.0002141797858941593]]
[[-0.5013706032209977, 0.07236856830367405, 0.08808170848552462, -0.011934748412266272, 0.014911858889682222, 0.011178759024689691]]	[[0.07280510134030496, -0.5708170601056319, 0.23854051734770315, 1.2090518696639916, -2.8995639992885236, -0.000216355114518438]]
[[-0.4996660355956135, 0.06769929854569107, 0.08997835935835859, -0.012959774929368685, 0.015612738667418679, 0.011577689087166502]]	[[0.07278167551197573, -0.5708179070990992, 0.23852314817323755, 1.209035176765972, -2.8996235420859864, -0.00025204234652175553]]
[[-0.4328152973263891, 0.1079938766025931, 0.07885242345088002, -0.012200244570436542, 0.014493362665782359, 0.01046304707606613]]	[[0.07282420677328143, -0.5708164215066558, 0.23849357847745745, 1.2091045520041388, -2.899593469704944, -0.00019448441874484387]]
[[-0.38502009260229253, 0.1708188799824386, 0.06848515455396167, -0.010217419136967675, 0.013152568239023612, 0.010212477230714268]]	[[0.07282252133559898, -0.5708153430214428, 0.23844313222572922, 1.2091187397849774, -2.899576990823089, -0.00028867086901221547]]
[[-0.3809449657945907, 0.16160850314145886, 0.0455011401733974, -0.0096219507783913, 0.01243965671283782, 0.009379856183996066]]	[[0.0728075712382303, -0.570813422213792, 0.23844457021608545, 1.2090485303617424, -2.899605017369765, -0.00023205593582283253]]
[[-0.3488543606427512, 0.13943143388406062, 0.04537509622995808, -0.008973465060987684, 0.01131905095053558, 0.0089038987626983]]	[[0.07281852506885426, -0.5708202448616502, 0.23843053520044502, 1.209087295227726, -2.899600966320585, -0.00019362630705004277]]
[[-0.3458165022345067, 0.1221679015953524, 0.0264370953319753, -0.007842024305789935, 0.009621152437506886, 0.008435392341875517]]	[[0.0728102517719875, -0.5708138430624687, 0.2383642577791333, -1.2090854060633658, 2.8995946478081445, 0.00032567769114985725]]
[[-0.4143831352019307, 0.07459253884270906, 0.01941932157257945, -0.007442737161706124, 0.009171639473628522, 0.008745920057282265]]	[[0.07281722370984657, -0.5708166629876118, 0.23839836542182796, 1.2091049212369998, -2.8995925534313813, -0.00013756398494636177]]
[[-0.4442510930783208, 0.03441614009315028, 0.01861156781353361, -0.00730145585069626, 0.008147590475898811, 0.008979764365481072]]	[[0.07279620132172379, -0.5708129239345778, 0.23834796517096007, 1.209052412038521, -2.899565633051552, -0.0002538291195367813]]
[[-0.48451354725693585, -0.012486758430118344, 0.027093116809504707, -0.0071898001525773315, 0.00791131029390844, 0.008972117882186444]]	[[0.07280703061347937, -0.5708051329078311, 0.23830050065808936, -1.2090673417838829, 2.8996018267195547, 0.0003251915516779679]]
[[-0.5528019816656822, -0.03612870934814605, 0.029427295234681867, -0.006837703426149639, 0.0075367361034275075, 0.009923219933668641]]	[[0.07281657279868946, -0.570811551702515, 0.2382931754127239, -1.2091029849644548, 2.8995882173205674, 0.00026867011072157046]]
[[-0.6276608947701985, -0.09368168414134737, 0.030742347613296445, -0.0076757074254969, 0.00763607777821401, 0.010308842602434778]]	[[0.07279260799384094, -0.570808838612243, 0.23822837314961184, -1.2090014568968759, 2.8996405821393254, 0.0003817566359051139]]
[[-0.641198440077152, -0.133064899100248, 0.02495843308813939, -0.008209692247034146, 0.00727455571762355, 0.010001409747658464]]	[[0.07281389197660344, -0.5708077617262802, 0.23822133405047125, -1.2091233567507174, 2.899590416385662, 0.00034441748672283605]]
[[-0.6146974376984399, -0.10365164557558204, 0.031991483457558215, -0.007620232518052191, 0.006183214412513896, 0.009593532397435305]]	[[0.07279965645833246, -0.5708153160289371, 0.23819410787679773, 1.209044099455721, -2.899596934180683, -0.00030784931332351206]]
[[-0.6207213463671274, -0.06632147414267975, 0.025610569448132062, -0.007637155807738381, 0.005974678849313489, 0.009865220770546732]]	[[0.072806856645815, -0.5708010766128878, 0.23816176829903335, -1.2089924592942893, 2.899617227084297, 0.00039890024688492444]]
[[-0.642476153080283, -0.0674811199666227, 0.03652186195784402, -0.008397249331939739, 0.006941309469619935, 0.00991302023668936]]	[[0.07279227821240807, -0.5708078316274083, 0.23814155962216796, -1.2090879739720441, 2.8996049274247597, 0.00034224379656808883]]
[[-0.6279910610249594, -0.03605623172868039, 0.050481106357044725, -0.00810289609890368, 0.007941019699002991, 0.010360735366924802]]	[[0.072808178281229, -0.5708045042048936, 0.2381144249839583, -1.209027497323206, 2.8996040766986946, 0.00032309047402291765]]
[[-0.650577985576102, -0.015242427566258598, 0.06159183458010225, -0.008173502359521106, 0.009195001858641326, 0.01084777973469405]]	[[0.07279105595594741, -0.5708132696743659, 0.2380900808148252, -1.2089703906246978, 2.899615322347117, 0.0003023413920306636]]
[[-0.6394977421712345, -0.027993819589185565, 0.06746838147012392, -0.008694261380873435, 0.009617170170072315, 0.011116370125242594]]	[[0.07279906205653147, -0.5708068356542961, 0.2380655026913914, -1.2091403245749281, 2.899582735847804, 0.00034053940999581437]]
[[-0.6616821655685778, -0.02439395286702356, 0.08773412411611387, -0.008888658699181987, 0.010894627636270601, 0.01125912054536757]]	[[0.07278737311910356, -0.570810222591998, 0.23807383524940579, -1.208980407200864, 2.899639058427585, 0.00022856040374623848]]
[[-0.6119586187840278, -0.023301060097737747, 0.09265529019315204, -0.009830330769063821, 0.01022556914508727, 0.010843087225415207]]	[[0.07280775610880962, -0.5708067620333072, 0.23802302928598001, -1.2091016388502653, 2.8995874002024085, 0.00026607147764492296]]
[[-0.5994881542142738, 0.013297489742760293, 0.09748548253450212, -0.009997190390923498, 0.010336423862040207, 0.011428835030466863]]	[[0.0727623464719774, -0.5708139947364345, 0.23798979840513745, 1.208971071867618, -2.899614666969404, -0.00026761901874060664]]
[[-0.5835546678872503, 0.03586513570258859, 0.10759336765634808, -0.010050296455414425, 0.011238140228091277, 0.010884527671379145]]	[[0.07282076502870886, -0.5708101702036311, 0.23797895436071748, 1.2091356983058055, -2.899571858979673, -0.00026571577405705627]]
[[-0.5566940630781513, 0.014663648547134367, 0.13488170024044935, -0.010722552693663099, 0.012039568777574061, 0.011276027213484752]]	[[0.07283191908314914, -0.570801778845283, 0.23795081001714846, 1.2091873760833747, -2.8995496716773133, -0.0002293052194895899]]
[[-0.5149895104988673, 0.025803267034174487, 0.12216288422776074, -0.010954346915375165, 0.012272017229425301, 0.011657103007717735]]	[[0.07280120396975315, -0.5708123988265584, 0.23790382321396578, -1.2090184877059222, 2.899633575156369, 0.00030250548774010954]]
[[-0.5218105509143435, 0.02964176293455037, 0.11935100294655311, -0.011494594901694459, 0.01317427335381104, 0.011158003492531838]]	[[0.07280071670000925, -0.5707979740307476, 0.23787424160135257, 1.2090626954921215, -2.899591226553357, -0.0003219862562148533]]
[[-0.5458743256278572, 0.029954816612211832, 0.137447868843765, -0.012597486114697668, 0.014858608266830806, 0.011323699097208012]]	[[0.07280285696691478, -0.570803636793361, 0.2378640416387055, 1.2090448022621674, -2.899597083818518, -0.0002482452887062209]]
[[-0.4900711681630508, 0.040701877316465185, 0.14042009108375483, -0.013206683223685158, 0.014621267194697966, 0.01114571515570579]]	[[0.07280282931327584, -0.5708131437721272, 0.23785075209572984, -1.2090496837713889, 2.8996111400344247, 0.0001338021824132369]]
[[-0.5000892097559599, 0.04371633953361104, 0.13819805237627908, -0.01451624276423705, 0.015263735215200589, 0.01167132818354059]]	[[0.07280917937961104, -0.5708170419236566, 0.23782254751017573, 1.2091000979355435, -2.899584160031257, -0.00011510938717815791]]
[[-0.5286729708893972, 0.06275010604038789, 0.16628159383999114, -0.014905506133542348, 0.01557481459628657, 0.011406299198763428]]	[[0.07279025378129458, -0.5708073605119769, 0.23779320380851357, -1.2089656823750794, 2.89960455921393, 0.00022322128605836188]]
[[-0.5440627482726248, 0.08734888976750346, 0.1761520369037405, -0.014647356605011909, 0.015860773737382792, 0.011250948257373562]]	[[0.07280751798815285, -0.5708125464147594, 0.23776542719380794, 1.209100344925674, -2.899584777956882, -0.0001333412396928341]]
[[-0.544408570116683, 0.044937846685851185, 0.1908059345616061, -0.01520191533625164, 0.014955881159298402, 0.011630983166210083]]	[[0.07280594162669632, -0.5708083248111737, 0.23773483340268986, 1.209031585144151, -2.8996144871636784, -0.00017226032008946604]]
[[-0.5411816628134041, 0.012348724361568364, 0.17423016960300428, -0.014840761514328855, 0.013658513081955762, 0.011295169896535041]]	[[0.07281112889194438, -0.5708188118282973, 0.23770870773972513, 1.209070473909141, -2.899610860032001, -0.00015282440326879807]]
[[-0.5488654520125201, -0.03213691206647068, 0.1816661818253747, -0.014122379342544044, 0.012963306378418568, 0.011469690439701998]]	[[0.07277933151361386, -0.5708140932481643, 0.2376863326623636, 1.2089786448373703, -2.899635560987313, -0.00011610200438460633]]
[[-0.5691154049217364, -0.0434716334097045, 0.1778418051696844, -0.01220742670345147, 0.012053452662190878, 0.01097809231342163]]	[[0.07280830585422199, -0.5708145612838156, 0.2376754800529594, 1.209014555004929, -2.8996206169965073, -0.00011563127618184176]]
[[-0.6102705780692953, -0.13515335340064366, 0.17466281775611395, -0.012499122733990621, 0.01154941898461401, 0.011624741868327713]]	[[0.07280987833568008, -0.5708220846751838, 0.2376506267836341, 1.2090093751656483, -2.89960831784646, -4.185413757391877e-05]]
[[-0.6470911770633677, -0.15599114809824835, 0.14522947859220472, -0.010936875758001147, 0.011479877226138345, 0.011353776643529934]]	[[0.07280940984389876, -0.5708106911583981, 0.23761260087702246, -1.2090849867585944, 2.8995951254217123, 0.00013570470974204896]]
[[-0.5804557818650875, -0.16542638786416805, 0.1259859725206311, -0.008471464821917149, 0.00922696890305947, 0.009752042006980554]]	[[0.07281516930613288, -0.5708171339341616, 0.23758632388917839, 1.209096206360475, -2.8995733605813148, -8.216917878756524e-05]]
[[-0.5691657770344551, -0.1805378124638879, 0.10367756885681059, -0.0066660853327382575, 0.008180766707263957, 0.009350174672538033]]	[[0.0728223728877263, -0.5708193388134278, 0.23755964236703594, -1.2090929454950339, 2.899566074768497, 9.68031569303408e-05]]
[[-0.5737789769319654, -0.2270305008463364, 0.07762980321685872, -0.006370816083656077, 0.007862400410972385, 0.009416583674221381]]	[[0.07279711375930473, -0.5708199899161515, 0.23755415202089325, 1.2090346979923647, -2.8996245820651283, -6.257475452889432e-05]]
[[-0.5407781984881228, -0.23765129808619204, 0.07002634297289001, -0.005232170829427336, 0.006975640463992675, 0.008801409192679277]]	[[0.07281232781840642, -0.5708080771613004, 0.23752528615524088, -1.2090710419424766, 2.899562019926356, 9.869484588351761e-05]]
[[-0.5226499579134591, -0.27076965876010317, 0.08129419942645377, -0.004884041618276217, 0.006758346922480255, 0.008779712910667944]]	[[0.07280911127572218, -0.5708132289795825, 0.23748277640759535, -1.2091399014418998, 2.899583164246451, 0.00019440651516125694]]
[[-0.5222458025373498, -0.2627058328081728, 0.06599101984012114, -0.004400262607622066, 0.007178525211195602, 0.00933278432460047]]	[[0.0728048834322488, -0.5708120351816272, 0.23746146967560083, 1.209040018674347, -2.899586661340857, -0.00017745760848186071]]
[[-0.49153349657056505, -0.23332081434663612, 0.04601130498684223, -0.004371308055836933, 0.007111482401035946, 0.008678214679336013]]	[[0.07280019347378677, -0.57081252227802, 0.23745323067842877, 1.2090828814352834, -2.8995942404981565, -0.00015777695222931467]]
[[-0.47393314020316296, -0.19730337089492647, 0.04541327238847206, -0.004830709316800689, 0.007510930315094629, 0.009126960888854972]]	[[0.07278840543721599, -0.5708259046914751, 0.23742730015166774, 1.2089698152707786, -2.8996152271531397, -0.00013945915717585987]]
[[-0.4496774276799124, -0.14139178485373682, 0.0514455206255424, -0.0048923383646861714, 0.007571883377122784, 0.00899889245527369]]	[[0.07281468063240552, -0.5708123042111554, 0.2374126243925389, 1.2090833198534217, -2.899593452678778, -0.0001213643931042179]]
[[-0.4661860601281511, -0.1380927399922654, 0.07104765568828258, -0.006597675336231281, 0.008412704235585763, 0.009277405022060089]]	[[0.0727932560539961, -0.5708129633857578, 0.2373772912473662, 1.2090311073766875, -2.8996162099777614, -0.0001570082904724081]]
[[-0.46758287926373976, -0.11292370538284197, 0.07701967432390092, -0.007796373954284262, 0.008840596893460114, 0.008882610414369845]]	[[0.07280281191341796, -0.5708064316182335, 0.23735367223309428, 1.2090758748999055, -2.89957355068994, -0.00023394970779996006]]
[[-0.4362771792026795, -0.06531986586244595, 0.09261152930562655, -0.007777487855671618, 0.00909223825489068, 0.008518307754525679]]	[[0.07279677448428153, -0.5707965358404553, 0.23729942335947352, -1.2090297722538215, 2.8996130442035026, 0.000288338580785648]]
[[-0.4061226090587272, -0.01818615183136099, 0.10292302429449918, -0.0075835280333045, 0.00949160132417525, 0.008268516969954412]]	[[0.07280817681114442, -0.5708173740383915, 0.23730307511077697, 1.2090110853392975, -2.8996132840236695, -0.00021488091369225798]]
[[-0.4331757235615019, -0.040916835519469286, 0.12380144776775014, -0.009082202770332016, 0.011045367733971655, 0.008671951232153268]]	[[0.0728261672497467, -0.5707980743656746, 0.2372724113275216, -1.209117087172807, 2.8995773932014215, 0.00024912388194553794]]
[[-0.4185355463333412, -0.060914470545108984, 0.15227770534098642, -0.010089224454464606, 0.011805716363180053, 0.00904834448519998]]	[[0.07281987015971901, -0.5708003264939022, 0.23723392215993527, -1.2090819432132311, 2.899590607270939, 0.0003047927150596401]]
[[-0.3584418718428814, -0.05982422353569439, 0.16375423749999607, -0.01036029705856873, 0.011634038598570538, 0.008767192304076627]]	[[0.07280545768405373, -0.5708066294116166, 0.237212958304079, 1.2090672965101583, -2.899604103087551, -0.00025194591076641015]]
[[-0.31489245422809453, -0.048677850465743855, 0.15878722544145332, -0.010713320040422799, 0.011176660794258674, 0.008839538650373305]]	[[0.07279304225527483, -0.5708090253297031, 0.23718381598090027, -1.2090160616125494, 2.8996294193467365, 0.0003642644098705645]]
[[-0.27927135952072996, -0.018479462444998235, 0.16986484994823164, -0.010373692725917824, 0.010810521686002359, 0.008695759078131849]]	[[0.07279427179975542, -0.570806736737473, 0.2371531657859018, 1.2090364310267638, -2.8995806494083696, -0.00034765383528872405]]
[[-0.24304929777996404, -0.002068321390743255, 0.16354865396392146, -0.010626068630377796, 0.011082226155193052, 0.008473804830140567]]	[[0.07277798638420745, -0.5707999659896866, 0.23712850163734978, -1.2090066572569966, 2.8996049899692227, 0.0004381154686468544]]
[[-0.29044377936375565, 0.013676166700209075, 0.17397771379733767, -0.010971322395000701, 0.012114025169018862, 0.008954719644067381]]	[[0.07277192491799556, -0.5707973627080016, 0.23710434766252686, 1.2089597477436989, -2.899640018569908, -0.00040422689377180373]]
[[-0.2621291698534843, 0.04439866922438086, 0.16023890149374098, -0.010849132981447792, 0.011149173274185357, 0.009404491354126594]]	[[0.0728058044770563, -0.5708020532197889, 0.2370824767129402, 1.2090676655286205, -2.8995563611807422, -0.0004054308179416036]]
[[-0.2989139284316491, 0.04567874132098382, 0.1717937234785797, -0.010835193773852553, 0.011787457831777905, 0.009898024629695332]]	[[0.07278939546933194, -0.5707991611491281, 0.23704451196049278, -1.2089980326499137, 2.8996349512045376, 0.00041878191804556965]]
[[-0.3274603150118016, 0.05035927467123824, 0.16698974983410342, -0.011164123750445646, 0.011490828358785484, 0.00985711884551618]]	[[0.07279265448941659, -0.5707922148636695, 0.23702749823304498, 1.2090693489821494, -2.899609259034269, -0.000476856676004153]]
[[-0.33926858711356267, 0.08562619923295861, 0.1711515383023466, -0.01076466007998427, 0.00983426644509754, 0.008857213817402884]]	[[0.0728063661197265, -0.5707899153216, 0.23700882171756493, 1.2090689435567592, -2.8996082639241525, -0.00042004948321279863]]
[[-0.40056844256413937, 0.07074069558889326, 0.18574288015806584, -0.01104502290343811, 0.009149163403417062, 0.008695082146662215]]	[[0.07280690401390491, -0.5708001541734719, 0.2369742702083032, -1.2090760349543306, 2.8995752894187388, 0.0004375154606119033]]
[[-0.4630865992739951, 0.06881345140977627, 0.19313466935776255, -0.01116100232647517, 0.00829149015464543, 0.008457566873886558]]	[[0.07278509774076379, -0.5707875889200936, 0.23696936470714092, -1.208963058752544, 2.899648278933977, 0.00045544261933290226]]
[[-0.5152651214662879, 0.06702899031417883, 0.2113910693198448, -0.011069945758170616, 0.007346613352199648, 0.009169508037000106]]	[[0.07278479083827422, -0.5707901994409015, 0.23692388681493048, 1.2090526078924484, -2.8996179896326484, -0.0005309175296823479]]
[[-0.5605722658079919, 0.03938800972666623, 0.20611719413781768, -0.01204109048364688, 0.006177070789241881, 0.009532113807116473]]	[[0.07280299893767818, -0.5707999433435097, 0.23691357806659374, 1.2089999177644501, -2.899637852705866, -0.00043574737813188995]]
[[-0.5982113541557528, 0.054482555617590356, 0.20641598508789902, -0.011147875605373374, 0.005077862926589316, 0.009627230101748627]]	[[0.07281201344957816, -0.5707981462375297, 0.2369036540027306, -1.2090984250243335, 2.899580328335604, 0.0003790991744834776]]
[[-0.6264499785237119, -0.022223565480903762, 0.21186765375808125, -0.011874707181079707, 0.004629715728563487, 0.009778550869998395]]	[[0.07280072729066743, -0.5707903469103931, 0.2368895638803969, -1.2090679741163504, 2.899606246266049, 0.0003610025515838633]]
[[-0.6436818491437224, -0.06838628882066117, 0.20349574358788547, -0.011266389218260958, 0.004252976618397209, 0.00964034253711195]]	[[0.07279959128969213, -0.5707907667094148, 0.23684175611343833, 1.2090695128810771, -2.899610090827741, -0.00047371995583675284]]
[[-0.6893010848994795, -0.09960714674753807, 0.21096470655857258, -0.0107946949606284, 0.004799020790480602, 0.009739966348319914]]	[[0.07278121871186617, -0.5707839180728941, 0.23680498369872394, 1.209013122443851, -2.899622599946774, -0.0005502216373168282]]
[[-0.6578344359252521, -0.08193902579685153, 0.1975410215555162, -0.010095860456494396, 0.0037944079371304905, 0.009378166877198299]]	[[0.07278771902324728, -0.5707944648456033, 0.2368107695742276, -1.20901458500016, 2.8996264506047416, 0.00043472145270656353]]
[[-0.611789538628086, -0.04483166429370783, 0.1789063156169186, -0.009542314767924399, 0.0032410827504582404, 0.009097875098953535]]	[[0.0728029338452058, -0.5707996044097698, 0.23679361887743583, 1.2090175967468528, -2.8996298838846033, -0.0003802241864386044]]
[[-0.6279469356883365, -0.025907682780056285, 0.15746743086403894, -0.010018054751145911, 0.0036911870664308555, 0.00907058244175214]]	[[0.07280592210256796, -0.5707919169707979, 0.23674271454679346, 1.2091001351073858, -2.8995844736068146, -0.00045391551507485163]]
[[-0.6436087262634529, 0.0051857041649934765, 0.14846272238786976, -0.010221945274031535, 0.004397802504198779, 0.008960792964099212]]	[[0.07279448977892355, -0.5708103506209304, 0.23674620080050962, 1.20906676693658, -2.899557110936531, -0.00034377277493436744]]
[[-0.6146676355940449, 0.00815377920138416, 0.15361362672989054, -0.01161600253819223, 0.004736800136724607, 0.009279450517559865]]	[[0.07281096835980136, -0.5707951670172987, 0.23671403165859217, -1.2091318287509645, 2.8995654572244924, 0.0003762412282517683]]
[[-0.6366266752696724, 0.020180358295943224, 0.16164804978521494, -0.012340946067361016, 0.006606605944047851, 0.01019962654694055]]	[[0.07280838625224935, -0.5708106393158905, 0.23671518105553319, -1.2090337190834406, 2.899622298789506, 0.0002446436662823497]]
[[-0.6507938906224875, 0.017008348895251657, 0.16844867187894397, -0.013713505976534856, 0.008254945706760034, 0.01089447248306158]]	[[0.07278647946320436, -0.5708133996384566, 0.23667378493836078, 1.2089981885748606, -2.899636407128497, -0.00028268678000581014]]
[[-0.6102404730154378, 0.06100253456145982, 0.1713610395859032, -0.013765239799868543, 0.00905135503177246, 0.010926179525306202]]	[[0.07282203543840846, -0.5708156926561784, 0.23667189480561657, 1.209079803244141, -2.8995869227461273, -0.00016942452848017314]]
[[-0.5608918248194092, 0.048490939344120965, 0.1741040046881028, -0.015096795496509849, 0.009693167537326585, 0.010860296819834764]]	[[0.07279291699871988, -0.570811422293379, 0.2366445719203552, 1.2090839192674157, -2.899598683980138, -0.00018648091991707886]]
[[-0.5101894076759818, 0.10176366214517846, 0.159864912617758, -0.014787092268715633, 0.009562224763462697, 0.009819327381554601]]	[[0.07278769347810893, -0.5708131287765327, 0.23661344155846753, -1.209067637527691, 2.8996084908835225, 0.00020550108070776794]]
[[-0.4911535645474123, 0.09656132044088706, 0.163614302229642, -0.015403907139418235, 0.010826500584982903, 0.010028821505870675]]	[[0.07279552613870274, -0.5708149953002098, 0.23658369279264707, -1.2090848161259946, 2.899601185503378, 0.00020540026230131988]]
[[-0.44649669224581, 0.09141428078533992, 0.16696732902205783, -0.015486791183889195, 0.011233637296492056, 0.010205824683841142]]	[[0.07282408305468181, -0.5708244129345205, 0.23658108881130613, 1.209091802077395, -2.8995673525803305, -7.541795886640522e-05]]
[[-0.40802777301041593, 0.056428401589728394, 0.15804664116177639, -0.01578366432001862, 0.01170881784592397, 0.009974348105123066]]	[[0.0728039397501438, -0.5708148943671988, 0.23654072313716928, -1.2090983091810679, 2.899584987801702, 9.031985856072665e-05]]
[[-0.37590348494814074, 0.03225979822457822, 0.16027750511884542, -0.01541632572322916, 0.011732351310300124, 0.00960288564435949]]	[[0.07278255661243264, -0.5708318030440594, 0.2365233036255956, 1.2089651753614976, -2.899606279369039, -1.9413760067117337e-05]]
[[-0.34204010361356424, -0.016683471125353178, 0.16557141760456373, -0.015300224440427699, 0.011902783783330411, 0.008906006446780263]]	[[0.07279808086847521, -0.5708215129359185, 0.23651938804142092, -1.2090692146248823, 2.89961250131603, -7.628495508313526e-05]]
[[-0.3692483482961634, -0.0920553834039213, 0.1670565608227864, -0.015381811799423547, 0.012877952961316962, 0.009551643767668098]]	[[0.07282951157186192, -0.5708319449960284, 0.23649693679153466, 1.209082351593999, -2.899593762615964, 9.456816452398385e-05]]
[[-0.3922462438952628, -0.09238522490274237, 0.1617597533893305, -0.014040318097483736, 0.012892047885972724, 0.009765664603660637]]	[[0.07281616330436742, -0.5708343329157362, 0.23648028997662984, 1.2090648104053248, -2.8996003774081585, 0.00012966366986574363]]
[[-0.37043953308701805, -0.11878873390057412, 0.14123852072419488, -0.013744887162480797, 0.01145973007884797, 0.009767001272705734]]	[[0.07282583951294704, -0.5708307844347733, 0.23646080115171442, -1.2090786969791905, 2.8995851858783395, -0.00017067742105608048]]
[[-0.40001380561787636, -0.14068862634705423, 0.1486499592706755, -0.012260857933686834, 0.011427772380187258, 0.01013361931375234]]	[[0.07280756198209946, -0.5708310428550195, 0.23645537317749077, 1.209046327755983, -2.8996065262029105, 0.0002059365995597067]]
[[-0.4229559485307947, -0.18194430833777592, 0.14177101935756958, -0.012079691304104351, 0.010864059273800802, 0.0103224279306401]]	[[0.07279160968311012, -0.5708299239872161, 0.23638562754197573, 1.208973476728295, -2.899626544993451, 0.00010791777007281455]]
[[-0.41877367633017654, -0.18854792839966705, 0.12666878823280822, -0.011452576553533962, 0.009251073599732961, 0.009694916850500158]]	[[0.07281716723929041, -0.5708368760570165, 0.23638989877275757, 1.209064323474596, -2.8995994426294485, 0.0002013673298400094]]
[[-0.4760007121574793, -0.21679939542579016, 0.12352234448725091, -0.010579704240417629, 0.009473411489959411, 0.010349711035838408]]	[[0.0728031923617424, -0.5708350927201216, 0.23634665166700275, -1.2090862717276092, 2.899605577525344, -7.080647067830087e-05]]
[[-0.5163881225839231, -0.234756106505611, 0.12084931650138832, -0.010081862719287989, 0.009359807915410384, 0.010196419601697123]]	[[0.07280570715794349, -0.5708450749241967, 0.2363483322322587, 1.2089941720504698, -2.899628020441885, 0.00024011806958249988]]
[[-0.5576163063239966, -0.21888704757263497, 0.10510767312096027, -0.008871053536471269, 0.00884678334841949, 0.010965343454175056]]	[[0.07281074418226015, -0.5708394269567182, 0.23633237884970523, 1.2090639282187725, -2.8995986341913587, 0.000257996183874786]]
[[-0.6380716170240002, -0.26102292734179, 0.09580047136250427, -0.009643700674304617, 0.009199802519192, 0.011182066424367596]]	[[0.07281880988402659, -0.5708576603485775, 0.23630167833680688, 1.2090683090616419, -2.899609804657389, 0.00025871832452220193]]
[[-0.6560688255821527, -0.2729828385817517, 0.08504237104374736, -0.00928618449172099, 0.009036885999264482, 0.011132132894370575]]	[[0.07280830978728708, -0.5708397266059879, 0.2362670069041352, 1.2090203315132342, -2.899593450850027, 0.00016234687676705556]]
[[-0.7006507441322662, -0.3235095130884975, 0.07995256003831523, -0.009355107621648765, 0.009973678989444523, 0.011378176488100918]]	[[0.07280903661854433, -0.5708506201359164, 0.23624217325588878, -1.2090686264163648, 2.899612548145914, -0.00014522538958651883]]
[[-0.6955537186253903, -0.32646872564486146, 0.05735261024033525, -0.007591837120042185, 0.00956020049938363, 0.011492611670195139]]	[[0.07281928493584769, -0.5708424236337111, 0.23623024347154054, 1.2090471419665287, -2.8996074563129066, 0.00019981733802703917]]
[[-0.6396305443561967, -0.34146424491075344, 0.03096566531205266, -0.006966077288936045, 0.0084566643771275, 0.011355534998298633]]	[[0.07281162131086805, -0.5708452192638653, 0.23617673691390526, 1.2090082193154832, -2.899613588160621, 8.551103950381614e-05]]
[[-0.6760679003885377, -0.36763859097147067, 0.04008572403098713, -0.006873276011877268, 0.009949981437725589, 0.011260931979100502]]	[[0.07281671568251924, -0.5708390206622596, 0.2361454607155638, 1.2090792438976352, -2.899585390599836, 3.012195794149474e-05]]
[[-0.6707497078795704, -0.4128501407499937, 0.05018756470932446, -0.008770112946727469, 0.010034097398235195, 0.01146435654784839]]	[[0.07282842106855253, -0.5708477499367328, 0.23615619832951057, 1.2091162708205094, -2.8995789863614245, 0.00020011602396687882]]
[[-0.6745267531139786, -0.37809976231807646, 0.05161996393369211, -0.009459725564532272, 0.009993661253633287, 0.011846436726504301]]	[[0.07280354233495148, -0.5708493683467101, 0.23611283645901615, 1.2090161041861542, -2.899583913314474, 0.00012433057750332183]]
[[-0.6848407936663322, -0.3034489125975597, 0.05050635015919593, -0.00917631684643749, 0.011151535158345834, 0.0116608625950497]]	[[0.07281072163420452, -0.5708550275055839, 0.23610630650454076, -1.20908599927355, 2.8996060299109536, -0.00014376287351300956]]
[[-0.6552678491314616, -0.3279962481264216, 0.05906817653988451, -0.01046728847523459, 0.011860638395244077, 0.01211395377462823]]	[[0.07279925748555237, -0.5708379080754845, 0.2360559776482379, 1.2090349874692299, -2.8995785061946364, 2.899255692685686e-05]]
[[-0.6523746104702681, -0.293078336529483, 0.07291473978822917, -0.010957129397629798, 0.013499290047573467, 0.012264078578990374]]	[[0.07281340810909114, -0.5708431495919792, 0.23603382780697885, -1.2090331551218125, 2.89962524518656, -3.139650199588844e-05]]
[[-0.5618314166670325, -0.25042451257643045, 0.05504412056295663, -0.012001754716434332, 0.012956991694431057, 0.011629339115790106]]	[[0.07282362538072343, -0.570841687539172, 0.236023116355161, 1.209125630139783, -2.899552921308689, 6.74286589262043e-05]]
[[-0.5244160673461944, -0.22043735783485616, 0.07411621693556135, -0.013436964654278093, 0.013551313747339033, 0.011204504802932684]]	[[0.072815704976432, -0.5708526485803186, 0.23598031822928484, 1.2090477013370302, -2.8996117851577594, 5.23086322618464e-05]]
[[-0.4886645755262258, -0.18770529929563554, 0.09054098744711567, -0.015217949656068144, 0.013842165681029344, 0.01139085431151777]]	[[0.07284284329202048, -0.5708378898382516, 0.23594984703541683, -1.2091103299262749, 2.8995654643676514, 4.368317652428955e-06]]
[[-0.46074420304342245, -0.15251045887794068, 0.10494508975188215, -0.016200766237527885, 0.0140430249679691, 0.011567944111206098]]	[[0.07281395005870465, -0.5708445386663897, 0.2359360953109857, -1.209050000338484, 2.8996172974452032, -1.261265231270132e-05]]
[[-0.5030439799809268, -0.15206220360616063, 0.14110923021611102, -0.0167705671625648, 0.015995351616186034, 0.011740783052013442]]	[[0.07282589728315814, -0.5708477199804075, 0.23592394163498467, 1.209056662071363, -2.899582581230605, 4.9300737387724624e-05]]
[[-0.47342420117202816, -0.13089514504374036, 0.14935368520649436, -0.01646621142566956, 0.016321167521360064, 0.01171085432701304]]	[[0.07282691062511687, -0.5708437066922046, 0.2358881233348037, 1.209101827215239, -2.8995918583886, -4.348956018129657e-05]]
[[-0.4431250779233687, -0.09568603151199276, 0.15319503053222314, -0.01538244411738043, 0.015862881919710446, 0.01198989497043249]]	[[0.07283525706285007, -0.5708489646378189, 0.23584077149379895, -1.2090656933619626, 2.89955647989055, 5.9148001360350346e-05]]
[[-0.47794301097281855, -0.13756272704030248, 0.15513437697054958, -0.01608235544965274, 0.01622475494332165, 0.011662648559754093]]	[[0.07282890985716776, -0.570833295811687, 0.23582361716746061, 1.2090796019875514, -2.8995889967468136, -6.234065331000733e-05]]
[[-0.4429931270941044, -0.12299167687804041, 0.1689812036624986, -0.015045162264448936, 0.014613760819165995, 0.010913409829953835]]	[[0.07280777375152747, -0.5708504466437768, 0.23579415414998267, 1.2089969321795964, -2.8996364964572763, -6.255567551386457e-05]]
[[-0.47561291272873674, -0.15216865306723645, 0.1839675831458957, -0.014659842733915218, 0.014419478007410193, 0.010751190149528547]]	[[0.07280806887735584, -0.5708408854788736, 0.2357737586779586, -1.2090222929568362, 2.899600022801726, 5.9344075067049907e-05]]
[[-0.4882664814780801, -0.1472352972664432, 0.19767591265226134, -0.013306919564273588, 0.013331857385916709, 0.011022422748866603]]	[[0.07281158559950532, -0.5708449737707979, 0.23574707742196457, 1.2090103118436362, -2.8996199108924614, -0.00013681059589465094]]
[[-0.46045381660735163, -0.139011109212997, 0.2074556902659179, -0.012118726536245307, 0.01096748877896066, 0.010592579252959122]]	[[0.07282695287423377, -0.5708437392514322, 0.2357308712921691, 1.2090671327450513, -2.8996083695478974, -9.847225325166012e-05]]
[[-0.5031226095413808, -0.164055437964809, 0.21820826441075075, -0.011472318599265936, 0.010656076702149386, 0.010859479871165383]]	[[0.07280724282113321, -0.5708489762316479, 0.23570133807864965, 1.2089807117162206, -2.8996445380477196, -9.799720396737845e-05]]
[[-0.5117211251402758, -0.16441169352636634, 0.22726537722304568, -0.010953836516948208, 0.009356219172573212, 0.010951628670178579]]	[[0.07282083286659657, -0.5708594031884768, 0.23570782917981295, -1.2090275141738092, 2.8996130926698624, -3.406647183129672e-05]]
[[-0.5655534657391725, -0.14385000333243553, 0.22942727725688478, -0.010148775100400699, 0.00936091088326451, 0.01082555780526793]]	[[0.0728163827407593, -0.570843978084655, 0.23564622648012223, -1.2090735978267124, 2.8995775613638597, 7.802662080700568e-05]]
[[-0.5915144380878272, -0.12910546880097512, 0.24478200042746756, -0.010346138359185698, 0.00864654070319495, 0.010685866026730365]]	[[0.07281965042484963, -0.5708398616051988, 0.23560987273171502, -1.2090308560969258, 2.8996190272787756, 0.00019073987945582573]]
[[-0.6019580971497909, -0.12975304512887598, 0.24977371333424309, -0.010425784502875768, 0.0077314212892489265, 0.010857658895442336]]	[[0.07281314415883973, -0.5708489322386752, 0.23561632102278457, 1.209078669595478, -2.8995895789101267, -2.4484630704463402e-05]]
[[-0.674324671054721, -0.13677896907788328, 0.27179062772615203, -0.010482661741885146, 0.007794502289904437, 0.011065607455944286]]	[[0.07283466508131146, -0.5708485369219818, 0.23557918548502838, 1.2090623666824347, -2.8995973836611837, -6.143738288763661e-05]]
[[-0.6948144921135532, -0.12082044712106066, 0.2678230050121647, -0.010111131256817996, 0.0074791712504477074, 0.010798022684609054]]	[[0.07283691487187702, -0.5708478199268898, 0.2355394620113849, -1.2091347439540265, 2.8995766472844218, 0.0001337343009083075]]
[[-0.7196526636078262, -0.1130826445621394, 0.28077878363203534, -0.010486764951293435, 0.007612254037423846, 0.010663963107989135]]	[[0.07280283251649265, -0.5708403885098791, 0.23553768473766323, 1.2090275485318818, -2.8996129507039794, -9.679764333360187e-05]]
[[-0.7093986044043927, -0.10279397943322327, 0.2798126442143494, -0.010826329330143991, 0.006717420917719484, 0.010235935015797594]]	[[0.07280978434183627, -0.5708453274043241, 0.2354984128291293, -1.2090727402345913, 2.899575957531571, 0.00013132634002163075]]
[[-0.7774392849753162, -0.14554253003901357, 0.29363854199817574, -0.011826822879546905, 0.007566355108452352, 0.011206801272069345]]	[[0.07283531543253788, -0.5708468436065055, 0.2354701458498311, 1.209136575514861, -2.899581096777763, -0.00011356462307094099]]
[[-0.7804866087822446, -0.18178705890235292, 0.308388591950691, -0.01216266559314726, 0.007893768333199153, 0.011892572881463715]]	[[0.07281399779959984, -0.5708443585753663, 0.23545403267331133, -1.2090477724480813, 2.899613308192489, 9.496944407525844e-05]]
[[-0.8102966275232615, -0.20281403206798126, 0.30537540670100394, -0.011172698968331628, 0.009943493928268543, 0.012864484603519792]]	[[0.07279225534965768, -0.5708535437002705, 0.23543602875718656, 1.2089881055819498, -2.899616145177011, -5.9965532337728734e-05]]
[[-0.7507665082064257, -0.18084455262322546, 0.270080597685339, -0.009510976557082844, 0.009671367044724398, 0.012686013739686365]]	[[0.07280992391707146, -0.5708469357136208, 0.23540442322641963, 1.2090700328871637, -2.899569244661917, -6.001769265054018e-05]]
[[-0.6742023989153798, -0.16084807971297094, 0.24110875252806455, -0.009641275052328088, 0.008786583216462496, 0.01200503008872139]]	[[0.07283288964384493, -0.5708368084990899, 0.2353712221352809, -1.2091002811824545, 2.899591387032048, 7.595080103523111e-05]]
[[-0.6479504488203259, -0.13000621860905237, 0.24835642341612282, -0.01036326599080499, 0.010336143571535842, 0.011725627159171048]]	[[0.07281885532722746, -0.5708407651148405, 0.2353484161521066, 1.2090326509759883, -2.899623843065086, -5.7197230613310506e-05]]
[[-0.6116655069604882, -0.11162080004824465, 0.2526996236325951, -0.011809850064663632, 0.01072558769033258, 0.01207394617317028]]	[[0.0728010938653899, -0.5708511355703896, 0.2353567016784818, 1.2089963059010487, -2.899636011183618, 7.362088074926012e-05]]
[[-0.5916396775896932, -0.10736262377557848, 0.2254997943191473, -0.013118711663896105, 0.011859439657515567, 0.012746236235121519]]	[[0.07282485204751717, -0.570849949512881, 0.23531932749477735, -1.209079769692324, 2.8995893330024574, -3.8193621493684484e-05]]
[[-0.5353360602438659, -0.09476282200386818, 0.21409254963926924, -0.013453551591112932, 0.0128044698694252, 0.012379745162239492]]	[[0.07280936905854865, -0.5708507699954282, 0.23528378308580666, -1.2090312288824103, 2.899622751628357, -5.826107572098426e-05]]
[[-0.5004000751039468, -0.09248140059447432, 0.2125944926308988, -0.013568679478263151, 0.014304144470593567, 0.013031633783607383]]	[[0.07281849409558584, -0.5708526038711322, 0.23530944263633924, -1.2090631499281883, 2.8995999906605645, -0.000207852404589787]]
[[-0.49665062489196754, -0.06332080937889167, 0.20373502296719123, -0.01430578435887395, 0.015030240930023935, 0.013219991370054833]]	[[0.07281966272529912, -0.5708460773829784, 0.23525150805346198, 1.2090441119411994, -2.899602849761835, 0.00011251577753237897]]
[[-0.5067337431668365, -0.02060595087215389, 0.19299104228464417, -0.014470254692584547, 0.015709661209751556, 0.012737074274151331]]	[[0.07281388727859107, -0.5708436094423643, 0.23523773050276836, -1.209014781822171, 2.899631805096233, -0.00016897698993103966]]
[[-0.498115549311831, -0.02774503717490165, 0.18969565035448172, -0.016155782228209462, 0.015339449182035293, 0.013445833539559263]]	[[0.07281557283934867, -0.5708549241609163, 0.2352037448363244, 1.209025808179332, -2.899609871783667, 0.00014967680494830848]]
[[-0.5166685196926295, -0.029324700611968235, 0.1883976301851801, -0.01724831003743386, 0.015487000258112005, 0.012908712369726611]]	[[0.07281534142833966, -0.5708474062002666, 0.23519987897750866, -1.20906780186833, 2.8996111850763713, -0.00024412944007376708]]
[[-0.5261375728524447, -0.0637331802101345, 0.18163256850645354, -0.017708605643909588, 0.014637158209756394, 0.013246605317254637]]	[[0.0728228131559579, -0.5708543704547419, 0.23514502196667078, 1.209078798019405, -2.8995872284839104, 0.00018787152822388379]]
[[-0.5119830287041516, -0.08458354874838486, 0.1586758222361961, -0.016282028476904378, 0.013766798063205098, 0.013140390181375377]]	[[0.07281039633696314, -0.5708565953095415, 0.23513651038993263, 1.208994996107965, -2.899633460983519, 0.00026279811999837984]]
[[-0.5201619673669293, -0.16763856726055743, 0.16281722057750259, -0.015571531819457267, 0.014243141763743158, 0.012811234750843328]]	[[0.07283020900192094, -0.5708515392643283, 0.23512290873772054, 1.209081719960976, -2.89959614027079, 0.00031829381018308087]]
[[-0.4979007044744104, -0.2221438500140684, 0.13364398462124175, -0.014210698238718077, 0.013575081130935175, 0.012544370885455661]]	[[0.07282314580025753, -0.5708449947178026, 0.23508257186110115, -1.2090625677356737, 2.8995990117454156, -0.00020744473044767022]]
[[-0.5216758827296077, -0.24736771734575586, 0.13026933226826606, -0.012508199744208505, 0.012632349865563684, 0.012751205439920556]]	[[0.07283849826579268, -0.5708546192506657, 0.23507848890950117, 1.20909900363308, -2.8995891662098194, 0.00031764974922792274]]
[[-0.5351284312364998, -0.3028676311189963, 0.13294957530815818, -0.011589537288878939, 0.01184028708899859, 0.012775768655835313]]	[[0.07281910859380548, -0.570844271179789, 0.23502851655702295, 1.2090952144623015, -2.8995798718001535, 0.00023965206090662596]]
[[-0.48697372217077073, -0.32770944255828444, 0.11197471302050661, -0.010651663505195454, 0.009565263348826857, 0.012775726012207046]]	[[0.07282841056625464, -0.5708466304059439, 0.23502381004450762, 1.2090646158345681, -2.899603907787804, 0.00031392262642322846]]
[[-0.488578116441438, -0.3502573485259371, 0.0791804238465113, -0.009742606163166937, 0.008832698800734859, 0.013138295192910331]]	[[0.07282314536130328, -0.5708516293352124, 0.23499708480403284, 1.209047448598433, -2.899611596907663, 0.0002956810623024063]]
[[-0.5457684980294966, -0.35507627262080127, 0.08068255324384024, -0.007952744778392496, 0.009498994298820215, 0.013362693321025933]]	[[0.07279285775495006, -0.5708476249443062, 0.23496974989231822, 1.2090470055665605, -2.8996123598892196, 0.0002770670158348117]]
[[-0.5865839277882754, -0.3602738268867395, 0.07942010894168333, -0.007054348679434742, 0.010333084130414952, 0.013740841356458111]]	[[0.07280386777479349, -0.5708476916969577, 0.23493977729189286, -1.2089542405209328, 2.8996315431266684, -0.00027718908280213424]]
[[-0.5762170718328793, -0.31989912440849944, 0.0707442494456532, -0.005851188705548189, 0.009387145429700986, 0.013967963822897493]]	[[0.07280375999400775, -0.5708352166182233, 0.23492251983325144, -1.2089806792855666, 2.8996459035803395, -0.00023933829268064647]]
[[-0.5836462820181674, -0.3124211046624333, 0.06796841859837337, -0.006333526788412566, 0.009073816205498925, 0.01335820772995853]]	[[0.0728239823770764, -0.5708313157314266, 0.23490369390686572, -1.2090497621869754, 2.8996169754365804, -0.00023850111756914679]]
[[-0.5825321154559681, -0.32857509441927774, 0.07927479484018421, -0.007147695611440994, 0.009027492720627955, 0.012873084315146534]]	[[0.07283362777210578, -0.5708379868618466, 0.23488778607154848, -1.2091200819349428, 2.899589237485087, -0.00031233708391486116]]
[[-0.6009492304135278, -0.3137087877731465, 0.08933521050047814, -0.0072610685710063705, 0.009242580838976323, 0.013011050627347196]]	[[0.07282907793279966, -0.570834646604205, 0.23483623449532637, -1.2090697798645857, 2.8995682062506014, -0.00020222897234895763]]
[[-0.6241252222780038, -0.2908424081154035, 0.08899248481734241, -0.007379844067119992, 0.009966175793769433, 0.012968291596058482]]	[[0.07281650746029932, -0.5708303442170185, 0.23481004993507412, -1.2090319174167565, 2.899623072200896, -0.0002002525140893894]]
[[-0.5848536588710517, -0.24773422934454478, 0.06650306335992039, -0.0074612568790810374, 0.009405888895396902, 0.01239538700474805]]	[[0.07281091793351085, -0.5708188016987034, 0.2347779668377859, 1.2090321796643724, -2.899623476036325, 0.00010568812347361738]]
[[-0.552012076033566, -0.24007984627123438, 0.05904964368530403, -0.007674532499167027, 0.009325037228102918, 0.011896824416091564]]	[[0.07280047287975541, -0.5708297394551506, 0.23474874305922994, 1.2090138471464775, -2.8996304159255466, 0.00014247001067033485]]
[[-0.5239608345513238, -0.2199337197707556, 0.05584197620743509, -0.007782110036498885, 0.009306289050578334, 0.011655432575876708]]	[[0.07279177086621794, -0.5708357018457613, 0.2347377950514881, 1.2090180970971653, -2.8995899572854476, 0.00014069391699428967]]
[[-0.5655221257477404, -0.19055842933972483, 0.05552721239603589, -0.008709460356790667, 0.01057776516480941, 0.011433386724532093]]	[[0.07280168074263113, -0.5708295300142243, 0.23470703008149496, -1.2089794818122561, 2.899643528569286, -0.00016153858888380004]]
[[-0.5529532758557978, -0.16040270475811869, 0.0633116168563011, -0.010056449404259975, 0.01113772010363117, 0.01197177003645325]]	[[0.07280598949526407, -0.5708219626823364, 0.2346889111434303, -1.2090132106189408, 2.899628931953205, -0.00014292258059797085]]
[[-0.5305617287538296, -0.13269091628568463, 0.06791688694983779, -0.011026323604540126, 0.011614592310505902, 0.011977689532407888]]	[[0.07281553639404709, -0.5708310684335329, 0.23466152572020527, 1.2091009912892428, -2.89959450970135, 0.0001430536218902572]]
[[-0.5234161940635701, -0.1585478103815409, 0.07200887678157401, -0.012530525806616222, 0.012802106372983754, 0.012063224878636414]]	[[0.07281454006702304, -0.5708147306451271, 0.23460933567266345, -1.2090686076315162, 2.899563647623368, -3.198302346379644e-05]]
[[-0.5014567827552345, -0.139322387491591, 0.09011640574034327, -0.012058424332357471, 0.013660440789914807, 0.011659100668668532]]	[[0.0728191576254309, -0.570828425547001, 0.23460826156200495, 1.2091093752396513, -2.899565927585256, 0.00012198267000243779]]
[[-0.49047377484551385, -0.12933278456773376, 0.09019216877539508, -0.011496159727468227, 0.01542470046928119, 0.012443865669780828]]	[[0.07278377208975607, -0.570823125597544, 0.2345558883809056, 1.2089631206587566, -2.8996551229924665, 2.957354428200908e-05]]
[[-0.517259475938776, -0.14392378988253574, 0.10286876925230411, -0.011577711184646186, 0.017956157184313176, 0.012436713212860715]]	[[0.07281404450579361, -0.5708167706794602, 0.23452921364665702, -1.2090546876021482, 2.8995811025028795, 6.611889556701624e-06]]
[[-0.4647874686248989, -0.12233515177778506, 0.09310782288117234, -0.012510935609510963, 0.017233762033179462, 0.01151241656168452]]	[[0.07280018306829805, -0.5708132046413628, 0.23450438211045788, 1.2090456805829868, -2.8996097709248523, -4.655201244363031e-05]]
[[-0.4917176808844893, -0.06809896098536652, 0.10492291070205485, -0.013342776629662746, 0.01715590939068374, 0.011054831578756375]]	[[0.07279600260825374, -0.5708143450244363, 0.234465833251782, -1.2090106421694582, 2.899623369605569, 0.00010125557898143401]]
[[-0.527929227368825, -0.033177763317153414, 0.1152872100576154, -0.01426176281088868, 0.016620888920747885, 0.011471541661746429]]	[[0.07279138520878549, -0.5708107406604596, 0.234452784519953, -1.20903119125193, 2.899575486156134, 9.898030981655725e-05]]
[[-0.5352402132348875, -0.0018212171065388194, 0.12933356560864634, -0.014170382895162271, 0.015227431444268358, 0.011286022285801112]]	[[0.07279355949622485, -0.5708234564909332, 0.2344275589905249, -1.2089888799973814, 2.8996202127648973, 6.272480232089614e-05]]
[[-0.48033674604685317, 0.0405291539752691, 0.11370879050579404, -0.013479531784171744, 0.012755717374232246, 0.011023306062705176]]	[[0.0727895176089745, -0.5708126207802636, 0.23440415331574238, -1.208971306968063, 2.8996265192520285, 0.00010117713257355207]]
[[-0.49953928649528867, 0.000548525762033597, 0.13816607362995817, -0.013339708800868391, 0.0119967854978109, 0.011176096464559632]]	[[0.07279818336738896, -0.5708132534474154, 0.23435898115749443, -1.2090355756317395, 2.899584402743669, 0.00017509737893086025]]
[[-0.5144684202028772, -0.059751222167488155, 0.14423774540922005, -0.013411683984366804, 0.011594272055352534, 0.01119494462549905]]	[[0.0728273186571615, -0.5708176397399444, 0.23433585587562278, -1.2090412529081727, 2.8995962397145383, 0.00013690906730551378]]
[[-0.5673843929887197, -0.08334688888232017, 0.15240329430242783, -0.01322127049833336, 0.011173273553549506, 0.011870838416336392]]	[[0.07279511674855813, -0.5708085889564151, 0.234311702990039, -1.2089525620818333, 2.899630524605411, 0.00024975377179072017]]
[[-0.5938242448805986, -0.09496737519298473, 0.18213241439402647, -0.012962892438713644, 0.009981313652842539, 0.011684800246977824]]	[[0.0728079334889129, -0.5708039293103407, 0.23427423557806387, -1.2090395822772768, 2.899594021475925, 0.00025030461521117196]]
[[-0.5914912970060743, -0.11869376298718867, 0.19142006319398247, -0.013465973269229775, 0.007954137632253652, 0.011600586247385643]]	[[0.07282760337138232, -0.5707992994107032, 0.2342621535230769, -1.209143418627368, 2.899551074536989, 0.00023139847511634368]]
[[-0.646240060002391, -0.13022643255833288, 0.20856501358296006, -0.013065306440221405, 0.00779310104376355, 0.011125410817182352]]	[[0.07279300188567303, -0.5708061863405124, 0.23423082790463978, -1.2090265527497466, 2.8996133780592053, 0.00019523791947024057]]
[[-0.6374062632460898, -0.12846566709071155, 0.19914288216161388, -0.011776314006398734, 0.0062172563566128694, 0.010901783107016715]]	[[0.07280112643135592, -0.5708088850851354, 0.23421208226938608, -1.2090614212341702, 2.8995979305448403, 0.00023210323515810414]]
[[-0.6268534622634536, -0.17153100638015914, 0.21110902272936297, -0.011270312352348722, 0.00562111604591684, 0.010531683913379926]]	[[0.07279401335963082, -0.5707932325987322, 0.234157403267628, -1.2090472620692088, 2.8996142921565653, 0.0003268491316589186]]
[[-0.6067990645815295, -0.18573284254684277, 0.22150395520777744, -0.01026501653898853, 0.005036678553702565, 0.010585401165449988]]	[[0.07281456467478759, -0.5708127048334104, 0.23414528511519866, 1.209082927386624, -2.899601067827593, -0.0002697354589322836]]
[[-0.6443484854217246, -0.16923011335792953, 0.2148294382721534, -0.010026390158819863, 0.004968368862272088, 0.010715165424167322]]	[[0.07283145072056647, -0.5708060298293879, 0.23411604597760022, -1.2091549725361668, 2.8995308605794743, 0.00028592292395399413]]
[[-0.6806885535050486, -0.16709044026058623, 0.2017682940972837, -0.011014834819536424, 0.0049570219560474485, 0.010657624141458278]]	[[0.07278716286593559, -0.5707939966898494, 0.23406820879319612, -1.209011674809642, 2.89962658531808, 0.0004196547627717506]]
[[-0.6695575864776444, -0.14923179487052546, 0.21229383595173187, -0.012094220674404287, 0.0044383521674527075, 0.010550119941718847]]	[[0.07279928067520795, -0.5708005547692835, 0.23403813793781306, -1.2090715876237648, 2.89957608974876, 0.0003991218261868888]]
[[-0.6437686757378481, -0.09950518879917897, 0.20098406146605974, -0.01194587958934859, 0.004382925985533493, 0.01056092065355979]]	[[0.07278479916890095, -0.5708066264624096, 0.23403260386964225, -1.2089952930666144, 2.8996362636216952, 0.0002861123021134857]]
[[-0.6648005793799616, -0.050477111005190256, 0.18669761550699665, -0.01181843965896532, 0.005678899847573343, 0.011068167414675225]]	[[0.07278601654565661, -0.5708065068744796, 0.23400074261013404, -1.2090075709642487, 2.8996172526529507, 0.0003219748091938266]]
[[-0.614374618421609, -0.02366496721949768, 0.17553843967611316, -0.011855155267071853, 0.006380966511833034, 0.011473009495282405]]	[[0.07280087820621262, -0.5708047528067884, 0.23395258679619266, -1.2090887691869894, 2.8995689777344347, 0.00037748365870713313]]
[[-0.5952708633118727, 0.022311950314807538, 0.20060361457309236, -0.011605724697726005, 0.0074170431922168795, 0.01136492828005289]]	[[0.07278766626187314, -0.5708075496756975, 0.23392146631164146, -1.2089848081762686, 2.899611720015533, 0.00039759536865170193]]
[[-0.5393946114954157, 0.06379422219413947, 0.17583041407266053, -0.011778637871479208, 0.007919859461007723, 0.0113711356951854]]	[[0.07281442064899922, -0.5708155317824476, 0.233924780272882, 1.2090784960239707, -2.8995910529501625, -0.00026599555939048374]]
[[-0.5044145088278913, 0.11294168354569281, 0.17939702791735465, -0.011710238523757301, 0.008062984539122776, 0.011748546745411158]]	[[0.0728068831613641, -0.5708042838005744, 0.23389363491823117, -1.2090596628912473, 2.8995945976909567, 0.0003389785163708954]]
[[-0.4986984299152344, 0.11076262638468051, 0.1983673710947249, -0.011813897829918617, 0.00971519122431328, 0.01128042959630343]]	[[0.07279459154494029, -0.5708102623890575, 0.23384106125831783, -1.2090243646313705, 2.8996094507094026, 0.00032127904188261543]]
[[-0.49362144662660556, 0.10884714571872767, 0.21520809253174752, -0.01190580672339414, 0.011183638392092278, 0.010863949911201955]]	[[0.07278687355209633, -0.5708086018809383, 0.23384411663176558, -1.208956591763374, 2.8996394398864873, 0.00024426554894455487]]
[[-0.42301522509752393, 0.10307690655777646, 0.20042335051557764, -0.012111845178336923, 0.010818030627660163, 0.010214430124616727]]	[[0.07281088792332896, -0.5708045409464797, 0.23381042391837734, -1.2090641522283199, 2.89955516222176, 0.0002428276644941881]]
[[-0.4211422838720675, 0.1300354953759493, 0.19721346522333308, -0.011440549209410778, 0.011210033265052927, 0.010261983216385846]]	[[0.0728110668573351, -0.5708119553563226, 0.2337873723503262, -1.2090553116067577, 2.8995846880296825, 0.00026196924411880256]]
[[-0.41525664307698595, 0.1432802122042085, 0.1874917405544944, -0.011099541694409897, 0.011008871172719484, 0.01124902961821542]]	[[0.07281154065960056, -0.5708199693482111, 0.23376390927886798, -1.209064712423039, 2.899607330802993, 0.00022559400108916852]]
[[-0.3997935458357142, 0.12154088361759244, 0.17306916498504532, -0.011491752959597177, 0.010659826061703993, 0.010931585724768128]]	[[0.0727961375459159, -0.570821013676921, 0.23373727056289417, 1.2089790499698025, -2.8996451286009863, -0.00020833641385901403]]
[[-0.38031845013953164, 0.08494250904469747, 0.1879215625009359, -0.011571764433730966, 0.010751112548746803, 0.01102106921059769]]	[[0.07280937181134636, -0.5708073327699588, 0.2336980804471797, -1.2090896456410034, 2.8995698439659208, 0.0002638159297872448]]
[[-0.36920708525043183, 0.014403556579177329, 0.19928392943524215, -0.012502713578485064, 0.010827605777777272, 0.011347991243240674]]	[[0.07280203979306564, -0.5708143333991996, 0.23365623696242735, -1.2090639816469249, 2.899605751623638, 0.00028348903970426824]]
[[-0.39332165902688465, 0.03492396497155509, 0.1896496895432049, -0.011839963240941566, 0.0104339213803093, 0.010964777237114297]]	[[0.07280293572104246, -0.5708166383022175, 0.23364942937936126, -1.2090294683053215, 2.8996222367996687, 0.0001886935599492776]]
[[-0.4147367943564367, 0.053146579380152964, 0.18110426108489114, -0.011250821934108052, 0.010083678203834373, 0.010625229865704263]]	[[0.07278997165563203, -0.5708166928735364, 0.23363069453509272, -1.2089902428713308, 2.899625560690638, 0.00018890668043745524]]
[[-0.4717795844676753, 0.007658427645089311, 0.19685449583621076, -0.01181762821227947, 0.0105128474551363, 0.01051251217209419]]	[[0.07282642676112985, -0.570830255522157, 0.23361406672334564, -1.209086167133414, 2.8995604242706734, 0.0001333594245613799]]
[[-0.4658822738468684, -0.01612750722893705, 0.19011673895221912, -0.011334463453626173, 0.009876813543795267, 0.01073400526730617]]	[[0.07281404806839334, -0.5708230712495361, 0.23356857107392298, -1.2090601153533753, 2.899596961421085, 0.00015202301939302843]]
[[-0.4903116969559823, -0.07470711185672449, 0.21891825347571175, -0.011191098968788622, 0.009809298242663439, 0.010483968218762086]]	[[0.0728023721157634, -0.5708184413237988, 0.23354355296474172, 1.209047551779794, -2.8996172257687065, -0.0001920967229974224]]
[[-0.5405539515977986, -0.14798568506869367, 0.21011550700125647, -0.011304224766828781, 0.010460099297291645, 0.010887045402535617]]	[[0.07280245113721562, -0.5708308756788417, 0.23353431104514857, -1.209043289783843, 2.899605465309294, 7.82756071172819e-05]]
[[-0.5103062904739204, -0.15708404962756864, 0.1940006292957775, -0.009698326305225559, 0.009047777343626585, 0.010719961928831704]]	[[0.07282962491826751, -0.5708265855448376, 0.2335026158034323, -1.2090769923886235, 2.8995891361474824, 0.0001728751043035907]]
[[-0.4823340340242931, -0.2412224205326579, 0.18199880035847374, -0.009108118031454698, 0.008503630740462623, 0.010929186363940229]]	[[0.07281216972910869, -0.5708377903933315, 0.23350428622850855, -1.209008026035639, 2.8996204393584883, 6.049016774754488e-05]]
[[-0.4957464981902946, -0.28878541382196055, 0.17687861573035732, -0.007974025535481773, 0.008985928409211062, 0.010720355327453069]]	[[0.0728166818302442, -0.5708231635832701, 0.2334389058243788, -1.2090152828749092, 2.899587340472358, 0.00020939086738568772]]
[[-0.4885036303348561, -0.34079215881414116, 0.15741662082580332, -0.007408450334979981, 0.008296468489814841, 0.01064221531976654]]	[[0.07280951363850546, -0.5708142124306044, 0.23341518756074828, -1.2090640193161892, 2.899606472826065, 0.00019443391363449349]]
[[-0.48208074976777665, -0.38696656061185325, 0.14014865030213314, -0.00690496880745264, 0.00768427245568756, 0.010573290683699773]]	[[0.07279780847247913, -0.5708184427250029, 0.23338719937577246, -1.2090064582079663, 2.899616601312817, 0.00023085995045399197]]
[[-0.4891234465663109, -0.3978893041148961, 0.14471328768915723, -0.006275592975803035, 0.007425711929826899, 0.009837659499105273]]	[[0.07282418386010416, -0.5708276250205461, 0.2333876454073847, -1.2090208809023673, 2.899599000579836, 0.00017343874083827434]]
[[-0.5353185766322837, -0.413471555857777, 0.15126142674080656, -0.007023727653144253, 0.007283849824429001, 0.009934688862408466]]	[[0.0728359601616297, -0.5708209716749306, 0.2333481902006717, -1.20907166249159, 2.899576777591336, 0.0002103907802913621]]
[[-0.5656844494344769, -0.37303241692201566, 0.15871720361521655, -0.0062034135065539685, 0.007886234648436628, 0.009501934818595834]]	[[0.07280362143977306, -0.5708183418763089, 0.23330720630130003, -1.2090446214084942, 2.8996110713535423, 0.00032578928149750276]]
[[-0.5459624171413047, -0.3337413573761562, 0.16517612303367077, -0.006419565048331265, 0.007921302583860312, 0.009665771309556011]]	[[0.07280892851055598, -0.5708256368902137, 0.23332375629599536, -1.2090886326786578, 2.899570818855246, 0.00015451638558954952]]
[[-0.5951929031091934, -0.3242611919868139, 0.1695962958194553, -0.007737990649369811, 0.009725994478060815, 0.010415355929487521]]	[[0.07278212522714889, -0.5708076371665836, 0.2332720732470135, -1.2089617915151865, 2.8996069828310858, 0.00028598066128517893]]
[[-0.6055727858426974, -0.3053945474607202, 0.1751280123357329, -0.009177134858810214, 0.010617806558454169, 0.010459301843988453]]	[[0.07280986643569327, -0.5708185261480093, 0.2332579748221581, 1.209031908805988, -2.8996273508284935, -0.0002875654965945959]]
[[-0.6398233135746527, -0.2694420101002353, 0.17944572639968373, -0.010116179250973478, 0.01223021854126738, 0.010695064760693039]]	[[0.07280378846880216, -0.5708056275388833, 0.23321462116888939, 1.209027972198883, -2.8996176412462495, -0.00034600462293182354]]
[[-0.6276931285465245, -0.2119828055499611, 0.17519710928505502, -0.010702723804818723, 0.013074379281046237, 0.010343760039431627]]	[[0.07279651247414279, -0.5708026155862036, 0.23319380556568958, -1.209048585668489, 2.899620431374563, 0.00038187245871585746]]
[[-0.6406134697583044, -0.16114383246651892, 0.16694628785265603, -0.01176207146624969, 0.013624555173301592, 0.011010119130032855]]	[[0.07280717432304955, -0.5708078769728605, 0.2331612463375354, -1.209096677979154, 2.899588172063719, 0.0003433416951424757]]
[[-0.6387858019320141, -0.11665300949430707, 0.17519635679582993, -0.012658263047315411, 0.013898890453096953, 0.011233341939816207]]	[[0.07279499703311272, -0.5708052427218852, 0.2331615763653997, 1.209074336347213, -2.899584817084842, -0.00030721678120054075]]
[[-0.6025406421267676, -0.11826870399508083, 0.18301841212481004, -0.013843533306107885, 0.013908463068113358, 0.010871824839948504]]	[[0.07279729832984763, -0.5708046357898332, 0.23312972168958765, -1.2090487036280966, 2.899620923300945, 0.00034311481041223005]]
[[-0.5355080365481966, -0.08784533820176096, 0.17303474020798568, -0.013527287157342686, 0.013163123428715095, 0.010670120837051336]]	[[0.07279020996238687, -0.5708012995669358, 0.2330989517414036, -1.2089577680176073, 2.899646151431978, 0.0003249830329609989]]
[[-0.5423117168888472, -0.11870929328968946, 0.16959744862153373, -0.01397555227070239, 0.013978296597829705, 0.011210582697529154]]	[[0.07281310991666125, -0.5708114180509303, 0.23306740632551143, 1.2090454306618885, -2.8996114839266145, -0.00036318583353415085]]
[[-0.5433157261010738, -0.09519381569430566, 0.1780186879976919, -0.013135304239321325, 0.014293270467007685, 0.01085507515746415]]	[[0.07280946674548505, -0.5708138752871392, 0.2330604635965549, -1.2090624054444756, 2.8996036818872337, 0.00026648950498600897]]
[[-0.49600942703764067, -0.09774658463360958, 0.16825827691247902, -0.013531812185743597, 0.014175353051571301, 0.010902122637058984]]	[[0.07281879299022721, -0.5707972740344652, 0.23303231247057976, -1.209074656235199, 2.89958420296432, 0.0003223768054186418]]
[[-0.5219917150345816, -0.11623092537579319, 0.16932335163983328, -0.013537107382204074, 0.01478734790013119, 0.010808042640842072]]	[[0.07278556546817769, -0.5708045058174146, 0.2329956927193099, -1.2089872415595597, 2.8996199893271704, 0.000343608622833792]]
[[-0.5114600660685711, -0.12768519307550624, 0.16339816112444516, -0.013245237352233142, 0.014639055825323499, 0.010272943365929554]]	[[0.07278063948477399, -0.5708172238277147, 0.23295490873371377, -1.2090305015177347, 2.8996267489978136, 0.00038246731700384147]]
[[-0.5299603560642259, -0.17712448844768602, 0.17214089358592127, -0.013584696654260198, 0.015377631184374557, 0.010881989295257681]]	[[0.0727930697405139, -0.5707932065796016, 0.2329408619852946, -1.2089964711051993, 2.8996399722746005, 0.00041923555439574183]]
[[-0.5228260189349965, -0.13324173124390704, 0.18479830516997575, -0.012347811443057116, 0.01490082636190345, 0.010601616004809395]]	[[0.07279747541859398, -0.5708048958017333, 0.23295445832971884, -1.209083330329471, 2.8996071073506835, 0.00026736444789406463]]
[[-0.477860275579599, -0.113544259174615, 0.18449592583455227, -0.012595917746836717, 0.012786376114330648, 0.009651246618591854]]	[[0.07278994740124285, -0.5707970962016885, 0.23290465678491795, -1.2089867377964187, 2.899618895795489, 0.0003796112306541615]]
[[-0.5297124721328911, -0.13135217286333917, 0.20328773172761322, -0.013587210774704976, 0.012485217441019504, 0.009924185253585939]]	[[0.07277742445142166, -0.5707894534212056, 0.23286763515931055, -1.2090125763284931, 2.8996319809713156, 0.00045776922485751923]]
[[-0.5357670276727599, -0.17134699560482786, 0.20402622390972672, -0.014976469491310353, 0.011584166721241592, 0.009647111143381145]]	[[0.07283266674202062, -0.5707961830637959, 0.23285361847911357, -1.2091253610269759, 2.8995604477853507, 0.0003975665591571709]]
[[-0.6419700397367165, -0.18168989372256317, 0.22574558786782423, -0.015186944845053138, 0.012764160473006651, 0.010012312537461703]]	[[0.07278892112865704, -0.5707976610899959, 0.23282944103844955, -1.2090604160184697, 2.899601111068802, 0.0003612191637143777]]
[[-0.6941097029408692, -0.2214493234129345, 0.23447514445571546, -0.016295219412911545, 0.012615306037135943, 0.010148062892327404]]	[[0.07277569435779205, -0.5707881251447621, 0.23281460525398012, 1.2090290833062882, -2.8996209685461913, -0.00041898152303942397]]
[[-0.7168033219447927, -0.26052760511556916, 0.25204998784268534, -0.016401904627775014, 0.012050308319027992, 0.00989086837291315]]	[[0.07278511008306063, -0.5707874612930494, 0.23279933321835158, -1.2090080861964814, 2.899621431002587, 0.00041960202594573947]]
[[-0.763207265960149, -0.2770627235954666, 0.2710991181003575, -0.016184997626290012, 0.012009658500979736, 0.00989012638247257]]	[[0.07280320513920141, -0.5707935635356205, 0.2327697105014156, -1.2090740113136864, 2.8995813933206356, 0.0003974485525458785]]
[[-0.7453054715300389, -0.24299944969589926, 0.26542221689619105, -0.015924451103310484, 0.009804538659941223, 0.009676943874895587]]	[[0.07281584995901667, -0.5707925857123516, 0.23272846463381974, -1.2091298234748622, 2.8995712672291627, 0.00037794335560585975]]
[[-0.7294170749802724, -0.21268497589639085, 0.26038574366359324, -0.0156922841451961, 0.00784679685863732, 0.00948754653736662]]	[[0.07281538668412403, -0.5707912964972836, 0.2327174712039753, -1.2090782565046887, 2.899593527317366, 0.00034153899484508664]]
[[-0.7440255235671474, -0.23304886060984392, 0.2560830903215959, -0.015357523161683645, 0.007890514433092577, 0.009752264315944496]]	[[0.07280062754019379, -0.5707831537635919, 0.23270466792515726, -1.2090004774289784, 2.899599609182551, 0.00035956298829577113]]
[[-0.7569898803835239, -0.2512364141387041, 0.25220889223190046, -0.015061540214421828, 0.007927122753639913, 0.009987018357909225]]	[[0.07281678982306643, -0.5707827504732597, 0.2326571892755748, 1.2091156024959349, -2.899585643247806, -0.00041631981690950387]]
[[-0.7855673949256203, -0.29395334517134264, 0.2307328799670455, -0.015629161942579375, 0.009034545380671008, 0.009816352108553876]]	[[0.07280240884061866, -0.5707946687175911, 0.23264524136693626, -1.2090787314268734, 2.8995929782916776, 0.00034039694422440556]]
[[-0.7486453392473456, -0.26463180458525604, 0.22308043140694034, -0.015713747922073876, 0.0095170025652127, 0.009677066872819207]]	[[0.07279430285299167, -0.5707928407100172, 0.23261777165267447, -1.2090077060058098, 2.8996212086850592, 0.00039550662665150966]]
[[-0.7596935350284284, -0.2572589886405049, 0.21971435431683747, -0.017080474808013946, 0.011211596207366217, 0.009900472576419416]]	[[0.07278829061839635, -0.5708113534126569, 0.2326211993088984, -1.2089536675684063, 2.899635971332277, 0.00016871015791089403]]
[[-0.7201492993577848, -0.23486460406908224, 0.2251897192435055, -0.017588354837140274, 0.011948853330245602, 0.010058568595477775]]	[[0.07279062489105431, -0.570779491125065, 0.23257319424131181, -1.2090379568972802, 2.8995962529534527, 0.0003568753457747959]]
[[-0.6850488052986419, -0.2148933813008359, 0.23004196406341423, -0.0180393846471533, 0.012606207517495714, 0.01019650455832329]]	[[0.07277167042954309, -0.5707859385431737, 0.23255246128757395, -1.20902103639041, 2.8996044486020236, 0.00030147177015261495]]
[[-0.6407120231694171, -0.21748556849890635, 0.222452049833496, -0.018083975359499467, 0.013529640475454931, 0.010004481981890448]]	[[0.07281406281002248, -0.5707997799100922, 0.23255225096137902, -1.2090878792125366, 2.899566713184984, 0.00016806712139415803]]
[[-0.6065320744848485, -0.2061382784971219, 0.21070321337472467, -0.017794213047976275, 0.014842587023743367, 0.010273728086846484]]	[[0.0727998514368808, -0.5707943903866579, 0.23250081126050165, 1.2090279195039724, -2.89961920813182, -0.0002455944238153459]]
[[-0.5668053184282987, -0.15915222814146876, 0.18801916671738683, -0.01711425680043875, 0.014921231784644494, 0.009810510684000004]]	[[0.07280558784315382, -0.5707804938866222, 0.2324769432128332, -1.209056106813274, 2.89958949183521, 0.0002990207978288286]]
[[-0.5958325398551976, -0.18306099373957535, 0.20772352262973942, -0.01824359031604483, 0.016341084921957374, 0.010316703263665001]]	[[0.07281804695307102, -0.5707878157813576, 0.23244776257835525, -1.2090641311506973, 2.899560528409128, 0.0002604993794543365]]
[[-0.5930869592875185, -0.1990036266978764, 0.2145192514946403, -0.019367847158572298, 0.016445599628392177, 0.01040681298490955]]	[[0.07278859766709943, -0.5707859904275812, 0.2324301168087837, -1.208977470655875, 2.899597768429877, 0.00020584360077484541]]
[[-0.5906219942906898, -0.2132540015212734, 0.22054665465059273, -0.02036831233884164, 0.016535279225344438, 0.010488664924991934]]	[[0.07279900006517552, -0.57078188020848, 0.23239495107687386, -1.2090738279812476, 2.8995816501352785, 0.00030002804747366165]]
[[-0.5576172984161055, -0.17577659329790038, 0.20902064275475496, -0.01932290450590811, 0.01571487867438934, 0.010296493302460033]]	[[0.0727830405509777, -0.5707937166915678, 0.2323742875495397, -1.2089991898453534, 2.899601493760196, 0.0002232281046878725]]
[[-0.5477436162842138, -0.17089416349141737, 0.215199323027867, -0.018545655747564536, 0.015484654508651956, 0.010421021198636377]]	[[0.07281193452461457, -0.5708006572166777, 0.23236102208884857, -1.209009904454586, 2.899625320564592, 0.00011227599471064788]]
[[-0.525629251250679, -0.19352043151978046, 0.21151941302313493, -0.018676074311226462, 0.014852360340929797, 0.01010177607702728]]	[[0.0727869646030753, -0.5707918027809724, 0.2323286029788172, -1.2090261872066645, 2.899617469294289, 0.00015016348707965076]]
[[-0.4925157868961067, -0.13994328716008184, 0.21139615400981496, -0.017187789374348724, 0.013342234050984541, 0.008860541473827187]]	[[0.07279990756616242, -0.5707942654190061, 0.23231589932254693, 1.2090962038959683, -2.899588787616257, -0.00011425673358678905]]
[[-0.47301335823939067, -0.1637218203114383, 0.21770944635659958, -0.017069579925381564, 0.012750804760876026, 0.008533208714635927]]	[[0.07279073516777848, -0.570805266166322, 0.2322727543778847, -1.2090825251384505, 2.899607065447211, 0.0001318723630646774]]
[[-0.5261226631250013, -0.20700623126953288, 0.21885302715562385, -0.016570133181358734, 0.013204103516468056, 0.008695841325494629]]	[[0.07279949626667666, -0.5708060780351109, 0.23228800062354246, -1.2090449090540152, 2.899614081329933, -5.4966614250933167e-05]]
[[-0.5561612511834627, -0.23811778868683678, 0.2232626995068966, -0.01592053237926719, 0.01312714012538046, 0.009486648958981577]]	[[0.07277797280701573, -0.5707934559498535, 0.2322441051016938, 1.2089916338101687, -2.899631969951556, -7.79291486937582e-05]]
[[-0.559628656658831, -0.21999820501901712, 0.21641789672619918, -0.014688464859247062, 0.012204525462724478, 0.008958958174978018]]	[[0.07281540376733839, -0.5708030461110399, 0.23219243097995268, -1.2090347161029311, 2.899588244528977, 0.00011304508809706523]]
[[-0.5498293152127736, -0.1732771007087275, 0.19998152815622833, -0.01287157922993353, 0.010900791227876957, 0.009735240716379712]]	[[0.07282219876679105, -0.5707863586036682, 0.2321930833509575, -1.2091090401492264, 2.8995713239126326, 5.9016038498106875e-05]]
[[-0.5612548051768004, -0.16577658823287378, 0.1876507567309087, -0.011460994667152887, 0.00993264731460548, 0.009139033948155129]]	[[0.07281677893203423, -0.5707943192701727, 0.23216198506981436, -1.2090450610411094, 2.8996107765639647, 5.953866102921796e-05]]
[[-0.5714022577825277, -0.15911285426925376, 0.17670158001634767, -0.010207951300054384, 0.009072545859131705, 0.008609323096941518]]	[[0.07278819206510086, -0.5707948453372387, 0.2321404290552821, -1.2089919343862856, 2.899633190965638, 4.2126445353462424e-05]]
[[-0.5659629365882453, -0.21499618734448786, 0.1728215728521988, -0.010087433579373124, 0.008708591015214526, 0.00838271304538989]]	[[0.07282142456759544, -0.5707999334385022, 0.23212939541795807, -1.20905258593507, 2.899582490856631, 2.1697264874809066e-05]]
[[-0.5735236616638487, -0.22532594525140176, 0.1568341766738324, -0.00921530967039213, 0.008779456968479569, 0.00900992956740488]]	[[0.0727959508296977, -0.5707998247328578, 0.23211358367640894, 1.2090989198165398, -2.899597923785227, 5.148951950832042e-05]]
[[-0.5943732937765628, -0.22399845974786195, 0.14105734945664825, -0.008811133418277701, 0.008685562692891838, 0.008929490262042653]]	[[0.07279420258415582, -0.5707951758411517, 0.23207525810511354, -1.2090656996827607, 2.8996136680189086, 2.3642724766750452e-05]]
[[-0.589683444277618, -0.20429897859003285, 0.11913415822864099, -0.008709603701020845, 0.00802041022459129, 0.008257629702141032]]	[[0.07278946006720403, -0.5708049395146866, 0.2320703236457217, 1.2089909395729015, -2.8996310996123813, 1.2790899118015708e-05]]
[[-0.5915344837677696, -0.20086593943009162, 0.11357261702081008, -0.008426849380668603, 0.008182243866208718, 0.008656952689340107]]	[[0.07280309455992208, -0.5707956954423827, 0.23202783400522442, -1.2090271367826688, 2.8996187408175045, 5.97675793676602e-06]]
[[-0.6093897865777018, -0.20725165257104358, 0.11095298527902218, -0.008076762974264852, 0.009033312298193685, 0.009227524271055828]]	[[0.07280398835322828, -0.5707946884671325, 0.23201904951143137, -1.2090225165097257, 2.8996077336417243, 4.322293091692186e-06]]
[[-0.6122337887791218, -0.19494006039055012, 0.11189452064143551, -0.007531510495605502, 0.009574731588683907, 0.009693834686561537]]	[[0.07278651609048077, -0.5707970191060799, 0.23197774490746959, 1.2090260980543144, -2.899618213771415, -4.3798179273651e-05]]
[[-0.5664689944237415, -0.2118688344092632, 0.11312235779797407, -0.008181323980877949, 0.009998842052874712, 0.009426697107281716]]	[[0.07279553361156557, -0.5707987098026384, 0.23194999625902482, -1.2090474987165727, 2.899621145599694, 7.900895480753599e-05]]
[[-0.5552626134401191, -0.1891367805575346, 0.13150688102909902, -0.008325712793031707, 0.01001273290109728, 0.009802949330550053]]	[[0.07279617937279786, -0.5707936282358135, 0.23192767901269373, -1.2090382504259602, 2.899599045962668, 7.803638193200829e-05]]
[[-0.5540728633378377, -0.1601405168137447, 0.13573884422189636, -0.009078781986016134, 0.010206189016383893, 0.00963491644569989]]	[[0.07280476938028306, -0.570793457295238, 0.23189007438792159, -1.2090686846624192, 2.899571129755196, 0.00017266479872470928]]
[[-0.56134875782276, -0.09331956391141957, 0.1231092391391181, -0.009112362134501355, 0.011075231403323645, 0.010237946793114136]]	[[0.07278949050716269, -0.5707927506387579, 0.2318438787030756, 1.2090185499465638, -2.8996004202577876, -0.00023234938456952913]]
[[-0.554033691303291, -0.049266638345282776, 0.12510106116140787, -0.009623943333603828, 0.011858668512277945, 0.010283759800467949]]	[[0.0727985938980081, -0.5707802594140561, 0.23184532848688696, -1.2090205736122661, 2.899603364859259, 0.00019348760276666083]]
[[-0.5108201134725918, -0.032819694020170764, 0.12932479566186325, -0.010930972135918541, 0.01117932664287208, 0.010853807220191998]]	[[0.07278506153552708, -0.5707931099796549, 0.23182619411826227, 1.2090098315902684, -2.899628304255276, -0.00015633202219633051]]
[[-0.4334225920964171, 0.03169238148702572, 0.12015849672998227, -0.01095266129786613, 0.010095609438519478, 0.010589017531207046]]	[[0.07281059948588663, -0.5707932715363924, 0.23180700964303322, -1.2091072305537085, 2.899568368794001, 0.00013583593179236498]]
[[-0.4302475166926945, 0.031492675821824606, 0.12964723474524242, -0.012090448361516726, 0.011152220820909301, 0.01042035787496086]]	[[0.07279411606326734, -0.5707915061240983, 0.23177828524303595, -1.2090593218864785, 2.899599412858208, 0.00021150023929442525]]
[[-0.42853891195014276, 0.02540109255025938, 0.13655312357484078, -0.013380953672169498, 0.012193213598424487, 0.010778540877883793]]	[[0.07277745944868179, -0.5707918345113957, 0.23175034897423608, 1.2090283205207082, -2.89962226279385, -0.00021311389438408583]]
[[-0.4396508314646771, 0.049860087936680314, 0.14033742942933985, -0.013850539879951829, 0.01256984473403382, 0.011354681691751009]]	[[0.07280802523966937, -0.5708020402566326, 0.23175261405122063, -1.2090686633053145, 2.899571689355468, 0.00011732660867260766]]
[[-0.471762275937149, 0.03462485194353329, 0.14816314347677348, -0.014208286946232693, 0.013368680008983143, 0.011168017223686566]]	[[0.07278725837198784, -0.5707955192290012, 0.23173088242376383, -1.2090291266959972, 2.8996263452149207, 0.00013734362366657547]]
[[-0.47460852329559, 0.029092725548476667, 0.15779962283485935, -0.01380547728331564, 0.01356855576335183, 0.01114502968725658]]	[[0.0727797022576317, -0.5707943609728938, 0.23167092265815353, -1.20899408633697, 2.8996397804271306, 0.00017560089174560833]]
[[-0.4821168159403843, -0.013716419089704862, 0.15985646461833328, -0.013375956404662886, 0.01357448016695693, 0.011222244050942867]]	[[0.07281144030153579, -0.5707866151053002, 0.2316436304335036, 1.2090981141038801, -2.89959538925844, -0.0002886030154244928]]
[[-0.4767996229021443, -0.030544140842717032, 0.15886909714651973, -0.012534600956517756, 0.012821812338752665, 0.011480603041440088]]	[[0.07281144030153579, -0.5707866151053002, 0.2316436304335036, 1.2090981141038801, -2.89959538925844, -0.0002886030154244928]]
[[-0.46050373360467967, -0.04119040617870939, 0.16009260238736195, -0.012283535214050203, 0.011455452211134835, 0.010630425934450162]]	[[0.07280221811961379, -0.5707876836764251, 0.23160804036141183, 1.2090538672822881, -2.8995864774790228, -0.00021169969483046262]]
[[-0.48571113553044787, -0.0454572260219577, 0.14535578560248816, -0.012147959441497764, 0.010589919955434086, 0.010616828660564626]]	[[0.07280268073811978, -0.5707978287456938, 0.23158186014277854, -1.2090289063897541, 2.899624487885778, 0.0001906450448753636]]
[[-0.5630899582843285, -0.08311749643398206, 0.1431948919663472, -0.012751292319058694, 0.010703546378573759, 0.010665821420050247]]	[[0.07279107198012175, -0.5707899781796733, 0.23155264948070536, 1.209010635972077, -2.8996310720840617, -0.00023149687096068414]]
[[-0.607036210383326, -0.08071330031898794, 0.15956763721106945, -0.012189005956639675, 0.010203507286828116, 0.011134403982540618]]	[[0.07279786668685316, -0.5707882776717113, 0.23152667262726473, 1.209063041473919, -2.899608880590159, -0.00020987345213699756]]
[[-0.6087965452941486, -0.09835673055503147, 0.17314937540805853, -0.011676186668276092, 0.00942987875720441, 0.010728609791147576]]	[[0.07278133770056723, -0.5708040711434271, 0.2315062620432938, -1.2090264507757764, 2.8995725357852535, 0.00020784769761555939]]
[[-0.661162613848282, -0.10236330043700326, 0.1885218056696939, -0.011478839839840983, 0.009602820894007403, 0.010893113086685079]]	[[0.07281830497507498, -0.5707945997765401, 0.23148903716136016, -1.2091759545722347, 2.8995376734429597, 0.00015306455520513207]]
[[-0.7103331751353373, -0.0705285249528812, 0.18878051748100286, -0.011437915387477234, 0.009643935329590311, 0.01146852333479666]]	[[0.07280339075760725, -0.5708030529312964, 0.2314492663103107, 1.2091147782822496, -2.899587644134605, -0.00020929485763088526]]
[[-0.7328889924298305, -0.0609745413835463, 0.21172763587700472, -0.01189776076699588, 0.009244628602587483, 0.011628776215778854]]	[[0.07280518166599599, -0.5708010114037364, 0.23145413492744, -1.2091106122356425, 2.89957769210417, 0.00015246360466450082]]
[[-0.7493985398876072, -0.04089741755253273, 0.20631402619751021, -0.012471685726553841, 0.008683503254252208, 0.01195615832661397]]	[[0.0728128417068393, -0.5707901335910482, 0.23142476877344537, 1.2090803553593186, -2.899602163437356, -0.00020928597874155574]]
[[-0.7713298933592987, -0.03367775190004135, 0.2126399075807091, -0.012782815956947628, 0.008581772047276896, 0.011549020121737235]]	[[0.07280842173466816, -0.5708063138977608, 0.23140581843067332, -1.2090882209964913, 2.899573057317876, 0.00018916582763608476]]
[[-0.7405994201432483, -0.021085248552480562, 0.20775797362248075, -0.012602234721752568, 0.008054222035218443, 0.011690653375358828]]	[[0.07280013513134431, -0.5708107120059998, 0.23138418462517824, -1.2090278434723403, 2.899624799533281, 0.00015232235948088417]]
[[-0.7090828112046235, 0.005620102024645024, 0.19968584067689824, -0.012165796985197385, 0.0072078814009871265, 0.011357467597156022]]	[[0.07280125417132045, -0.5708035051126905, 0.23136729014503865, -1.209031308472752, 2.899584538659631, 0.0001495101119676704]]
[[-0.7537323583197613, 0.017396470518784124, 0.187269921069189, -0.012158843479928738, 0.008326624421620714, 0.011502813402164329]]	[[0.07280465384813906, -0.5708159452841735, 0.23135021454457766, -1.2090363901812475, 2.8995969826303747, 7.405330190373964e-05]]
[[-0.7065918196858292, -0.037374433598814205, 0.1625802932606566, -0.01347829234947022, 0.007449495002682083, 0.011857109008395653]]	[[0.07279678008220263, -0.5708104655222256, 0.2313238715893779, -1.2090329157853734, 2.8995866347866497, 1.6339279654934444e-05]]
[[-0.7147960672342424, -0.07215386062456536, 0.17017418713203397, -0.013518061941552492, 0.009062062879413385, 0.01081830118909881]]	[[0.07282652136110365, -0.5708040577227498, 0.2312945542379654, -1.2091502252524573, 2.899575860062278, 3.7010256824846695e-05]]
[[-0.6640206389176067, -0.08250659004590255, 0.15719897035821562, -0.012208634642985543, 0.00980723854298599, 0.010177195279206921]]	[[0.07279158457773185, -0.5708101035566563, 0.23126395910377473, 1.2090265857817404, -2.8996219578830185, -5.6060374167511714e-05]]
[[-0.6079554594383865, -0.12343242112296679, 0.1446303134405139, -0.012053097296803114, 0.010170033495158468, 0.01052517974027794]]	[[0.07280397788248708, -0.5708173793203253, 0.23125112807233564, -1.2090931702288352, 2.8995873959230964, -1.3345380186017338e-06]]
[[-0.6415081394746305, -0.19397854266379314, 0.1541171765833759, -0.01313945073316372, 0.012400236097521363, 0.010564785468775003]]	[[0.07281969726278624, -0.5708102695883629, 0.23120627843301567, -1.2090962726093077, 2.8995445418845165, 8.958738667988061e-05]]
[[-0.5946228648984775, -0.1880072885578706, 0.14802560234215037, -0.013883453138695665, 0.012308337034888603, 0.011161926152069963]]	[[0.0728025438753233, -0.5708168240261844, 0.2312148212239245, -1.2090810254641524, 2.8996068822966694, -7.736102517097242e-05]]
[[-0.5850596507796066, -0.11180831735032937, 0.1270023167750165, -0.01426154333285587, 0.01235023682260564, 0.011239514198561812]]	[[0.07280260223574286, -0.5708325808494864, 0.23120159077563932, -1.2090082007078156, 2.89962727270119, -0.00021049074335359645]]
[[-0.6122999305719021, -0.06463750852411043, 0.10632094619413168, -0.015199377283950795, 0.01287733647719453, 0.012046797803731626]]	[[0.07277493698443677, -0.5708225286513204, 0.2311743222486246, 1.209007531698972, -2.8996252861222294, 0.00017013804823438848]]
[[-0.5650528097802469, -0.0363187301074584, 0.10203394204183674, -0.015990400925463943, 0.012509481156018652, 0.010324052256149447]]	[[0.07279358700082972, -0.5708308931944037, 0.23114785440267507, -1.209046424284446, 2.89962167323636, -0.00018882779811731163]]
[[-0.5346077505733955, 0.006581474691364109, 0.09978249516638324, -0.015064760018977398, 0.012746282007029174, 0.009715458142492842]]	[[0.07281146044300277, -0.5708338031765811, 0.23111554676474227, -1.2090555350064327, 2.8995933146876247, -0.00017173895963303954]]
[[-0.5353200106368643, -0.007106459208512328, 0.09527835409981857, -0.015444836864756787, 0.013342371042236482, 0.010410628396467185]]	[[0.07281446160721944, -0.5708485695460108, 0.23109275264534232, 1.2090458125359103, -2.8996208748228938, 0.0002456402526258073]]
[[-0.5226865484534098, 0.005370998446265596, 0.08583551221680154, -0.01542520686845623, 0.012144458239254191, 0.00969725307934273]]	[[0.07281910568620953, -0.5708444839859738, 0.2310784690478418, 1.209076960707761, -2.899594225301412, 0.000282638916735145]]
[[-0.5143245798125917, 0.026445218230090634, 0.07465193534073253, -0.015006470630955735, 0.011600959405254595, 0.009183116233029486]]	[[0.07281403194086093, -0.5708439377667601, 0.2310607913116939, -1.2090257012723484, 2.8996212950060576, -0.0003010148535544079]]
[[-0.5356918341726971, 0.02730895824973778, 0.07566184534768994, -0.013501960434474871, 0.012249466757136694, 0.009553201851379341]]	[[0.072818664384592, -0.5708432826502265, 0.23100378930079457, 1.209059352968749, -2.8996028325830596, 0.00024373050767829]]
[[-0.5647278896918482, -0.047039746811770033, 0.07373869588277258, -0.013330265731306854, 0.012433311255772923, 0.009104134256869532]]	[[0.07282406616862926, -0.570847585928764, 0.23097098443468422, -1.2090554217502507, 2.8995938621862414, -0.0002257675356650964]]
[[-0.555909723115818, -0.07830584609509614, 0.046611894013277144, -0.011348184228846002, 0.012277559815698717, 0.009438078690185621]]	[[0.07281655499247565, -0.570847201437809, 0.23098290371952912, -1.2090385638396917, 2.8996038477742485, -0.0003564929250765839]]
[[-0.5474095483362931, -0.1527282646683206, 0.04631959381656103, -0.010066018935605409, 0.012489252073788822, 0.009663623401438778]]	[[0.07281285425310277, -0.5708441164055185, 0.23095397891881436, 1.2090802691370854, -2.899606483427156, 0.0002797395698367213]]
[[-0.5230198268119416, -0.21060624199946967, 0.039840017261263655, -0.008525309801201926, 0.012207854378731831, 0.00923700705563869]]	[[0.07280331790814741, -0.5708634785669962, 0.23092706602305144, 1.2090011208029052, -2.899611647020155, 0.0003721655148719843]]
[[-0.5400350110623131, -0.32086404118949075, 0.028211207623216484, -0.008444499460904097, 0.012691931541312167, 0.009382117904480788]]	[[0.0728300502672175, -0.570851200946033, 0.23089309613121076, 1.2090988931088327, -2.899599041915412, 0.00027806945369291807]]
[[-0.48019380426932723, -0.3456817094832362, 0.023700239269756826, -0.006944390359558561, 0.011586834677997072, 0.00892809192139986]]	[[0.07282522585122116, -0.5708572669698847, 0.2308817243478798, 1.2090454411157572, -2.899618851501261, 0.0003906457439257694]]
[[-0.43561687681121103, -0.37616256299390305, 0.031297424653949135, -0.00617948614518238, 0.010619986498232092, 0.008996386530090694]]	[[0.07282244142319536, -0.5708595101946179, 0.2308695337796905, -1.2090682099292365, 2.8995783952495895, -0.0003732375642781422]]
[[-0.4177691505236821, -0.3582626592172929, 0.022175691295620605, -0.005439475288819931, 0.009516103007808203, 0.008555135601827699]]	[[0.07284416244699954, -0.5708664235552487, 0.2308170317261787, -1.2091129878889444, 2.89958488869392, -0.0003536641851682152]]
[[-0.4388560495524717, -0.35450143826110386, 0.029511982394503117, -0.00496603276531793, 0.009914884698114584, 0.009494221331831375]]	[[0.07281855606980125, -0.5708525422481541, 0.23077950995271357, -1.209054934464137, 2.899593401047612, -0.00024004087678457735]]
[[-0.4673270060321262, -0.35573035787556395, 0.03959739262968507, -0.004926529398674141, 0.01039937237550061, 0.009418612893192221]]	[[0.07283427087300091, -0.5708501335800196, 0.23076102555124445, 1.209072199283428, -2.8995859270636024, 0.000237648064418893]]
[[-0.5135977253108877, -0.34723922453053324, 0.03871846251657428, -0.005157496715794435, 0.010834539209309903, 0.009186089466802168]]	[[0.07279969914284973, -0.5708538203149883, 0.23072079508494675, 1.2089684366316953, -2.899631126862929, 0.00016036290952747134]]
[[-0.5460742928067883, -0.33692913880882297, 0.0507142678385305, -0.006130439053017761, 0.010754339297012921, 0.008698317413931806]]	[[0.07282321858370179, -0.5708519514969556, 0.23069811041493754, -1.2090634394771722, 2.899613968892484, -0.00018136054225638298]]
[[-0.593722830114185, -0.317049048026092, 0.061064453567109205, -0.00723017066508826, 0.011957991753398673, 0.009147131464003139]]	[[0.07281190059117398, -0.5708572073724105, 0.23067139579569157, -1.2090751702638263, 2.899595663419934, -0.00016467780469018323]]
[[-0.6169070980599347, -0.25923345667663594, 0.08134244480277857, -0.007230219594841138, 0.01216484370564512, 0.008971443260161062]]	[[0.07280410469605497, -0.5708431380154578, 0.230635502630663, 1.2090257159249123, -2.8996226767650097, 6.939791109499948e-05]]
[[-0.6465216365646376, -0.1887009363819535, 0.08345243417033618, -0.0072400170576027555, 0.012288805538585641, 0.00948425902405174]]	[[0.07280324956394968, -0.5708564741461116, 0.23063500160512318, -1.209010692167837, 2.8996356348436225, -0.00018100249273245443]]
[[-0.6787256994313855, -0.18052699205470352, 0.09643329259861337, -0.007984570395389336, 0.01309076693350767, 0.010081563841482594]]	[[0.07282912647882589, -0.5708452732992992, 0.23059303989477087, -1.209109799035951, 2.8995794938683765, -0.00010696201073536606]]
[[-0.6651927267911796, -0.15036980554950585, 0.10333569167215736, -0.007994753176827242, 0.01319363113116215, 0.010631029058128159]]	[[0.07282176319519006, -0.5708548309312058, 0.23055509330934332, 1.2090388993321521, -2.8996042360987806, 8.694751308807088e-05]]
[[-0.6679692381745398, -0.15132311930889758, 0.10372965183221672, -0.009472966957656481, 0.013757280434933933, 0.010403393611988762]]	[[0.07280871251584758, -0.5708519815539121, 0.23055655222723714, -1.2089929025151478, 2.899641806533108, -0.0001440600255197759]]
[[-0.645267884148357, -0.12859577033562553, 0.08880953752999646, -0.010323330255027182, 0.013810995529747912, 0.01004939577026254]]	[[0.07281817369068626, -0.5708616401514296, 0.2305225044826805, 1.2090078750359068, -2.899629403688597, 0.00012444760556509532]]
[[-0.6371268362015919, -0.119542600124101, 0.09199883544491229, -0.01112663408858604, 0.0140533368112041, 0.010575668127355775]]	[[0.07281077453883629, -0.570850788857473, 0.23046862454674022, -1.2089657481605187, 2.899623901042823, -1.2634893418237782e-05]]
[[-0.5957268040179214, -0.10957780498747463, 0.08952923413818373, -0.01150422060255944, 0.013853166041033068, 0.0099254763149582]]	[[0.07280494979292053, -0.5708556562558655, 0.2304395498093587, 1.209046854236324, -2.899576853670437, 1.121761545840201e-05]]
[[-0.5114968494218177, -0.09968651080856261, 0.07877969797025004, -0.012432299985767106, 0.012170229033510721, 0.009529772965204108]]	[[0.07282289711314571, -0.5708476441897041, 0.23043345247524072, -1.2090748376506675, 2.8995916273388023, -3.4199874461734614e-05]]
[[-0.4752057426695463, -0.06666635189186418, 0.07403276927044104, -0.012020895573078404, 0.011789064438003597, 0.009120890536569977]]	[[0.07281932752696135, -0.5708579472610945, 0.23040583645415624, -1.2090905703787485, 2.8995849473602298, -3.364425309946994e-05]]
[[-0.4668791819724073, -0.10925940478310744, 0.07750957974745694, -0.012834696582779213, 0.01288877131537189, 0.008900888993895026]]	[[0.07282459328982975, -0.5708521500199929, 0.23038983713750666, -1.2090568377887998, 2.8995993123150487, -5.170919124183509e-05]]
[[-0.47850220244335995, -0.14018136974203763, 0.08167935392904453, -0.012819900467690491, 0.01433224823529444, 0.009098682847746526]]	[[0.07282247202792111, -0.5708498648467203, 0.230354033730912, -1.2090790267844422, 2.8996019325488396, -1.3384476660788649e-05]]
[[-0.5010789052220054, -0.1684562820605717, 0.07771174838896552, -0.012993396875935231, 0.015214360691296341, 0.008809390412101636]]	[[0.07282463705130329, -0.5708489652470506, 0.23031555489159328, -1.2090687658710542, 2.8995776720962803, 9.849433573724097e-05]]
[[-0.5033415438713622, -0.15344695033324632, 0.0796956908070502, -0.012365220618961625, 0.015242549589954567, 0.009323604484010685]]	[[0.07281564253076495, -0.5708514834605033, 0.23026759683783476, -1.209059860846865, 2.8996069614930047, 9.944797658746187e-05]]
[[-0.5212632290238283, -0.1568741180792651, 0.09837690027601964, -0.01230315175721874, 0.015511132529098446, 0.009490494621081761]]	[[0.07280749625627742, -0.5708520718277892, 0.23026490981628922, 1.209095727215638, -2.899597475573731, -2.455319002308851e-05]]
[[-0.5544576114769361, -0.16271972118821124, 0.11702420873047881, -0.0120547854252608, 0.015693185431461157, 0.009201149085357359]]	[[0.07282475474125108, -0.5708593709813835, 0.23024571184832682, 1.2090273311157147, -2.8996264505112537, -4.21423712921728e-05]]
[[-0.603084161427429, -0.19419608206786906, 0.12555015226928565, -0.012850593122426694, 0.015438879284448656, 0.010066212783058236]]	[[0.07281441329203489, -0.5708481310207402, 0.23019730501294317, -1.209007145541568, 2.899628582861748, 9.858705582786484e-05]]
[[-0.6311310396157912, -0.2043620726202629, 0.13775744899913434, -0.012966649237125219, 0.014593541866455255, 0.010294734324597689]]	[[0.0728061405714255, -0.5708518600849933, 0.23017579504426322, 1.2090407900924234, -2.899610023161331, -0.00011873060569048583]]
[[-0.6180609930089492, -0.18873097250684706, 0.14809602769482844, -0.011665078097782224, 0.013238376835505121, 0.010092249538598354]]	[[0.07284299849607975, -0.5708441813024353, 0.23014914675976186, -1.2090890325979187, 2.899580013973262, 0.00015475346412892476]]
[[-0.6473052428537306, -0.18794339007547042, 0.15952572162734904, -0.01148995630914321, 0.01244904708890656, 0.01019584175507267]]	[[0.07283232694585193, -0.5708381106555876, 0.23010745021520318, -1.2090756863149996, 2.899596585337055, 0.00022957129958397658]]
[[-0.7078267268595573, -0.21331537145415672, 0.17945604346099484, -0.01188906973438867, 0.012474291015668238, 0.011141806630712365]]	[[0.07281942488415498, -0.5708417579870831, 0.23007016526042856, -1.2090068123336102, 2.899624288874975, 0.00026661868685975206]]
[[-0.7339846452572378, -0.212568867332945, 0.18983888140619198, -0.012021680225148377, 0.011999746859601857, 0.011322535893775392]]	[[0.07282413642656788, -0.5708542521897195, 0.23008450050133167, -1.2090247251953612, 2.8996207035060366, 9.80912525485567e-05]]
[[-0.7287939359906646, -0.20331596821509867, 0.2037110370945166, -0.011886849370249163, 0.011314314558018863, 0.011822353492659515]]	[[0.07282503053254792, -0.5708600780175704, 0.23004479905860448, -1.2090628706424373, 2.8996151324837602, 0.0001526060060002637]]
[[-0.7505946028420449, -0.19115934739237656, 0.21426984055907072, -0.012180389922264055, 0.010870236464834378, 0.011427037897790347]]	[[0.07281783200579948, -0.5708504364353747, 0.23001439857692385, -1.2090660350716405, 2.899576053307713, 0.000151754132761821]]
[[-0.7727637172779784, -0.20110007114697603, 0.21872704489609052, -0.013097320716979445, 0.011209019827010025, 0.01144502286884486]]	[[0.07282282893444153, -0.5708440196837558, 0.2299843233733691, -1.2090831905539168, 2.8995666192217455, 0.00024588393125767846]]
[[-0.799798098027468, -0.17143078672204837, 0.24295446502152077, -0.013099444577374806, 0.011938175268811668, 0.011571809844738244]]	[[0.07279382540688237, -0.5708536077879577, 0.22995773058134802, -1.209044685563508, 2.89962217165622, 0.0002076987409809872]]
[[-0.7874163348243916, -0.14146069435797748, 0.24214461407635343, -0.013424931391741068, 0.011664648222863836, 0.0114759630361647]]	[[0.07280337422877767, -0.5708499036043535, 0.229923181442508, -1.2089787667462437, 2.8996103336228645, 0.00022443948613940022]]
[[-0.8345150921707076, -0.13182665935546573, 0.2755286229542669, -0.01403669470690863, 0.012805909796480835, 0.011980701285499185]]	[[0.07280898082371735, -0.570849232182855, 0.22989103322463394, -1.2090355048855685, 2.899598557600756, 0.00026342145300783075]]
[[-0.8020979088427624, -0.12443983269639258, 0.28741243490242463, -0.014807280911302883, 0.012797281698983165, 0.011545887530530041]]	[[0.07280612034634597, -0.5708483744322805, 0.2298489610313989, -1.209008901998729, 2.8996340125166946, 0.000319682495593076]]
[[-0.7816487926533671, -0.07501368461802171, 0.3066537192751325, -0.01422298936777646, 0.01306665069881872, 0.011303649683941692]]	[[0.07281176042976951, -0.5708565776762294, 0.22985867690269265, -1.2090361399235232, 2.899600311331414, 0.00016684276103145045]]
[[-0.7406579102401722, -0.06557343208803235, 0.3027333178852934, -0.014761239487830117, 0.012708029158301506, 0.010673183150417537]]	[[0.07282373058038188, -0.5708462730354238, 0.22983075425986838, -1.2089622160885594, 2.899617593106444, 0.00018689326923821827]]
[[-0.7209535309911234, -0.04688604590357692, 0.31426491473534696, -0.014445263304512464, 0.012718095609306621, 0.010591284895632316]]	[[0.07279902510863065, -0.5708449748131397, 0.22977692565796332, -1.2089871335742317, 2.899630628920009, 0.00028151397786209474]]
[[-0.7055528017200937, -0.02327773926661908, 0.3194604626493754, -0.014138068121214663, 0.013513014691197344, 0.010650541855173036]]	[[0.07281616899159779, -0.5708560082703067, 0.22976775020595797, -1.2090443982528638, 2.899622212821794, 0.0001679732272368523]]
[[-0.6760272290210937, -0.029516312221378183, 0.3211030929430674, -0.014918624692817408, 0.013279688133294974, 0.010602509508057158]]	[[0.07279752551045696, -0.57085315528524, 0.2297453475402753, -1.2089614118187795, 2.8996179672588873, 0.00016553331800087096]]
[[-0.6649836569345691, -0.008719969045887621, 0.3236936011481365, -0.014924052072898868, 0.013512042088745924, 0.01020667805219405]]	[[0.072813923973438, -0.5708656481689521, 0.229714877978352, -1.2090052957292936, 2.8996262127326053, 0.00012953212049703126]]
[[-0.6786767662079111, -0.03196494826937951, 0.3364457687636151, -0.015251681661794083, 0.014707426208292225, 0.010826492246736354]]	[[0.07282832082195742, -0.5708583984043297, 0.22970696405579216, -1.2090145243010368, 2.8995977252417204, 7.288550090101002e-05]]
[[-0.6459622402959941, -0.03181563371745422, 0.32803456545544674, -0.014807092440274075, 0.014768164443183471, 0.010675801288317313]]	[[0.07281574017913195, -0.570863625559636, 0.22967885691848317, -1.2090657342431599, 2.899576692254941, 5.2476739545392235e-05]]
[[-0.6459483458299033, -0.02995423552210713, 0.33153688605875736, -0.015024177019329722, 0.014936640604049497, 0.010731931838882288]]	[[0.07282703569577209, -0.5708460500955812, 0.22964166034697772, -1.2091139132251223, 2.899592544747093, 0.0001676580086616803]]
[[-0.6511864955813291, 0.009247476972825075, 0.33249686176278165, -0.014833680716001394, 0.01431796688423775, 0.010695714336086756]]	[[0.0728158173488401, -0.5708672089221953, 0.22961823346976346, -1.2090361004997385, 2.8996012265931848, 7.22690152510688e-05]]
[[-0.6348493949980798, -0.019745243453724415, 0.33980154381286953, -0.016338461764731724, 0.013978780485346917, 0.011053315938069195]]	[[0.07282218218779424, -0.5708651438322422, 0.22960015378932322, -1.2090180951289935, 2.89960867176445, 7.067394119627457e-05]]
[[-0.6249008494333987, -0.020983584675778544, 0.3308925925026352, -0.016460236419292833, 0.013155946807488385, 0.010693542224384518]]	[[0.07282121165356667, -0.5708726460091441, 0.22957526144607057, 1.2090220771345228, -2.8996182256699368, 1.722046227834496e-07]]
[[-0.6047112501586143, -0.038453431139868266, 0.31481843597368725, -0.015892965787309653, 0.01243888934018409, 0.010694211672927525]]	[[0.072826210729916, -0.570866125379901, 0.22955043045635154, 1.2090399866427295, -2.8996104861469933, 1.9176206071189586e-05]]
[[-0.6296172378897956, -0.06185084084289788, 0.314055498471432, -0.01497409080338579, 0.012924661418189501, 0.010652931888921741]]	[[0.07284653040520436, -0.5708687628069137, 0.22954198472959308, -1.2090495835863948, 2.8995852665584234, -6.0689122748457253e-05]]
[[-0.6336403255010308, -0.08789456677205681, 0.30176926311715596, -0.014419997900777139, 0.012642363176188061, 0.010539166810193509]]	[[0.072792045120099, -0.5708640277013828, 0.22950965906924745, -1.2089713835393965, 2.8996426320929993, -2.1463535359597058e-05]]
[[-0.6465509639841492, -0.11195821315831378, 0.2941209332855755, -0.01429543050286489, 0.012404068051591634, 0.010437476166682001]]	[[0.07281530846989383, -0.5708724123180577, 0.22947487244129292, 1.2090090121133916, -2.899635883181128, 5.5751680472853767e-05]]
[[-0.6400711408686313, -0.15556037144503987, 0.26115957479010327, -0.013520905778035275, 0.012595875817697081, 0.010582295080753763]]	[[0.07282259319685733, -0.5708693651423258, 0.2294873128137862, -1.2090067144476768, 2.8996302838699886, -0.00013235691421313947]]
[[-0.6181882721674297, -0.22097035645646546, 0.24160941541026248, -0.012364185403565094, 0.013085663984685771, 0.010749218389404227]]	[[0.07282941690231176, -0.5708677671833595, 0.22943752287906788, -1.2090935027084442, 2.8995933633196973, -0.00011112804456925108]]
[[-0.5767689388855883, -0.24181917790925347, 0.2087160821369432, -0.01015178549615585, 0.012453671394981276, 0.010224275638434194]]	[[0.07282177547646258, -0.5708795092213551, 0.22939683376656905, -1.2090319187296563, 2.899592229344496, -7.523217341329531e-05]]
[[-0.6140404053399291, -0.27453371571331964, 0.19495646451625434, -0.009416426601905514, 0.012863433884246128, 0.01009960383870761]]	[[0.07284702453337832, -0.5708733323222657, 0.2293915736539358, -1.2091066642313661, 2.899574757851815, -0.00011185421932841051]]
[[-0.5520705648018425, -0.27251741106686744, 0.1638531002002892, -0.008508879138933707, 0.010999654826790441, 0.009688844749816627]]	[[0.07282385873544148, -0.5708693004963306, 0.2293656581455119, -1.209036129398199, 2.8996040117362147, -0.00011195625366641696]]
[[-0.507806187856778, -0.27824701729275975, 0.13978034522157193, -0.0072662483302652755, 0.010092880705352511, 0.008743964819850158]]	[[0.07282531534968519, -0.570869803535443, 0.22935070998277868, -1.2090314587395874, 2.899592949409974, -0.00011136608556394691]]
[[-0.5112321804643978, -0.3283552820581798, 0.11195129616374089, -0.007038832773916412, 0.010512757841885417, 0.008557320513684063]]	[[0.07283479687680655, -0.5708697554032786, 0.22932549845355008, 1.2090736756713052, -2.8995947449781405, 0.00014696748183006434]]
[[-0.4992114613265956, -0.3199463695868353, 0.06132922560369029, -0.005683999954182418, 0.010600693316344088, 0.008357907468210407]]	[[0.0728630237421275, -0.5708622218526087, 0.22929764894809102, -1.2091102070897497, 2.8995852183921698, -9.123178580861853e-05]]
[[-0.5200030627869191, -0.3601770450701485, 0.0450332899171623, -0.0056175898296268335, 0.011192599957936976, 0.008487256957906867]]	[[0.07281247123555197, -0.5708735391585033, 0.22926332319653353, -1.2089793152601824, 2.8996142110105034, -0.00010989152876873673]]
[[-0.5038872027767503, -0.3446150337863124, 0.022751399224649572, -0.005410632885957344, 0.01090991607420168, 0.008782072439438356]]	[[0.07282719192807002, -0.5708815177611193, 0.22925075149426294, -1.2090061622612334, 2.899630061516665, -0.00016535553463514183]]
[[-0.5410814421032031, -0.34045119803637675, 0.016991230518772212, -0.006091067051124327, 0.01121562006873003, 0.009966278686769425]]	[[0.07282971120586708, -0.5708684141268637, 0.22922628803732292, -1.2090409804645792, 2.8996140948303633, -0.0001080009829634872]]
[[-0.5207129799976895, -0.2632045445746838, 0.011560354987144585, -0.005445695035229261, 0.010460604118936963, 0.008891112762884183]]	[[0.07285127332224318, -0.5708621326121499, 0.22918306991067933, -1.209082902345508, 2.8995689211217766, -3.551781094493656e-05]]
[[-0.522139769701922, -0.23932671237216172, 0.019082762383631872, -0.0065495448965981915, 0.010685156359594637, 0.009055878570044426]]	[[0.07282318313021784, -0.5708708430265932, 0.22916533147673526, -1.2090738954534783, 2.899597990462136, -1.500062140395613e-05]]
[[-0.522618100316691, -0.1763404153580501, 0.018752183963070723, -0.006344162583306227, 0.01106933686385776, 0.008952980753484571]]	[[0.07282671364667755, -0.5708603873070757, 0.229151192750154, -1.2090402078407578, 2.8996123303857373, -3.315978284983986e-05]]
[[-0.4421412850688181, -0.10511668334730714, 0.012604402102856654, -0.006873698635714705, 0.009481837962612491, 0.008686461322033512]]	[[0.0728157003271216, -0.5708609842698337, 0.2291102619534828, 1.2090357190908965, -2.8996034853226593, -6.274363643299649e-05]]
[[-0.44473135632983085, -0.08100075905222073, 0.018826004700495724, -0.007311088159285299, 0.010249448667075457, 0.009662626348485314]]	[[0.07282836838911283, -0.5708749704668443, 0.22912067986030077, 1.2090704859048196, -2.8995859422441357, 6.900778050101367e-05]]
[[-0.47142055772744196, -0.0810693592945701, 0.02538592282436131, -0.008256257340942461, 0.011914347044760801, 0.009498076216577727]]	[[0.07279480551311518, -0.57086227950215, 0.2290514634933118, 1.2090359179304373, -2.8996041380670268, -8.172547746370317e-05]]
[[-0.5214243125228735, -0.05325082811969506, 0.044289035943595206, -0.008313956241662205, 0.013176156733697915, 0.01009873477403201]]	[[0.07281796549982023, -0.5708567644947952, 0.22903932080432246, -1.2090216187099256, 2.8996186318195334, 4.989793736584101e-06]]
[[-0.5094310075735533, -0.04726763812277368, 0.03986939219000865, -0.008599193184496942, 0.01390683527904342, 0.009886092056000464]]	[[0.07282797144849498, -0.5708570088412773, 0.22899574900912, -1.2090811562475796, 2.899565274993705, 0.00011565027823239922]]
[[-0.4751144044411716, -0.06650528639433231, 0.05296863636412493, -0.008896713179877046, 0.01405526922479413, 0.00965579810008256]]	[[0.07282582614631329, -0.5708479130827231, 0.22895275750381552, -1.209006583059959, 2.899581099197109, 0.00020943442138216423]]
[[-0.4304844518928512, -0.08743474595722997, 0.046345263727857675, -0.008672134080221541, 0.013608644468459167, 0.009542456890147426]]	[[0.07281800391940349, -0.5708438938119269, 0.22893553215403342, 1.2090251357384303, -2.899625145340118, -0.00021376202644586957]]
[[-0.45545733887188733, -0.08369786302081286, 0.042278862209864924, -0.00824706119906062, 0.013536362038615737, 0.0092329216320944]]	[[0.0728177895238352, -0.570850248447282, 0.22890313029631948, 1.209068467052526, -2.899581290493994, -0.00023289748406706188]]
[[-0.4746496295776984, -0.09313199188946, 0.04482118275862029, -0.00839595964618582, 0.013413403825136757, 0.0099991763467815]]	[[0.07282471417617807, -0.5708482554231744, 0.22890301154731013, -1.2090286293130883, 2.899585384629452, 0.00017289455073846526]]
[[-0.4632914126269935, -0.08066756232714564, 0.056858009332895365, -0.00805817188387135, 0.01272199928553584, 0.010198821494882944]]	[[0.07282564715472714, -0.5708473614166285, 0.228878281559858, -1.2090590657487432, 2.899559274699641, 0.00018920085635552338]]
[[-0.4962723245889813, -0.11552361941313732, 0.06811970658467781, -0.00875559348005391, 0.013024878304974358, 0.010214412287031566]]	[[0.0728178127903469, -0.5708366164251859, 0.22882291245177921, -1.2090717289965551, 2.899589401846096, 0.00032449675130886426]]
[[-0.49188371446842605, -0.13856221738447252, 0.0828245215231054, -0.009270659948650607, 0.012439322760326334, 0.009979856772498652]]	[[0.07281810827120942, -0.5708373608076285, 0.2288068826019528, -1.2090540157166785, 2.8995975669910945, 0.0002861261923297735]]
[[-0.4965539484927646, -0.10567372199853736, 0.09175944706698946, -0.008192100667490154, 0.011631976289528976, 0.008901299981087248]]	[[0.07279868146367953, -0.5708366441088019, 0.2287564975611842, -1.2090431899885004, 2.899573867503541, 0.00037937428660937087]]
[[-0.500013892888747, -0.15321265869593226, 0.11934755911528282, -0.00945135839487411, 0.01123648564187293, 0.008601606984073293]]	[[0.07282193737308151, -0.5708353355047582, 0.22874869480355026, 1.2090783220668135, -2.899607266618726, -0.0003624078143130039]]
[[-0.5269742230071273, -0.17117312426508538, 0.12558205845822343, -0.009979575509977604, 0.010795140334019447, 0.008969898594679995]]	[[0.07283351925482218, -0.5708370661121299, 0.22872944482348134, -1.2091350959103138, 2.899549172402775, 0.00034265757313094777]]
[[-0.5747395901843906, -0.14910907408430146, 0.1119716733821217, -0.010531764411923437, 0.010949313082741698, 0.008607353489435265]]	[[0.07280566072559126, -0.5708361644067492, 0.22872327481981322, -1.2089578424931549, 2.899610587424452, 0.0003215383582287399]]
[[-0.6201897770019486, -0.1546443513895917, 0.13893483801116877, -0.011640466261863802, 0.011397553249780246, 0.00906162375850597]]	[[0.07278362128080147, -0.570825493597593, 0.22866492171848415, -1.2089011754951176, 2.899670924515635, 0.0003974125516390027]]
[[-0.664015318039143, -0.12682805498718613, 0.1495553950337864, -0.012050429092685023, 0.011451811110963831, 0.009562351903822614]]	[[0.07281288305988112, -0.570826725803809, 0.22863857667915766, -1.209006127059401, 2.8996270222140343, 0.0003987168763733825]]
[[-0.7187953899913377, -0.14977043154684233, 0.16842391762962639, -0.013088922295499945, 0.011821201782543634, 0.010263208569591514]]	[[0.07281288520571814, -0.5708267385583053, 0.22862303824957614, -1.2090750642698558, 2.899597796115845, 0.0004163049750579625]]
[[-0.7252133576193779, -0.10674784870358511, 0.16946513032491567, -0.01167196820096139, 0.01149260331175485, 0.010469651877444242]]	[[0.07282759692587307, -0.5708211301350232, 0.22860200816255716, -1.2091005312954195, 2.8995616757038745, 0.00039567989895197874]]
[[-0.761924367761333, -0.16919359807366297, 0.19130884395429534, -0.012735257698600736, 0.012780785315609508, 0.011335464777755589]]	[[0.07281412636423779, -0.5708164041168703, 0.22857725475322108, -1.2090389063005669, 2.899561847336864, 0.0003745849946194427]]
[[-0.7807535373520609, -0.16974201551020685, 0.20578213661854852, -0.012199451129192273, 0.013084244849237347, 0.011859282524594582]]	[[0.07281024387201894, -0.5708162102998313, 0.22854388265705805, -1.2090701523956915, 2.8995860902487256, 0.0004332501869370225]]
[[-0.7353237131948295, -0.15756907390026803, 0.21778171112213118, -0.012157582127234308, 0.011325998082591545, 0.011898785765794331]]	[[0.07279752032002457, -0.5708244540396161, 0.22851963002752562, -1.209056133871701, 2.8996051831769436, 0.0004139373901718771]]
[[-0.7543889564676967, -0.1756030809313061, 0.20893850397790723, -0.012875093341120632, 0.012049943405696, 0.01264724445881243]]	[[0.07280311672353866, -0.5708236788269481, 0.22850984318634376, -1.2090433432910992, 2.899623075167618, 0.0003589743065852928]]
[[-0.8027563555331052, -0.17776364622065327, 0.2243713587318034, -0.013546723311940598, 0.013020977911004268, 0.013705756094760584]]	[[0.0727840412604233, -0.5708141801464627, 0.22847031547832675, 1.2090229016064324, -2.8996205556130263, -0.0004322938817091472]]
[[-0.7454022470194624, -0.17690766484357884, 0.2245688039054381, -0.013990448768831522, 0.012092152630716096, 0.012800741689066149]]	[[0.072807348624692, -0.5708083318961968, 0.22845044635038247, -1.2090177323437328, 2.899608354456861, 0.0003922381113984964]]
[[-0.709281405472598, -0.11076825467315254, 0.23082791636481986, -0.012987973073322404, 0.011976644657907643, 0.01228724388699032]]	[[0.07279933962669483, -0.5708100834313756, 0.22843371811169405, -1.2090571478363648, 2.8996055431283803, 0.0003568302239338376]]
[[-0.660964594008112, -0.05520540665013823, 0.25058282968904205, -0.012861739224919577, 0.01127067889623769, 0.011515577049418267]]	[[0.0728228540223806, -0.5708115753223397, 0.2284230629873772, -1.2091220809407384, 2.899566834482967, 0.00029762489879571713]]
[[-0.6995848210344051, -7.233844849613424e-05, 0.2778528752381876, -0.013760027119168327, 0.012098907597213717, 0.011464706943592706]]	[[0.07279451163987602, -0.5708196016300082, 0.22838038800401622, -1.209008736219429, 2.899637679523419, 0.00033554509586198716]]
[[-0.7027687808339906, 0.01541640808550443, 0.2873721578135646, -0.016443155765384913, 0.012020907667199494, 0.012537398162579613]]	[[0.07279815129022198, -0.5707999932195931, 0.22837080048032232, -1.2090482927483883, 2.8995843580339145, 0.00029735809342027885]]
[[-0.6913140427901001, 0.09316040771556622, 0.294310799909007, -0.01663235756002136, 0.012081884384451534, 0.012443106367730454]]	[[0.0728034098603849, -0.5708140705320042, 0.22833370063243355, -1.2089956825740058, 2.899606601497378, 0.00027760744547763636]]
[[-0.6784889145594061, 0.15962071095951275, 0.29170596845940655, -0.016770878168331976, 0.012497017144993293, 0.01252857499163843]]	[[0.07280675651670933, -0.5708166819153896, 0.22831887539885987, 1.2090904773648763, -2.8995885059461797, -0.00022301499992857506]]
[[-0.5942923765466108, 0.22243228214911084, 0.2970157791772977, -0.016373797177286327, 0.010572610584012399, 0.012028494346032405]]	[[0.07279921423151012, -0.5708095422102704, 0.22830083431763565, -1.209039726694908, 2.8996147174433067, 0.00024047850991537462]]
[[-0.5985484505582694, 0.22723421991655268, 0.30342573591564515, -0.016259009586397692, 0.011552146455477252, 0.012088632360780558]]	[[0.07280187204916683, -0.5708165564954667, 0.2282837978256337, -1.2090059727369957, 2.899631245141655, 0.0001279015038532409]]
[[-0.5942020127750831, 0.1633939697285471, 0.3017654795495256, -0.01711784653449048, 0.011962418103959135, 0.011355151397428336]]	[[0.07281242207593494, -0.5708215224122282, 0.22825109004129385, -1.2090540563905114, 2.8995989740997943, 8.993334494619548e-05]]
[[-0.6229696117148908, 0.15154245285391094, 0.29628721175669476, -0.01637138733902287, 0.012701813780339783, 0.012044047730795267]]	[[0.0728049276431979, -0.5708144414163644, 0.22823966012187555, -1.2090100692575723, 2.8995926641715304, 3.244268105717458e-05]]
[[-0.691649029757166, 0.05171788630703561, 0.29726253542645836, -0.01661628547409838, 0.01467990027417207, 0.01210426464580843]]	[[0.07278368834711045, -0.5708249987855131, 0.2282244984305113, -1.2090073522093832, 2.899632888406785, 1.5499825309272903e-05]]
[[-0.6515516246506909, 0.025679986320122528, 0.25909967683780455, -0.015216524462909588, 0.013859054713809943, 0.011613594066209975]]	[[0.0727905334240175, -0.5708050958569185, 0.22819114857489498, -1.2090238226734267, 2.8996253055500225, 3.663629229540437e-05]]
[[-0.6064804915077026, -0.013062917861317858, 0.23012886409006136, -0.013637136456432795, 0.013193632266781998, 0.011416589647398992]]	[[0.07281615123476984, -0.5708211347176694, 0.22816830783228031, -1.209023914727236, 2.899575725323708, -6.177348346668619e-05]]
[[-0.558012622713955, -0.1043246929168477, 0.20197074937682202, -0.013610834918098773, 0.011893771029357361, 0.011530744631184687]]	[[0.07279747967177735, -0.5708149167678122, 0.22812386729513676, 1.209050049597329, -2.8995892591984904, -5.685595485986665e-05]]
[[-0.5703280439951862, -0.19406045696113336, 0.17710685277365026, -0.012843411370747305, 0.012578064605959019, 0.012209745850587915]]	[[0.07280200839827335, -0.570825563279956, 0.22813029391676298, -1.2090285108157823, 2.89958686681831, -7.632134044884894e-05]]
[[-0.49823502073791737, -0.2157236430758241, 0.14870660332513658, -0.010572375630549528, 0.011972920653887012, 0.011956706874018017]]	[[0.07281903533653697, -0.5708164798657783, 0.22810456679965085, -1.2090676643757838, 2.899583291707645, -7.589250270556393e-05]]
[[-0.47215699283044205, -0.20029376853053601, 0.10187470052928979, -0.0078048065619791395, 0.011794892554528013, 0.012183987127996345]]	[[0.07281942499082271, -0.5708276339613514, 0.22810863474206655, 1.2090747705712472, -2.8996003352321105, 0.0001674121813725787]]
[[-0.46805452817075854, -0.2373049028464938, 0.06762985385359054, -0.007365687935726907, 0.01186844052458813, 0.0123229217158832]]	[[0.07279408112509898, -0.5708144750585927, 0.22804924754530975, -1.2089891885467765, 2.8996402681105806, -1.8328947070869778e-05]]
[[-0.5083693118206287, -0.24139950727590942, 0.04552832152903664, -0.006361593832539382, 0.012414642383083239, 0.01282774297411115]]	[[0.07280777909876618, -0.5708154751252617, 0.22806569573371932, 1.2089885411378944, -2.8996366014151698, 0.00016583539308935938]]
[[-0.48271790787368557, -0.25528433248654975, 0.011943071213500921, -0.005780299977049952, 0.011738130953609274, 0.013129985180718068]]	[[0.07280843944138324, -0.5708138833960335, 0.2280324504295218, -1.2090085393059922, 2.8996341492160367, -0.00010975873457972665]]
[[-0.4679041724112063, -0.24974606517145376, -0.02659230712875004, -0.004789485467626711, 0.01146980273723183, 0.012775681627728172]]	[[0.07280889472489775, -0.5708083258573211, 0.22800187162923996, -1.2090328260416978, 2.8995971615282947, -7.199074839896939e-05]]
[[-0.47664484733088963, -0.24469303018290933, -0.03129886335130955, -0.004145390945158811, 0.011690884240742251, 0.012648354400929438]]	[[0.07280930039462392, -0.570802594407536, 0.2279708352318465, -1.2090588272433145, 2.8995603600741435, -7.493028210471936e-05]]
[[-0.44562065633077835, -0.27555490559680024, -0.039295759998534546, -0.0043935219546152185, 0.011031278551080837, 0.012913040406766198]]	[[0.07280179007472405, -0.5708158480837394, 0.22798383746959444, -1.209024724126344, 2.8996283592162126, -0.00016404659755886184]]
[[-0.48386671846022145, -0.25134835466361743, -0.051021968306611466, -0.0042463782382209225, 0.011016846162061559, 0.01257496690303836]]	[[0.07283139258892862, -0.5708112371405358, 0.22793629953687616, -1.209189123840726, 2.8995325120628457, -0.00010999995370439126]]
[[-0.5277767585651276, -0.22960744946982975, -0.06072000997687234, -0.005145253520783793, 0.011163888668079363, 0.012590874586698938]]	[[0.07280008400630046, -0.5708078977535813, 0.22791821060405834, -1.209054627907261, 2.899600958741963, -9.029349138963101e-05]]
[[-0.5321604063072305, -0.18678221331227818, -0.06438935208933101, -0.005573040315428104, 0.010468227938943229, 0.012222932146891838]]	[[0.07281369045180847, -0.5708020133628426, 0.227897184008507, -1.2091360934655597, 2.8995531212994052, -5.3398284703279784e-05]]
[[-0.553145792380571, -0.14870814811411906, -0.0723030973477963, -0.0059025064036393165, 0.010071530766954146, 0.012598385120934454]]	[[0.07278975300552191, -0.5707959050936238, 0.22787689041786266, -1.2089798721617513, 2.8996181339738345, -5.3965955972309596e-05]]
[[-0.49582704283545875, -0.08116667175792053, -0.09771497293049769, -0.004896368210849378, 0.008631664542944648, 0.011851748191921908]]	[[0.07280220538100404, -0.5708033188804832, 0.22785530261926934, -1.209057528384922, 2.8995614931673908, -0.00012858078590332722]]
[[-0.4610603811488532, -0.05820627015030652, -0.08681491266236087, -0.004662763468254276, 0.008147351496401353, 0.011384046154064279]]	[[0.07279745055534421, -0.5707973927638734, 0.22783901656134253, -1.209014451825051, 2.899603938138478, -7.241007046660836e-05]]
[[-0.4394301421514943, -0.05395108258976747, -0.07680525631969957, -0.004801157558168464, 0.00856139802052829, 0.0110713191464202]]	[[0.07280223202889011, -0.5708005288559367, 0.22778642573910846, 1.209077007791604, -2.89960420615746, 3.209432449330181e-05]]
[[-0.45864232341951405, -0.08640294192716139, -0.06192743066708331, -0.0065096981652558806, 0.00942175261477394, 0.0103930331473108]]	[[0.07277133749731524, -0.5707949095530009, 0.22775829435788036, 1.2090241796683174, -2.899627243386234, -5.047126033121724e-06]]
[[-0.44849075608941114, -0.05872336853759366, -0.07022364461340842, -0.00754257166431376, 0.009482528544448, 0.010576307667902195]]	[[0.07281898914879872, -0.5707970898815637, 0.22770705639825495, -1.2090654834965662, 2.8995790477923253, 5.940732604434107e-05]]
[[-0.4646208596477429, -0.05077713408489948, -0.05121419684053377, -0.00858236866763678, 0.01049126349488078, 0.0108385759787622]]	[[0.07278358118905447, -0.57079843316491, 0.22770162517439524, -1.2089959727244248, 2.899608815820903, 2.234690487904579e-05]]
[[-0.46330918404495747, -0.010664419319003415, -0.04101112849962179, -0.0086333930097944, 0.011026195285363295, 0.011141548664050661]]	[[0.07278746350865636, -0.5707897652862413, 0.2276596710502891, -1.2090125748728797, 2.899599967656806, 9.757071484959532e-05]]
[[-0.43287835390845086, 0.0328257934432061, -0.034943465264399495, -0.008721750083573522, 0.010594003218890482, 0.010766644821999566]]	[[0.07279914414034246, -0.5707820747836435, 0.2276430973826618, -1.2090132748296347, 2.89959959310567, 9.644359163476132e-05]]
[[-0.40156917050821755, 0.0719275577721189, -0.05286149364944826, -0.008518085676488206, 0.010040108271361457, 0.011189001215231474]]	[[0.07277660403572561, -0.5707742287650622, 0.2275877921091641, 1.2090212398919133, -2.8996203171083184, -0.00017621429828329238]]
[[-0.3578617732284206, 0.08532131642009527, -0.037772937374431804, -0.008510147664565012, 0.009770420999997323, 0.01113478722418549]]	[[0.07280420861937448, -0.5707935704545779, 0.22760725165404244, 1.2090330563267164, -2.899598406128253, -2.5180709130735956e-05]]
[[-0.37068905422314513, 0.06629597302236637, -0.025929381431142432, -0.008673532440674621, 0.010709877308690581, 0.011380985179941005]]	[[0.07278125405868771, -0.5707832273496346, 0.22756722126751983, 1.2090596855687337, -2.8996155525839753, -9.847966094697742e-05]]
[[-0.37266796658694784, 0.07980002902057631, -0.021433166301091964, -0.008450446296529359, 0.01051643398458787, 0.01071678943239429]]	[[0.07278161942142476, -0.5707740583944718, 0.22752515223103037, -1.2089943878751581, 2.8996051050449787, 0.0001730495325456962]]
[[-0.3929051569970913, 0.06421319076545748, -0.020294041610070045, -0.00937598476939549, 0.01004591951275046, 0.010434812674313418]]	[[0.07280973179755522, -0.5707789398498351, 0.22751002964475603, -1.2091092028746393, 2.899584707160116, 9.774814418868672e-05]]
[[-0.41566008141220046, 0.04723219298192363, -0.0005542644575611477, -0.00997780115644791, 0.009709012503765128, 0.010235813781811993]]	[[0.07278311315310884, -0.5707814253592324, 0.22748577155481323, -1.2089989704387212, 2.899616347111341, 0.00015476174598430276]]
[[-0.415684924033207, 0.04105665429934752, 0.014960971832052916, -0.009740860600035556, 0.008398816170894954, 0.010476988909843457]]	[[0.07280793938044793, -0.5707761076533662, 0.22746700597995767, -1.209016017018971, 2.899558233628226, 9.646859279356997e-05]]
[[-0.44000144304875677, 0.03598246259703203, 0.02344719294371259, -0.009102852545112367, 0.007755791353907996, 0.010835712319650297]]	[[0.07280316824218573, -0.5707838484743427, 0.22744251675148086, -1.2090434258826124, 2.8996238298225747, 0.0001373765781894633]]
[[-0.46357413633927136, 0.020444043922829364, 0.045848661325649014, -0.008426037868147671, 0.006985805236098665, 0.010840476045552612]]	[[0.0728000737262273, -0.5707810383300942, 0.22740687495204007, -1.2090603184632192, 2.8995654066733336, 0.00011503434903370512]]
[[-0.5075997597430285, -0.020944959640284616, 0.061817869784343775, -0.008660992608877555, 0.007611123505947172, 0.010907043297890521]]	[[0.07280404513786991, -0.5707827893440149, 0.2273937261915051, -1.2090385346414785, 2.8996123344352283, 0.00015367818423088212]]
[[-0.5188054650930922, -0.027570351547268834, 0.05417378028882114, -0.007823479656138539, 0.0067962655027431085, 0.010776778171434458]]	[[0.07278906429189863, -0.5707781730357152, 0.22736836451735493, -1.2090679072935757, 2.8995873911308254, 0.00013638906527980665]]
[[-0.5650668143310664, -0.0699599371359059, 0.060476388856125995, -0.007961288912235595, 0.007207968842622106, 0.011084806922827865]]	[[0.07278457545252134, -0.5707695371131791, 0.22734006685806774, -1.2090721956394201, 2.8995974868363246, 0.0001747154594776614]]
[[-0.5674202797468267, -0.0412748127710057, 0.04010170902969236, -0.006685901967579879, 0.007284832353969129, 0.011322243362866068]]	[[0.07279359717508169, -0.5707806428467336, 0.22729160793767023, 1.209039416851188, -2.8996146014109994, -0.00019223401001888647]]
[[-0.5641780110086378, -0.04861827612906028, 0.03249197213139673, -0.007324384265667912, 0.00702180046210244, 0.011099310066716243]]	[[0.07279002784234576, -0.5707711008645121, 0.22727110678100967, 1.2090226842416567, -2.899622977118499, -0.0002488414063462547]]
[[-0.5942465050551504, -0.023394039451750726, 0.03486478466840729, -0.007732495126705935, 0.007123604034775445, 0.010462908341086579]]	[[0.07279038188356071, -0.5707749112291981, 0.22725318673042505, -1.2090577495707244, 2.899563566673401, 0.00020828783237210262]]
[[-0.5847208067788954, 0.030504920154321657, 0.03730844261039751, -0.007570254948963944, 0.00680982563891835, 0.009891916389720186]]	[[0.07278878478525488, -0.5707676767519585, 0.22722460447926124, 1.209039599399897, -2.899614918300908, -0.000191933249869768]]
[[-0.6266907724180137, 0.025198654524642927, 0.041492874166767175, -0.008349711063250227, 0.008383000684606914, 0.010837101938717031]]	[[0.07281047442282805, -0.5707720332281507, 0.22721739022728973, 1.2090866305695198, -2.8995818816475087, -0.00019211115962005168]]
[[-0.6429604530688782, -0.015782719953349122, 0.06863621466319769, -0.00925210079150116, 0.00932151732090963, 0.011195015539379616]]	[[0.07280313440012529, -0.5707679300410748, 0.22716320390087114, 1.2090744621815304, -2.8996015194763385, -0.0002292551960057391]]
[[-0.6249871209747193, 0.019897847896603316, 0.0728044794087336, -0.008278773132684611, 0.008932077938387356, 0.010364143208635174]]	[[0.07279818297259376, -0.5707859539479814, 0.22717597863991087, -1.2090213299121921, 2.899620499398473, 5.873396327211955e-05]]
[[-0.601160406762099, 0.013276474712235309, 0.0742038277948602, -0.008992536915019746, 0.008726621426752795, 0.01077909497164033]]	[[0.07277443004433846, -0.5707736834990301, 0.22711902146513216, -1.2090106743143467, 2.899595019931099, 0.0002255325416101161]]
[[-0.5854527661846811, 0.050358891973725506, 0.08032761811770509, -0.009125304056298958, 0.008758698348135143, 0.010852374195212533]]	[[0.07279262294849193, -0.5707779112733551, 0.22708525837220372, 1.2090569719619748, -2.899608723203241, -0.00020827530014451025]]
[[-0.5717632125135699, 0.05474813133701151, 0.08156096594202937, -0.010161731642118622, 0.00873244151749796, 0.011407393652531048]]	[[0.07278828748396822, -0.5707759640073775, 0.2270668216011101, -1.2089972808401255, 2.8996137053494064, 0.000206213243123055]]
[[-0.5458201649952151, 0.10571186239638636, 0.08249305506626865, -0.00960817639813616, 0.00814761943896873, 0.010662342661679713]]	[[0.0727914823731312, -0.5707679760159606, 0.22705500330724088, -1.209054906319072, 2.8996037187384047, 0.00015199566142951883]]
[[-0.5283575786236929, 0.0867651297884286, 0.10885586302376801, -0.010389802574465437, 0.008800757553746293, 0.010997528919588181]]	[[0.07279622881873388, -0.5707704623187673, 0.22701878961409833, -1.2090239720938916, 2.8995785891255363, 0.00011109543866436441]]
[[-0.508715203995598, 0.06497621154095745, 0.12391303429149647, -0.01121026245117784, 0.00944028325405869, 0.011593394219277386]]	[[0.0727990633035034, -0.5707814843174784, 0.22697808121858326, -1.2090280595926837, 2.899588796717272, 0.00014876670092316667]]
[[-0.4952569678804156, 0.03432388627789665, 0.13201975038653702, -0.012385327558338828, 0.009631586766183824, 0.01110902828709083]]	[[0.07277864494319013, -0.5707814597153897, 0.22695144951617324, -1.2090396601677562, 2.8995700401487188, 0.00018659252446905374]]
[[-0.5515080772263103, 0.005705036386783435, 0.14134604670679793, -0.013574809937425636, 0.011638271857620692, 0.011478069397557005]]	[[0.07279446043796971, -0.5707792372413093, 0.22693154246719532, -1.2090595119146668, 2.899615401693217, 9.45707081422243e-05]]
[[-0.5535499529550252, 0.015761809803843285, 0.13469600616901387, -0.014071736231723352, 0.01240274413763306, 0.011719207669904076]]	[[0.07277812682206397, -0.5707744416402554, 0.22690683572655015, -1.2089202237101317, 2.8996724798184377, 0.00013246225933121543]]
[[-0.5361202528621523, 0.04221489332717626, 0.14068723703396413, -0.014006705876269685, 0.012190153491651172, 0.01103909707009036]]	[[0.0727915055388762, -0.5707611629875036, 0.226877265906609, -1.2090794528402875, 2.8995659150029636, 0.0001866339341189916]]
[[-0.5209191698459975, 0.09504697373181495, 0.15015568346290664, -0.013315052736542788, 0.011742889424475156, 0.01132617542520242]]	[[0.07279691373721996, -0.5707824292862486, 0.22684866654625496, -1.2090887193428392, 2.899588645931464, 0.00014997940929419983]]
[[-0.49563841257685776, 0.1365055986505577, 0.15567455988301618, -0.012909887975220987, 0.011391034728861353, 0.011047843139032893]]	[[0.07279266185675132, -0.5707743749036439, 0.22681977802105793, -1.2090243253644777, 2.899628624810882, 0.00013262704862043042]]
[[-0.49741639903794255, 0.15960777033681983, 0.12480921478000347, -0.012179568704581437, 0.010848836793707592, 0.011699141001718037]]	[[0.07278892974170431, -0.5707842497755895, 0.226776401063919, -1.2090232660640092, 2.8996284511686747, 0.00015161378523244128]]
[[-0.5209786400629122, 0.16420013965269661, 0.11913203838667777, -0.011420527602267489, 0.01084532090902506, 0.011284363196067088]]	[[0.07278907451507947, -0.5707845448433992, 0.2267748846882494, -1.2090067430354592, 2.8996374250009413, 5.784847283764351e-05]]
[[-0.5546666205077665, 0.18410885334276056, 0.11309843725349515, -0.009986989969342334, 0.010936819036987943, 0.010858966109593568]]	[[0.072784975311338, -0.5707892226612, 0.22674812648315923, -1.2090196138640281, 2.899619887905518, 1.8571162648094895e-05]]
[[-0.592213283716717, 0.11850992797189008, 0.11242614410165448, -0.01006473083022974, 0.011454889064617427, 0.010881676778583484]]	[[0.07281293029758545, -0.5707836356853807, 0.22670703620810673, -1.2091357858804197, 2.8995562046158265, 0.00011273098524655382]]
[[-0.5785422159749913, 0.0739714847711277, 0.11113405497241138, -0.009394403162145439, 0.010527066014673252, 0.011224197818495948]]	[[0.072787816780202, -0.5707968825894925, 0.22667117524913422, -1.2089841049600987, 2.8996325908438627, 9.631600568406928e-05]]
[[-0.6310084050643097, -0.0064228919014134855, 0.11507070312068023, -0.009514913580576673, 0.011275736431421494, 0.011515762441824937]]	[[0.072789437061912, -0.5707944227512461, 0.22665303794014224, -1.2089921339502865, 2.8996033419702916, 9.431534458736859e-05]]
[[-0.5767883340394269, -0.03788558941564707, 0.09943413381411885, -0.008009922024597771, 0.010494853517772485, 0.011695577522186876]]	[[0.07279136483619462, -0.570799551624373, 0.22663533471503766, -1.209009626805708, 2.899596816860783, 5.659989022408358e-05]]
[[-0.5525142117309352, -0.09286409223852615, 0.08344617143085191, -0.007107955984146689, 0.0099231922842542, 0.011877054256807691]]	[[0.0728041659576978, -0.570794896656735, 0.22659974431355273, -1.209027202594414, 2.8995884461648784, 9.458339368430979e-05]]
[[-0.5094630786507178, -0.11626068923193639, 0.05867062275548832, -0.005682052356061162, 0.009163304462157282, 0.011517999726268014]]	[[0.07282499395904403, -0.5707968224604144, 0.22656602593238273, -1.209118462557693, 2.8995622889440704, 0.00013347200693136156]]
[[-0.4843161026121402, -0.17657387551193757, 0.044249037120067745, -0.005449540552781976, 0.009384531314444246, 0.011543718442303542]]	[[0.0727989682077581, -0.5708075302030144, 0.22656520585075762, -1.2090362897255489, 2.899612413621844, 2.619293231870906e-06]]
[[-0.44210448430279825, -0.16801421312430564, 0.039132267125328274, -0.0041216049674490185, 0.00893134669862982, 0.011561058126619467]]	[[0.0727984822908476, -0.5707960652982564, 0.22653544244635565, -1.2090047039433558, 2.899585381480034, 5.829040958109279e-05]]
[[-0.3968540034152461, -0.19652127011379855, 0.02896460953656883, -0.004159451414611582, 0.008146431770187403, 0.011543298647488607]]	[[0.07281497798943132, -0.5707924045714243, 0.22649273535854691, -1.2091396151047273, 2.8995663393945144, 0.0001176049241688852]]
[[-0.41534696844525887, -0.16102769266402203, 0.02881619461684657, -0.003461977487869958, 0.008566733581847525, 0.011140320583420734]]	[[0.07280717901724859, -0.5708063409894777, 0.22646291999101087, -1.2090828172464245, 2.899576629414078, 0.00013400696660232324]]
[[-0.4168128111776953, -0.14388972044788198, 0.045233491000390584, -0.0032391537657451546, 0.008892393169770668, 0.010925631326595655]]	[[0.07281403182871798, -0.5707898468995123, 0.2264652319249191, -1.2090877029589933, 2.8995878371210737, 0.00011750413345705085]]
[[-0.39098409313177307, -0.12352263167485122, 0.04634775720531794, -0.003818582245897377, 0.008406850726419706, 0.010994532094468655]]	[[0.07280396816373148, -0.5707943839236875, 0.22641591509381404, -1.2090428155765758, 2.8995779979167433, 0.00022806925187598138]]
[[-0.4347452999930317, -0.06832315929334931, 0.04957976694903008, -0.004089969533750972, 0.008573682151383988, 0.011687625107206825]]	[[0.07279322364265081, -0.5708024505317677, 0.22640494605978823, 1.2090682386506306, -2.899592018935775, -0.00011741895400615072]]
[[-0.46784404143242575, -0.022019020359831526, 0.06788000611236301, -0.005002186391380763, 0.008808154879969554, 0.011727390790663362]]	[[0.07280382419067362, -0.5708007089130595, 0.22636640413509979, -1.209086867360137, 2.899586490267513, 0.00017194174872986473]]
[[-0.5226712564969378, -0.031371816992206036, 0.08215558486687814, -0.00632021750023923, 0.009929160346093823, 0.012306667089795257]]	[[0.0727872859899153, -0.5707987691686737, 0.22634523470222934, -1.2090392718102951, 2.899618235694486, 0.00021204900088296844]]
[[-0.524078439238512, -0.02953276804954033, 0.09264441164909787, -0.007638177966111115, 0.010266193154575668, 0.012917966426291713]]	[[0.07278249923037185, -0.5707983055743036, 0.22630543342393944, -1.2089940623276547, 2.899609392806318, 0.0002853712574247481]]
[[-0.5274883378975872, 0.0565231554450239, 0.09910431939857417, -0.006784838981002531, 0.010414777402231906, 0.012532407829116356]]	[[0.07279294506122089, -0.5707914794397165, 0.22628188617769207, -1.209051031239334, 2.899597985775698, 0.00030470404694676846]]
[[-0.4972229773224926, 0.1129471504057118, 0.07851452761406134, -0.006753541872725792, 0.009607398088479099, 0.012613528691082216]]	[[0.07279655085182238, -0.5707914906951383, 0.22627137913902545, 1.2090013942811164, -2.8996227170271465, -0.00021180113263201292]]
[[-0.5009167222562283, 0.12106083475707868, 0.08683020543066682, -0.007358587955661901, 0.00996128010650144, 0.012492247726195805]]	[[0.07278791494874126, -0.5707937117510133, 0.2262207007555685, -1.2089760856865905, 2.899615186903089, 0.0003412148110548695]]
[[-0.5135115764429113, 0.15943025474732692, 0.09079249078650233, -0.006662316912642999, 0.010384943843979252, 0.012490561877995495]]	[[0.07279830018937028, -0.5708057321628757, 0.2262279041629741, -1.209085405840568, 2.8995855834475637, 0.00020821419640834566]]
[[-0.4960359801448537, 0.18860005246337672, 0.10696037599907544, -0.0058334324731593515, 0.010417647603480898, 0.011342155583509704]]	[[0.07279078241225277, -0.57079800454586, 0.2261793781308225, -1.2090237040068093, 2.8995818419899098, 0.0003576103597830294]]
[[-0.4872171279052889, 0.20756809748030222, 0.10110497308440267, -0.004931163311255202, 0.011083291229998874, 0.011456585405762148]]	[[0.07279223314998055, -0.570808549333613, 0.2261739756811964, -1.2090160739326627, 2.8996141844295034, 0.00020988528992198978]]
[[-0.437889788468523, 0.16294112963072263, 0.09946361493155911, -0.005950810270446305, 0.01061195714453962, 0.012059092059329802]]	[[0.07276239737714829, -0.5707982254398211, 0.22614035628314874, -1.2089552290550991, 2.8996122253691823, 0.00026589281647038083]]
[[-0.4527976958814866, 0.1939626209129506, 0.07951795598116396, -0.00522714907121883, 0.010758125659849708, 0.011754961410389352]]	[[0.07277965866331006, -0.5707940104352676, 0.22610619547089336, -1.2090494679584527, 2.899596882346658, 0.00034218207633957996]]
[[-0.4765626223536699, 0.17365818120965806, 0.06590307460060969, -0.006018542303041004, 0.011972812220254741, 0.011792319714213026]]	[[0.07280767190096454, -0.5707884986786999, 0.2260881265795525, -1.2091319347833116, 2.8995495278633014, 0.0003398687241413532]]
[[-0.5168182342906269, 0.14573695280836313, 0.08514688632105137, -0.007084145634850078, 0.012532974827552425, 0.011898308683820304]]	[[0.07280480831935685, -0.5707965820421621, 0.22605173726871353, -1.2091273804591236, 2.899537119290205, 0.00039444542311596235]]
[[-0.5209489712594794, 0.1357014849846764, 0.07828133397429875, -0.008092920631346166, 0.011943971826866774, 0.011853308826205255]]	[[0.07278799878476928, -0.5707972299345682, 0.226047517895239, -1.208963540373408, 2.8996324668224696, 0.0003405782614360686]]
[[-0.5410165555129286, 0.1639400524495123, 0.0640013021310322, -0.00804694037122603, 0.011090138759990991, 0.012263684259446163]]	[[0.07279837144526967, -0.5708059510552064, 0.2259974285402546, -1.209083281817652, 2.8995814755443545, 0.000377809801938826]]
[[-0.5700500116807727, 0.16671776369661825, 0.06879217206189583, -0.00800128440667838, 0.01102190300195666, 0.012922635261205]]	[[0.07279573636132824, -0.5708022504589972, 0.2259915071376614, -1.2090542014636192, 2.8996069208151534, 0.0003581261279762432]]
[[-0.5835905943646245, 0.15857689644543563, 0.06570256239515151, -0.007645095114492803, 0.01100581412452968, 0.012611702970001892]]	[[0.07281251563621526, -0.5707946986363032, 0.22595463839636348, -1.2090352168464003, 2.8995617379331784, 0.00041204626967885103]]
[[-0.6181376690348444, 0.15886980874057519, 0.06348998691264947, -0.007060543727715279, 0.011157343858900888, 0.012559737867585016]]	[[0.07278144636297189, -0.5708055336887559, 0.2259525385077873, -1.2090238976607723, 2.8996316629496155, 0.00035930217852974815]]
[[-0.6143796470218156, 0.14863563715931088, 0.05891300271623694, -0.006890291016394451, 0.01072018561990271, 0.012813965813144824]]	[[0.07279165855833408, -0.5708104217778922, 0.22592943890383566, -1.2090185335432964, 2.8996210844681065, 0.00037663980085247777]]
[[-0.5924672531317979, 0.1248757035113984, 0.06514073325672844, -0.007194572273595603, 0.009882709175948032, 0.013015856930250098]]	[[0.07282449920318304, -0.5708110130939289, 0.22590335515143434, -1.20910942546602, 2.8995456023096833, 0.00031870880821713505]]
[[-0.5706452987419685, 0.10309894632503949, 0.05631165409846076, -0.007708708685188037, 0.008479899190132175, 0.012788609328422807]]	[[0.07280749565051915, -0.5708070232534769, 0.22588660976340627, -1.2090967518596352, 2.8995636847845536, 0.0003191392487332235]]
[[-0.6155705357047785, 0.0606071716975734, 0.061110982132037986, -0.008251527988421815, 0.008593071425556376, 0.013584022896814787]]	[[0.07278881567338764, -0.5708060679262947, 0.22585643823992652, 1.2089716398869954, -2.899652659387119, -0.00030153963031320704]]
[[-0.6386163822842373, 0.06658421095282657, 0.07840341190559688, -0.00795194982083528, 0.008984021269105308, 0.01379853391707736]]	[[0.07280854217678587, -0.5708131852784261, 0.22583801751679672, -1.209101312931046, 2.899574880552791, 0.00030103679484487]]
[[-0.5754593608409073, 0.09282767769857295, 0.06391439568975411, -0.006866149762591218, 0.007482011143127597, 0.012638152784445316]]	[[0.07280589307991557, -0.5708128820572953, 0.22579691941538332, -1.209092826394248, 2.899603192455367, 0.0003392380131183651]]
[[-0.5866781680666666, 0.05366849899750259, 0.07772428216046313, -0.007574438175343086, 0.0076778664573358265, 0.012217174879349108]]	[[0.07279870629334645, -0.570810072675158, 0.2257999207454086, -1.209087718842914, 2.8995928430197435, 0.00031943004379933525]]
[[-0.5843151578385068, 0.016614400352572056, 0.08737924043752623, -0.008396532285805135, 0.007904342612327406, 0.012898523488520908]]	[[0.07279810730531101, -0.5708051397315418, 0.2257391856747028, -1.209012896454359, 2.899608276126986, 0.00043173726426854765]]
[[-0.5162247853633687, 0.011480770493023651, 0.0947848293680996, -0.008343284696892973, 0.007134040295023487, 0.012362546395818626]]	[[0.07279292284702378, -0.5708169731306197, 0.22574196511735803, 1.2091094088159717, -2.8995945091979536, -0.00024442945862377736]]
[[-0.5046707305432099, 0.015528065201128038, 0.10048622834678685, -0.008154640322481038, 0.007898142155741285, 0.01301305435695862]]	[[0.07281525552388128, -0.5708139796502327, 0.22570460553967686, -1.208956828389063, 2.899569864798282, 0.0002768064809099962]]
[[-0.4462850591678127, 0.0026466138227144997, 0.081946621434979, -0.008977810361517595, 0.007512875999887219, 0.012941655682876177]]	[[0.0727838749498098, -0.5708207790497024, 0.22568310400810399, -1.208974525465072, 2.899614117253369, 0.00029737810273326384]]
[[-0.4228862642608683, 0.022442312855853047, 0.04982947369098401, -0.008665161864069414, 0.008107585313150319, 0.01250150116501845]]	[[0.07278130220617902, -0.5708138529996103, 0.22565753378807646, -1.2089924850332108, 2.899606490665533, 0.0002963403267605229]]
[[-0.3823278638777914, 0.049287651668140614, 0.0415766232596297, -0.008132556782557556, 0.008901452595016285, 0.01226121253292754]]	[[0.07278658770473462, -0.5708260126602795, 0.22564012088277807, 1.208995962687538, -2.8996167870658356, -0.0002822629056625092]]
[[-0.37128105006180745, 0.11169458346804972, 0.03699178696234813, -0.007438201323618619, 0.009182851769191862, 0.012420600490032485]]	[[0.07280942079403602, -0.570822159890871, 0.22559899908188308, -1.209057676857456, 2.899617151547959, 0.0002607698613542564]]
[[-0.3571275845299283, 0.14967748712408435, 0.026179252384316922, -0.008289143296831426, 0.009028525243608773, 0.012337418238480148]]	[[0.0727960594387931, -0.5708219155400424, 0.22558094849632876, -1.2090183001188186, 2.8996220641730734, 0.0002582692505075985]]
[[-0.36582153983631993, 0.20363337080864238, 0.014924540371969802, -0.008940104023952756, 0.009099423977868145, 0.01280710918667561]]	[[0.07281258951182037, -0.5708271059545246, 0.2255710888318539, -1.2091238055291547, 2.899581337868825, 0.00011088297022780173]]
[[-0.39456505246018314, 0.22516231820275018, 0.018686530224983292, -0.00943030021189581, 0.009311384936870334, 0.013189629424392968]]	[[0.07277395139426446, -0.5708267889994192, 0.2255402332284576, 1.2089831080412519, -2.899633019195516, -0.00016632713390684942]]
[[-0.38792142568815874, 0.23273234706522752, 0.006169408021156147, -0.0096778224904597, 0.00885906302624783, 0.01327580948982382]]	[[0.0728137067815818, -0.5708267096345644, 0.22551557777545223, -1.2091014411309882, 2.899576661153099, 0.00014636577846346662]]
[[-0.4109957227254936, 0.2225184821990726, -0.014430385467151644, -0.008961001904108708, 0.009644414492097138, 0.01298224749546728]]	[[0.07280698242616837, -0.5708285370767379, 0.22547671236773756, -1.2090314807937521, 2.8996056193709396, 0.000147104865390711]]
[[-0.410428102045947, 0.1868563168596901, -0.004975335097348998, -0.008241878990107589, 0.010012101861260479, 0.012897189975611475]]	[[0.07280969943456811, -0.5708226827858585, 0.22546778941711565, 1.2090565929856565, -2.899614957192975, -0.00011091714631136393]]
[[-0.3962820959055628, 0.17169994751107792, -0.007418570447001134, -0.008043096272183126, 0.009382851625087292, 0.012979802699294697]]	[[0.07281787634924623, -0.5708411098450461, 0.2254676012423975, -1.2090898868566806, 2.89959798688321, -2.314453221481065e-05]]
[[-0.4305768702689111, 0.16821052093285865, -0.0014375262543407732, -0.0077522678405317355, 0.00926893406471516, 0.012804297938640326]]	[[0.07282055745859398, -0.5708258098734841, 0.2254088679159062, -1.2090327342051537, 2.899606840889329, 5.2948804638045356e-05]]
[[-0.4281695691450569, 0.1050114961167034, 0.012548372750217814, -0.008225872474880932, 0.009430426745323843, 0.012672684213070407]]	[[0.07280171079513965, -0.5708456449993289, 0.22541514013935476, -1.2090234681726504, 2.8995870756983244, -4.205900032619153e-05]]
[[-0.41344180921458035, 0.07842968060757105, 0.01999132570445037, -0.007695555226714818, 0.008759940596432718, 0.01189612688023914]]	[[0.07279467642444526, -0.5708369443073951, 0.22536934558831373, -1.209002505113785, 2.8996338330947435, -2.0832050951828443e-05]]
[[-0.4232050071370066, 0.048077946946629424, 0.0004002638752230504, -0.007312339047499958, 0.00877012744574456, 0.012575382909496325]]	[[0.07282347184109494, -0.5708335413128238, 0.22533836165069898, -1.2090674498783536, 2.8995932296773246, -9.69042178925731e-07]]
[[-0.41127631764997374, 0.010906630873971118, 0.008403666221466537, -0.006294918860912372, 0.00916930903572743, 0.01255471068838881]]	[[0.07280906934400262, -0.5708339027827803, 0.22532029309772664, -1.2090501279970467, 2.899600371831904, -1.8167481553192677e-06]]
[[-0.4554057662092783, -0.03953572628658575, 0.007040722985522462, -0.005464310902908449, 0.010864880027039484, 0.013061421398338121]]	[[0.07281390356922625, -0.5708303935646187, 0.22528466916913475, -1.20910618339331, 2.8995888545776993, 3.716346213634116e-05]]
[[-0.46212120173460636, -0.05886696119296442, 0.004892153143439604, -0.005034109890798267, 0.010559067805785777, 0.012525941340379439]]	[[0.07279422486546652, -0.5708357059005872, 0.22525598302365074, -1.2089672501248252, 2.8996470198525253, 2.040624275771816e-05]]
[[-0.49528241714634014, -0.10009330929808608, 0.011966782105719644, -0.0056222933627350985, 0.010937960583242874, 0.012982410639230408]]	[[0.07279775557711614, -0.570845162845679, 0.22524452502564118, -1.2089672887490284, 2.899647404725558, 1.4088356057499459e-06]]
[[-0.4893709949869186, -0.09494091512082323, 0.02792775875232601, -0.004615548474523103, 0.010800300503590066, 0.012201167450482032]]	[[0.0728108783942371, -0.5708420756564238, 0.22523416048270306, -1.2090712727583552, 2.8996048264184293, -3.62125439616082e-05]]
[[-0.5003254498844683, -0.10056309777412462, 0.044992491923391165, -0.0038678099695292623, 0.01086998956665744, 0.012646716936603766]]	[[0.07280492756955836, -0.5708350703871161, 0.22519352025042383, -1.2089705001979516, 2.8996066294842846, 1.8146937836322763e-05]]
[[-0.5143891528103286, -0.15391138624118225, 0.031838577822938655, -0.004585008658840099, 0.010700963328858292, 0.012529380738388033]]	[[0.07281731428364405, -0.5708428837739262, 0.22516490033960507, 1.2091078177031669, -2.89959350104681, -3.934896553202431e-05]]
[[-0.4880689425896909, -0.16819282117121093, 0.03497178458977543, -0.0039949712416383135, 0.009946479353740392, 0.012324808591747774]]	[[0.07282281240683422, -0.5708384284226571, 0.22515866088697983, 1.2091072822537012, -2.899592089146284, 3.6170922858542e-05]]
[[-0.5055014198452663, -0.19423462249934062, 0.03862941924302488, -0.003534333467145621, 0.010694447568187009, 0.012926395099835142]]	[[0.07282357406720504, -0.5708336916272707, 0.22515356005192116, -1.2090324276938407, 2.8996072445085743, -1.7673451988761348e-05]]
[[-0.5043670808573748, -0.20412033332870544, 0.03426472461214079, -0.0036615722387004983, 0.010179487775710944, 0.012667373561799696]]	[[0.07281481749951885, -0.5708293568033475, 0.22509154618650884, -1.2090835072480544, 2.8995839273471935, 5.75447860664411e-05]]
[[-0.5284750248470251, -0.21154416892168812, 0.03994765002216378, -0.004048960584314261, 0.010259407110221299, 0.012811592958286364]]	[[0.07283744189821251, -0.5708327140596784, 0.22507660269898655, -1.20911836512597, 2.8995685174059216, 9.441244575139144e-05]]
[[-0.5391490433417592, -0.2375793288532317, 0.06063703063994353, -0.005372102309074726, 0.010191932914856785, 0.012905314287309523]]	[[0.0728242331059488, -0.5708388260802358, 0.22506424351931528, -1.2090538501890586, 2.899610386266208, 4.258942574464778e-07]]
[[-0.5286252890110038, -0.20049949603010175, 0.07189422681083388, -0.005488225493091872, 0.01031763001963108, 0.013072406536204485]]	[[0.0728013333456632, -0.570828859792459, 0.22501061774463632, -1.2090424766174666, 2.899585189396206, 0.00016937887614208722]]
[[-0.5581203953128371, -0.19615125460234023, 0.09603491072422646, -0.006830793989924309, 0.01119630407391237, 0.013461210023681988]]	[[0.07281892861697528, -0.5708280714050255, 0.22499465456077067, -1.209108776743581, 2.899596131152943, 0.00013334789573557065]]
[[-0.5260657971825471, -0.1466506073737238, 0.11971663602757528, -0.007755689881539877, 0.010504717988433684, 0.013345811213068978]]	[[0.07281342586943629, -0.5708353014023462, 0.2249804775549058, -1.2089818633134306, 2.8995862051517998, 9.279841734234901e-05]]
[[-0.5388319944859847, -0.09995433752380328, 0.14171791880637755, -0.008590233706718166, 0.01139646242894142, 0.013595141292671902]]	[[0.07281529971269661, -0.5708340446408119, 0.22495428582476648, -1.2090524700406335, 2.8996074344184493, 0.00013206003483263746]]
[[-0.5301923196770614, -0.07310537715748597, 0.16555400664488584, -0.010360281598089657, 0.012004756219447943, 0.012763712664487809]]	[[0.07280273938657553, -0.5708257698245889, 0.22492685372170534, -1.2089640327494162, 2.8995920589395907, 0.00014930195038733804]]
[[-0.5670390482647628, -0.04318692074657016, 0.1646701879804935, -0.011884686423322086, 0.01297122626270782, 0.013087130438870024]]	[[0.07279130631379946, -0.570824406925233, 0.2248985387139562, -1.209012916698145, 2.899609864650102, 0.0001679139018155053]]
[[-0.5478828212110357, 0.009915034717731253, 0.16958646812377182, -0.011674891919145999, 0.01326778473107253, 0.013480435929801563]]	[[0.07280764584591935, -0.5708299900626189, 0.2248764385720194, -1.2090293764675746, 2.8996029179771092, 0.00016791033513411345]]
[[-0.5184636938401956, 0.0059563975934126545, 0.18085924376193543, -0.012279965775476041, 0.01346510747444145, 0.013151958103425725]]	[[0.07281414262546591, -0.5708308653534864, 0.2248612146479641, -1.209086918162897, 2.899592995224662, 0.00011313228412149537]]
[[-0.5055326967322398, 0.02597953889172172, 0.1880462669657589, -0.011751089477627553, 0.01321106198196963, 0.01293999415144668]]	[[0.07283499846196896, -0.5708226186441787, 0.22484633795535158, -1.209095149650898, 2.899564122833429, 9.073342550160753e-05]]
[[-0.5167033082209963, 0.009954014515212106, 0.18853723492680144, -0.01209602912696866, 0.013375087212053636, 0.012865504356318388]]	[[0.0727944339787242, -0.5708307104747236, 0.22480839262033842, 1.208990618218907, -2.8996071151702325, -0.00013453686926164534]]
[[-0.520811101211369, 0.03407009055785387, 0.19318235312973872, -0.011274263058371963, 0.013373155482550463, 0.013075587394284953]]	[[0.07281132623958493, -0.5708266936782581, 0.22478333408202628, -1.2091082945924987, 2.899595737942025, 0.00015088518451061408]]
[[-0.5003852675561808, 0.039699764180875674, 0.20966057149110923, -0.010797293999795178, 0.011967866318163224, 0.01288175578590256]]	[[0.07281779908228064, -0.570830468541264, 0.2247669442540534, -1.2090206316005243, 2.899580602525827, 0.00014810763903320715]]
[[-0.4778181751640398, 0.04768191951938716, 0.21230498737187792, -0.010335171705564628, 0.010447124430058359, 0.012042721175354019]]	[[0.07280581224230101, -0.5708284194399735, 0.22473008749697143, -1.2089820616234381, 2.89963393479159, 0.00020676925057160555]]
[[-0.532879654692352, 0.0005386060859235431, 0.23117906125289697, -0.01108884716313744, 0.010866046362574178, 0.012120400947925002]]	[[0.07280740122261391, -0.5708292637313873, 0.22469175859800497, -1.2090630538666756, 2.8995870931785297, 0.00020454396689912875]]
[[-0.61011111574793, -0.039764684492358815, 0.2353245340390479, -0.011340402679950092, 0.011839031944236437, 0.012389432272923032]]	[[0.07280833317400418, -0.5708350291636762, 0.2247123221274352, -1.20901706966027, 2.8996226730237087, 5.423400311562416e-05]]
[[-0.6149958663635788, -0.06843320886160542, 0.23233493881323836, -0.011929162431939325, 0.011283538773701418, 0.012302843795115707]]	[[0.0728131786697791, -0.5708452512469471, 0.22468492605539242, 1.2090724454914374, -2.8995589384984566, -5.7462301724849674e-05]]
[[-0.6704342752004926, -0.1162573964389525, 0.24008735821592836, -0.01260081661564298, 0.01171658417712065, 0.013298498965333331]]	[[0.07281703354915255, -0.5708351515239062, 0.22465984341447107, -1.2090813127615256, 2.8995805537658446, 0.00015026248265335496]]
[[-0.6392036996399042, -0.12008878223930225, 0.2135299004440073, -0.012188497242861914, 0.01096537337448319, 0.013018271548451917]]	[[0.07283730610821604, -0.5708321143840935, 0.2246344586629056, -1.2090988245312624, 2.8995739556967695, 0.00011282600058246618]]
[[-0.6397466259181583, -0.12434247217789013, 0.20090450244805105, -0.012215416380791797, 0.011013951345448447, 0.012701171186870865]]	[[0.07281283801839426, -0.57083349744296, 0.2246244299443869, -1.2089981983988232, 2.8995780328429595, 7.052736767386679e-05]]
[[-0.677110971809264, -0.09784488030796418, 0.19144682392367843, -0.012173591170652365, 0.01070216862825067, 0.01329302878436377]]	[[0.07280474551523922, -0.570832299535172, 0.22459583092300794, 1.2090686218220077, -2.899600585479844, -9.215671379159768e-05]]
[[-0.7020795167964139, -0.08311419007423515, 0.18046074720798022, -0.012194143642032137, 0.010233227771194425, 0.01362965823036786]]	[[0.07281259596702903, -0.5708299343783674, 0.22458608615274794, -1.2090562562512437, 2.899617717728543, 9.30033381820253e-05]]
[[-0.6787754844621602, -0.049234026863012814, 0.17551824541975153, -0.011413691576652719, 0.009534911971277486, 0.013221077779058805]]	[[0.07281914126305472, -0.5708440286978642, 0.2245729226522834, -1.2090521093352842, 2.8996082373060994, 1.5645719600920826e-05]]
[[-0.6795424718929581, -0.09360500208438005, 0.16612832990258508, -0.012544740747477927, 0.009509312586709118, 0.013637951222373455]]	[[0.07281773010968455, -0.5708300448548914, 0.22454771487374225, -1.209020877899148, 2.8995819444641877, 3.2109025930936963e-05]]
[[-0.67838284455483, -0.12105203141564264, 0.1486547347115711, -0.012620962787201723, 0.008847474642948928, 0.013485210425963536]]	[[0.07281231115322839, -0.5708290756390554, 0.22451967339779966, -1.209090969022495, 2.899603851559677, 3.56225095040811e-05]]
[[-0.6763698280595605, -0.11224975018236194, 0.13469657859841275, -0.011832261600263558, 0.009675968640005292, 0.0127581348272162]]	[[0.07280964482724944, -0.5708383599125679, 0.2245071944798625, -1.2090861395546022, 2.8995945325968093, -2.264638915453607e-05]]
[[-0.6373681825766776, -0.09247568396092559, 0.11729360956526151, -0.010733527508786663, 0.009719028822921597, 0.012212886500010614]]	[[0.072816063010845, -0.5708460089252566, 0.22448505419499315, 1.209064459183716, -2.899587393968951, 2.122399452130654e-05]]
[[-0.6154503903286301, -0.08129599504506041, 0.10890127540119852, -0.011099879108199456, 0.00933535154833227, 0.012145379747918026]]	[[0.07281582656835563, -0.5708316443782149, 0.22445961681582854, -1.209030118323711, 2.899604312702092, -5.221667922819412e-06]]
[[-0.6035640562883671, -0.0571553315756691, 0.10444664515113024, -0.011279276160076646, 0.008803738340814327, 0.012366458414144825]]	[[0.07279114839836397, -0.5708426148485265, 0.22445992726760358, -1.2089782818809907, 2.899628046739533, -9.907937617039261e-05]]
[[-0.6103789168323188, -0.058009517641949504, 0.09799517921810533, -0.011302225115187782, 0.009391567833100403, 0.012969000851876921]]	[[0.07280875769694785, -0.5708393123701133, 0.224427159305376, 1.2090557446449692, -2.8996172524181705, 4.206939593333468e-05]]
[[-0.5859645607520083, -0.07750395389683123, 0.08366188607300949, -0.01174757461210842, 0.010189589972887998, 0.012821698503474335]]	[[0.07283659274893646, -0.5708456364372612, 0.22440078330670268, -1.2091293471572688, 2.8995510564005977, -6.293924818242433e-05]]
[[-0.5257047006108969, -0.061780881104027296, 0.0900136828209887, -0.011403329875005166, 0.009856149207393968, 0.012899717645297152]]	[[0.0728277641532788, -0.5708376838207018, 0.22435769900356145, -1.2090732111372209, 2.8995604745572465, -2.65181368497627e-05]]
[[-0.5159690207499362, -0.10223631989508764, 0.09956983017558792, -0.013431333369923994, 0.010875180790527824, 0.013121814918633184]]	[[0.07280797716440394, -0.5708561998710795, 0.2243746842640495, 1.2090020317706496, -2.8996369063798624, 0.000174399186711323]]
[[-0.5233674236907078, -0.07089203354723089, 0.10791033507533909, -0.01345824052461702, 0.011900839590449894, 0.012971950412798916]]	[[0.0728110056144746, -0.570854115746982, 0.22434150900953004, -1.209008365950589, 2.899603732657974, -0.0001761824205982745]]
[[-0.4692461536757726, -0.03255794604307863, 0.10917861738744625, -0.01381005659769691, 0.011251708578938223, 0.01214442562757706]]	[[0.07281577921084165, -0.570857914757691, 0.22433683277213307, 1.2090539870245876, -2.8996137642600517, 0.00024889651462502995]]
[[-0.4851151008572737, -0.02518832986100175, 0.1190709003823688, -0.014410821903222067, 0.011699497718162656, 0.012237445680802404]]	[[0.07282524776656218, -0.5708599766529078, 0.22430051155457942, -1.2090715336629716, 2.8996055138251586, -0.0002871466977267605]]
[[-0.4757698188293711, 0.0115948434477956, 0.12745008433680965, -0.014180994966236746, 0.011807888493333541, 0.011919383196815082]]	[[0.07281238678020088, -0.5708611010892152, 0.22428455594853203, -1.209013493220176, 2.899616306574103, -0.00026896389873925077]]
[[-0.5501526049209304, -0.021683245809043405, 0.1538909550632051, -0.014584464608526707, 0.014006695063206448, 0.012697659896516757]]	[[0.07281321825180341, -0.5708545100294019, 0.22425872510145112, 1.209049167586252, -2.899602330160898, 0.00026791975738944736]]
[[-0.4767525133392755, -0.021485293540390332, 0.15022552795137945, -0.014472686855192492, 0.012105909126866703, 0.012255319825128378]]	[[0.07283121838235528, -0.5708601360137413, 0.2242671320801946, 1.2091046528848493, -2.899589587904379, 0.00040069702025073055]]
[[-0.4623475108239099, -0.0517339586466537, 0.15920421557120523, -0.014807057270413117, 0.011736567654782136, 0.012003032480647472]]	[[0.07280763556072188, -0.5708639388604636, 0.22422168005519058, -1.2089577388006894, 2.899628849635843, -0.0003834854237659915]]
[[-0.49636437296920277, -0.07362012577808899, 0.15968591078669042, -0.014054302951024857, 0.01217128611464955, 0.012764917047874524]]	[[0.07282594352338939, -0.5708582795460976, 0.22420051909671715, -1.209049553009012, 2.8996037380651494, -0.00040036885577707774]]
[[-0.5154652116737457, -0.09200997900394181, 0.1524963987867479, -0.013277678144146512, 0.011372108032437496, 0.012693865760678994]]	[[0.07280480656597439, -0.5708767713617914, 0.22420227927093783, 1.2090202590224541, -2.899584116589009, 0.0004747015773199776]]
[[-0.5246517758134903, -0.12133853806265638, 0.1494366827869487, -0.012921597564615608, 0.010292884185906438, 0.012306217287099352]]	[[0.07285169114422173, -0.570866459602289, 0.22415774202112793, -1.2091320341988794, 2.899558727966414, -0.0005128241941550503]]
[[-0.5618942619888296, -0.1493623831186864, 0.16021746831553743, -0.012392324292509218, 0.010603975636159911, 0.012885881913574471]]	[[0.07284334251573617, -0.5708665400190895, 0.22414700056688164, -1.2091030460377452, 2.8995844968059847, -0.0005499182976177968]]
[[-0.5841808843030232, -0.18740999558809915, 0.16066085877451142, -0.011769063572734259, 0.010937349154116512, 0.01292323327179763]]	[[0.07283685491879605, -0.5708819626528299, 0.2241249734837425, 1.2090938681883494, -2.899564637587664, 0.0005674260644965778]]
[[-0.5854677455737556, -0.23188508939946048, 0.1598047835485881, -0.011038250638031273, 0.010789309107845335, 0.013298370458583642]]	[[0.07282828832266439, -0.5708746739417468, 0.22410578521413638, 1.2090292602612693, -2.8996042177016963, 0.0005860251242834238]]
[[-0.5057998090457855, -0.24301627077671625, 0.1408805219216042, -0.00939468835274019, 0.00927418265092134, 0.012451485629840423]]	[[0.07281577851116315, -0.5708698298277426, 0.22405946354046002, -1.2090148013186395, 2.899620387645763, -0.0005292606335972037]]
[[-0.5421452594703855, -0.29237372982989956, 0.14394328582611288, -0.008508361474313383, 0.01019805617230211, 0.012028754011952372]]	[[0.07283599961594595, -0.5708692639496388, 0.22406003161185034, -1.2091243800089397, 2.899589241690675, -0.0006023787602046003]]
[[-0.5509972735390759, -0.30085563260202675, 0.12873330612700837, -0.008093421619397566, 0.010243169656103317, 0.011434916625610084]]	[[0.07282538100412438, -0.5708702521801188, 0.22404344272147844, 1.209076783571027, -2.899572295497853, 0.0005646422345460496]]
[[-0.5459674909158994, -0.3178468573147847, 0.11266262904411581, -0.008619701019604832, 0.00974951892723694, 0.011054762397885274]]	[[0.07283469158601072, -0.5708712722592637, 0.22401631932154914, -1.2090366666210006, 2.8995739757332126, -0.0006055272768776742]]
[[-0.552910250531569, -0.3401389103754094, 0.10293141775793582, -0.008710769929492096, 0.010519855942900709, 0.011453518510286382]]	[[0.07281651628125213, -0.5708751396150563, 0.2239933629314711, -1.2090540061393698, 2.8996174158589487, -0.0005642153803514662]]
[[-0.5136074693267535, -0.372394487553539, 0.0989316091034345, -0.008692170604101858, 0.010255876218441132, 0.011414689004988664]]	[[0.07281868473831044, -0.5708741028017607, 0.22398430249985316, -1.2090452318498892, 2.8995964732899147, -0.0006227299198484922]]
[[-0.48736338802434276, -0.3787199180082068, 0.08407812720977531, -0.007769137540098746, 0.01013747366277712, 0.010691734681868204]]	[[0.07283688539016824, -0.570868234441401, 0.22394040533595005, -1.2091016398671053, 2.899583913756368, -0.0005451993731619492]]
[[-0.47500592111279705, -0.3717827055568423, 0.07213290321423715, -0.006626931937228406, 0.010319561112114418, 0.011463098649535541]]	[[0.07282342704888348, -0.5708710675508497, 0.22393213578662297, -1.2090842372439536, 2.899592789234664, -0.0006199705679788961]]
[[-0.4587390526537757, -0.3843868794803113, 0.05971177200995354, -0.006931776652411749, 0.010975390529530248, 0.011639167617858527]]	[[0.0728191624918209, -0.5708630885967027, 0.22389854743402515, -1.2090016237039163, 2.899637849947281, -0.0005253134723679297]]
[[-0.4611220592499271, -0.35913167147625186, 0.062110803988484176, -0.007015808733405392, 0.010978397494797319, 0.011969126991176252]]	[[0.07282954405289879, -0.5708710052912567, 0.22386988134303276, -1.2091234439210659, 2.899587800944322, -0.000563779941250289]]
[[-0.4906105370362855, -0.3414137500808361, 0.07826348750316389, -0.007941775079496687, 0.012023149935094454, 0.011601509941375793]]	[[0.0728241704020569, -0.5708600001087406, 0.2238466613495474, 1.209070022040105, -2.8996034500673904, 0.0005240484366592144]]
[[-0.4737012342572751, -0.33662646907988986, 0.09172141002249877, -0.009489102798563989, 0.012058462308283134, 0.011523524741782473]]	[[0.07282889771869955, -0.5708659163385715, 0.22381689022113874, -1.2090835197693095, 2.8995895553655044, -0.00048805593972798796]]
[[-0.4754851046436343, -0.3191699900729664, 0.087792724159935, -0.010145846058304556, 0.012815506524550142, 0.0108850643409496]]	[[0.07278776119136623, -0.5708622821723254, 0.2237886493480069, 1.2089608200528739, -2.899637532380831, 0.0004489257410525225]]
[[-0.4339978055832726, -0.3084366011823771, 0.07485110189241641, -0.010655661133246898, 0.012544578050583196, 0.011180009161577199]]	[[0.07281533230562197, -0.5708528598653922, 0.22376663158820276, -1.2090527593383995, 2.8996129049134667, -0.00039396586916330066]]
[[-0.45673143057702614, -0.2665546040777357, 0.0574187105828986, -0.009959266584641763, 0.01398287492357877, 0.012186757195757318]]	[[0.07281849337741086, -0.5708578484901026, 0.22374813199257093, -1.2090653908278346, 2.8995967058052647, -0.0004872335270890881]]
[[-0.45719982419427563, -0.23790927834374545, 0.04264757212908485, -0.009667737867493335, 0.014721152531192761, 0.012420949329462952]]	[[0.07280555999678251, -0.5708526722543599, 0.22372373466748946, 1.2090311949752701, -2.899609843868534, 0.0003915815353315463]]
[[-0.4357181831182914, -0.19492476429753824, 0.052824620789463046, -0.009089146644336058, 0.014752281994758941, 0.012642586627944187]]	[[0.07281042595295764, -0.5708587906442556, 0.22366168356357638, -1.2089823821798347, 2.899641264030629, -0.00037331110403362815]]
[[-0.43377226208118713, -0.20172928422554043, 0.045373035540306104, -0.010187905577836458, 0.015109521840895406, 0.012479296620928075]]	[[0.07279212091446895, -0.5708704138996551, 0.22367263500965584, 1.2090175314604903, -2.8996283481353236, 0.00042845579471378605]]
[[-0.48725559117967676, -0.17242291144778277, 0.05176865524156087, -0.010257622436494052, 0.016103042686350308, 0.012862282151505946]]	[[0.07282038975618405, -0.5708499146629654, 0.22362794067624076, 1.2090716885774955, -2.899608166611611, 0.0003350804504838533]]
[[-0.4312830474294336, -0.17188017864649074, 0.0451114617390098, -0.01065945188925354, 0.014808304662259852, 0.01236660178832241]]	[[0.07280627516472042, -0.5708667715985337, 0.22360012301040572, -1.2090338302928132, 2.899619137605267, -0.0003556396995791484]]
[[-0.41799762565812115, -0.11970036214956692, 0.037694158097924056, -0.010121906350324183, 0.013703477564376227, 0.012402987822129579]]	[[0.0728219437931237, -0.5708506935212618, 0.22356619255878446, -1.209069300804238, 2.899602805943313, -0.0002966967098019814]]
[[-0.37961474228889036, -0.10426618502775847, 0.03558063648710903, -0.01041750348438638, 0.012188516696625996, 0.011969137191113099]]	[[0.07282713433525449, -0.5708488557595971, 0.22353993230155303, 1.2090711859666645, -2.899609267327509, 0.000315826374364115]]
[[-0.42964380723624396, -0.12653613593048446, 0.05241005483635345, -0.010562760609370676, 0.01296692383646666, 0.012191876603280909]]	[[0.07283425447739277, -0.5708488257273143, 0.223525143866302, 1.2091230310883259, -2.8995877205950724, 0.00031583003944103325]]
[[-0.46428435921615063, -0.1540624106861823, 0.04045332463480839, -0.010737165150383206, 0.01356499993018485, 0.011822539948827504]]	[[0.07281651737868183, -0.5708395037986752, 0.22350242923323768, 1.2090197537854255, -2.899631780030084, 0.0002786878108567394]]
[[-0.48938188709129615, -0.1772921810101979, 0.03734284231887099, -0.010444074494534281, 0.012971145841298734, 0.011881065317927552]]	[[0.0728012755907352, -0.5708376732708819, 0.22345894924014195, -1.209088829481884, 2.8996048890287947, -0.0002035566069165843]]
[[-0.49585250651481705, -0.16799547718829563, 0.03830855368752267, -0.009927357775902897, 0.01181885390580351, 0.011626308527470685]]	[[0.07281885007640364, -0.5708301959276817, 0.22342734558848415, 1.2090330056902236, -2.899614948371577, 0.00020226249314210667]]
[[-0.46311839962403545, -0.16987947166521958, 0.029874491230046773, -0.009827057608712145, 0.009950458187064692, 0.01080492814659644]]	[[0.07280345611645982, -0.5708333357943424, 0.2233992173839025, -1.2089881195355119, 2.899607003333631, -0.00016744734581683197]]
[[-0.48809554255135024, -0.19269732478709498, 0.05031829352742817, -0.009932813291404143, 0.008871989271294057, 0.010614475024228335]]	[[0.07281388519149704, -0.5708291319119854, 0.22337179370306715, -1.2090839235337039, 2.899591477400532, -0.00011034431362239341]]
[[-0.531455486784592, -0.2167092090712517, 0.04519314819556968, -0.010932440154504099, 0.007868045338976164, 0.01109813260526658]]	[[0.0728231970449215, -0.570831577746288, 0.2233368034605735, -1.2090618897545593, 2.899587596835055, -0.00011134900795082639]]
[[-0.546565777116218, -0.29062191619324396, 0.05307906923127384, -0.01296658494973271, 0.007185886964816991, 0.011402864194974088]]	[[0.0728283207694602, -0.5708328831911488, 0.22333651143991373, -1.2091072657437474, 2.8995970001259823, -0.0002228657342150848]]
[[-0.5659835601637129, -0.3193964532457698, 0.06646500781714325, -0.013051305447594539, 0.007212436712723757, 0.011613473299961612]]	[[0.07281110699403943, -0.5708353661589629, 0.2232977631130399, 1.2090598719014392, -2.899580676346591, 0.00010728306440384269]]
[[-0.5986974743965621, -0.2730987299007516, 0.04010834799242592, -0.011754242333376323, 0.007477137436766588, 0.012019378342597859]]	[[0.07280958815673981, -0.5708245434268242, 0.22326135460686133, 1.2090171653294446, -2.8996262129678487, 3.302444580641569e-05]]
[[-0.5921114210650579, -0.25668957606497567, 0.047220157247822005, -0.0112743530895821, 0.007277772677321584, 0.011370556662587997]]	[[0.07280116866969798, -0.5708305764834717, 0.22323636455937923, -1.208957758455427, 2.899630111633559, -9.481259853534084e-05]]
[[-0.5329837536363659, -0.23352403204345995, 0.035307170689457636, -0.0112055328654302, 0.00641563755636827, 0.011109113932168251]]	[[0.07281290399772089, -0.5708264269549445, 0.22320855909997583, -1.2090314259757167, 2.899612136630065, -9.363639781042659e-05]]
[[-0.4787539874390444, -0.16625655332189931, 0.020361233548858406, -0.010680516823368203, 0.005743370324663058, 0.01110719444472104]]	[[0.07280104258188541, -0.5708235226124233, 0.2231505070716756, -1.209050243729998, 2.8995623261036596, 3.5858899157915504e-05]]
[[-0.44708637191446887, -0.17515640191032622, 0.025528436304604666, -0.01239487739133737, 0.005814983444534398, 0.011017359200466655]]	[[0.07279740052197652, -0.5708308195781033, 0.2231483825919669, 1.2090684411148447, -2.8996057561477224, 1.7050546688123862e-05]]
[[-0.3833779457620018, -0.10613426590089761, 0.025284860372909113, -0.01236220911308143, 0.005150573794822292, 0.010459957446204196]]	[[0.07281225845054319, -0.570811189883574, 0.2231042457990785, -1.2090467823710487, 2.8995501201782043, 5.5903960295731914e-05]]
[[-0.387084056034831, -0.058325424028008416, 0.030095979968086845, -0.012293122476632196, 0.006418746969965366, 0.010247780487386152]]	[[0.0727879109373794, -0.570824451125336, 0.2230981428042707, 1.2090173890648341, -2.899627345172366, 1.6503645679895063e-05]]
[[-0.39314767650088656, -0.04112091014427077, 0.035724766547893465, -0.012675514344323052, 0.0073131231079440855, 0.011161891374102492]]	[[0.07277998205576548, -0.5708154321571491, 0.2230554436743527, -1.2089598500154175, 2.899637380771402, 7.466649456810027e-05]]
[[-0.36791074713814753, -0.02705446854525359, 0.049888939348765954, -0.01314893428159574, 0.0069486765040361435, 0.011419047949672516]]	[[0.07280497852353823, -0.5708217459017272, 0.22300542947174518, -1.209058395340332, 2.899582336876672, 0.00011099474300029195]]
[[-0.3663854444426371, -0.009868152324893631, 0.05424148616229349, -0.013233475939848274, 0.007592036702382171, 0.010856239340224016]]	[[0.07281349072340733, -0.5708123126988743, 0.22299288401234524, -1.2090686354266347, 2.899604608650202, 7.536784295119939e-05]]
[[-0.3486544955043974, 0.01634174796413801, 0.07240438656358779, -0.013229680620371059, 0.007827736429819808, 0.009952675231712265]]	[[0.07278076818425669, -0.5708208580639239, 0.22296608803493506, -1.2089817269942869, 2.8996416026562843, 3.587154178832635e-05]]
[[-0.3613227083364098, 0.046177904905081946, 0.07160128946135798, -0.013167979908172239, 0.00812609017057422, 0.010359798166710975]]	[[0.07281768679082153, -0.5708323650330605, 0.22293887329369982, -1.2090562384038839, 2.899573818586765, -5.96721993105475e-05]]
[[-0.3755834449812105, 0.015915852333915598, 0.1000066190310373, -0.014423886146838118, 0.00851435435749533, 0.0104125915882292]]	[[0.0728020599651254, -0.5708295085885913, 0.22290997382385863, -1.2090023342398504, 2.89959444351672, 1.5929115700145268e-05]]
[[-0.4071844232565538, -0.005648416982235338, 0.12764143563595814, -0.015414899440067964, 0.009280350536550255, 0.011021293344580806]]	[[0.07280758406830483, -0.570819053721657, 0.2228567510570285, 1.2090527701291385, -2.8996158501091016, -7.308071007830593e-05]]
[[-0.4391066209121931, -0.01958429633199532, 0.144345038213172, -0.015842304659668217, 0.009404720088205852, 0.011266661252557581]]	[[0.07282678815944678, -0.5708185746822438, 0.22282865253489628, -1.2091235093821644, 2.899542672476817, 5.146611960392926e-05]]
[[-0.46228414110712446, -0.0418527527723786, 0.15009292078908143, -0.016405687157381124, 0.010130496194353886, 0.011841744672742743]]	[[0.07278825599563209, -0.5708252302144586, 0.22282012415338665, 1.2089649278005823, -2.8996505945837856, 1.9383184103755103e-05]]
[[-0.46679187996515525, -0.03481284546307792, 0.17772831418729657, -0.015704808531842588, 0.01013426702503459, 0.011945474574453739]]	[[0.07279823123040766, -0.570822544463819, 0.22279577371816822, -1.2090247872294597, 2.899597872809369, -6.1247433775407925e-06]]
[[-0.5093523545193417, -0.04478750466938494, 0.208533037860754, -0.015371135227249215, 0.011336598343730886, 0.012639704579718875]]	[[0.07280305465181668, -0.5708388244914805, 0.22276075305295748, -1.209011632116008, 2.899617404407495, -6.193440213594188e-05]]
[[-0.5029719025976451, -0.027010185144473092, 0.231082852505813, -0.015565875372347562, 0.010003148235298439, 0.012201906475940012]]	[[0.0728084596319014, -0.5708212375926229, 0.2227459133830449, 1.209069899315444, -2.8996067701257955, 3.9428381944451695e-05]]
[[-0.5047669501562438, 0.02427246348795714, 0.24342491141589226, -0.014990612278135931, 0.008922368951921996, 0.011478340210072196]]	[[0.07282523993053755, -0.5708313428971484, 0.22271299690215995, 1.209115943514768, -2.899573527114359, 9.533240627303685e-05]]
[[-0.5505131423832905, 0.014543563130474613, 0.2580847219878427, -0.01484328473457594, 0.009020759621465566, 0.012330682333758815]]	[[0.0728023596566792, -0.5708301550834919, 0.2226789819175803, -1.2090537418907468, 2.8995727014674006, -2.3995656229775262e-05]]
[[-0.5606534994338034, -0.01258726687814743, 0.26180018520230314, -0.014643154289311374, 0.00852915741057739, 0.012309831108864903]]	[[0.07282620779806134, -0.570820267858716, 0.22264604793009507, -1.209094077790673, 2.8995681319144224, -2.6997946851229062e-06]]
[[-0.5696787783934385, -0.0366149090734601, 0.26507161305382476, -0.014465143221854292, 0.008094653367350747, 0.012290077991208029]]	[[0.07280625392837227, -0.5708351101734369, 0.22263591404119654, 1.2089822562669785, -2.8996425774548054, 9.578836560026443e-05]]
[[-0.585340746932631, -0.08478186962836265, 0.27351852639435287, -0.013679537885608401, 0.008228023342414445, 0.01236862135407924]]	[[0.07282433931034565, -0.570834245630673, 0.22261438054884397, -1.2090251165707466, 2.899599714213723, -0.00013492954501283287]]
[[-0.5669703295419612, -0.1496275167097595, 0.2686483865328311, -0.012368939347890982, 0.008406123514441836, 0.012163754982954744]]	[[0.0728243574972797, -0.5708289276269455, 0.2225827625913655, 1.209116185360244, -2.8995745886290925, 7.393742450448227e-05]]
[[-0.5676163731117136, -0.23491515234323898, 0.2635471957035523, -0.01159584569455811, 0.008727996054925602, 0.012274796097047753]]	[[0.07283057466869482, -0.5708352222826915, 0.2225607350159891, -1.2091332139205968, 2.8995672259519747, -0.00013198222653516218]]
[[-0.5712357053916362, -0.29597388083494336, 0.24557303814587889, -0.010992497353400398, 0.009143426700652943, 0.012952265316980476]]	[[0.0728014729315863, -0.5708310728655998, 0.22251235621657972, -1.2090406400453053, 2.8995905594272027, -3.904243167668029e-05]]
[[-0.5833774181148386, -0.3669774748379491, 0.24700117970055904, -0.010522783136737785, 0.010775948994282416, 0.013210398138804862]]	[[0.07280645232415728, -0.5708320727350125, 0.2224895997001862, -1.2089980677183274, 2.899634410296208, -5.567453636751926e-05]]
[[-0.6058973132172225, -0.41157199314025106, 0.22048134622541318, -0.009236095422803929, 0.012036642900859165, 0.013307366833722733]]	[[0.0728296002212358, -0.5708292481376391, 0.22245907565079182, -1.2090936654225435, 2.8995681370928623, -3.718288083401091e-05]]
[[-0.6297409474416222, -0.5146837824347195, 0.20536606575951488, -0.010020491440268278, 0.01386541587260418, 0.013799000239833483]]	[[0.07280474245896078, -0.5708207101703121, 0.2224366031248225, -1.209057437615315, 2.899582265980249, -5.099403677071488e-07]]
[[-0.644221275850859, -0.5388735498651727, 0.19233941600643278, -0.00969055002337979, 0.014880001007760919, 0.014011490264009066]]	[[0.07280085241267296, -0.5708206042514972, 0.22241120833768796, 1.2090345594042191, -2.899624592827298, -2.0935868034755242e-05]]
[[-0.6468161450691446, -0.5600661541871598, 0.1872537656086216, -0.010299701044348845, 0.015622209174907661, 0.014258417392842506]]	[[0.07279136943323072, -0.5708278429397344, 0.2223773338452813, 1.2090679787687122, -2.8995587762363373, -5.2686316426738054e-06]]
[[-0.6478758956295229, -0.4891715203479349, 0.17717574576516507, -0.009720736064743309, 0.015391525693910665, 0.013672904258159774]]	[[0.07278303111218137, -0.5708301019332838, 0.2223793872117505, 1.2089649416993975, -2.899652542005871, 3.362690813640647e-05]]
[[-0.6796879783916746, -0.47126093679175474, 0.16716024867842252, -0.011592982656166734, 0.015425637187530873, 0.014225532437583975]]	[[0.0728138541547886, -0.5708095878368759, 0.2223294869401654, -1.2090960979567795, 2.8995759112888666, 0.0001144356701521715]]
[[-0.6576100643178392, -0.4313820599122149, 0.17098965072186728, -0.012947547196372226, 0.01531337404559337, 0.014981109702036251]]	[[0.072824126461639, -0.5708145458836585, 0.2223049597154942, -1.2091092552030762, 2.899559099705536, 3.819709347813599e-05]]
[[-0.656720962667366, -0.3729900609127841, 0.16721080318071654, -0.013471468273567898, 0.015480378892472977, 0.014740213760957207]]	[[0.07280455619732519, -0.5708140243944048, 0.22229983887751453, 1.2090138110154292, -2.899621794239486, -6.008245382040427e-05]]
[[-0.6464680196907904, -0.33101136886837595, 0.1622455264133058, -0.01437715816142525, 0.015329537087379552, 0.014757347091202888]]	[[0.0728126607258783, -0.5708097472906838, 0.22225732576988094, -1.209117742729577, 2.899579391603424, 0.00011625683653512574]]
[[-0.6258077103048164, -0.3044210372994364, 0.14591260497368821, -0.015404434541255315, 0.015263112857156327, 0.014519406429349098]]	[[0.07279308693054694, -0.5708119602521788, 0.22223347301295193, -1.2089913884171537, 2.8996190608284027, 0.00011497215590625898]]
[[-0.6078194406926304, -0.2660903469793343, 0.1449758374068832, -0.01568572735311372, 0.015112233385983578, 0.013845501189455468]]	[[0.07279088466359591, -0.5708094620345802, 0.22219862114680622, -1.2090129048290594, 2.89962202838726, 0.00015039681782638313]]
[[-0.6117152918825053, -0.2679336220924702, 0.15247441887271246, -0.01646705754010478, 0.014908973038830861, 0.013390932669255177]]	[[0.07279232211139441, -0.5708098944234218, 0.2221753382598412, -1.2090263255928213, 2.899603788413958, 0.00013264227575149345]]
[[-0.6151677278535599, -0.2696081788569337, 0.15910542561005345, -0.01716181131656625, 0.014726540442302222, 0.012988350344832743]]	[[0.07279417511200009, -0.570806148070936, 0.22212403234887865, 1.2091011341759133, -2.899590488782265, -0.0002470981062126178]]
[[-0.5613584571537987, -0.26738847561339807, 0.14996610068573224, -0.017428962855742334, 0.013958377104091445, 0.013103222304397803]]	[[0.07281187537152499, -0.5707975220141526, 0.22209401051959463, -1.209068226101864, 2.899556694619336, 0.0002813763007269847]]
[[-0.5596886186002749, -0.29137303845247364, 0.14089900741505954, -0.01652227457496608, 0.014229500099503741, 0.013084432088107893]]	[[0.07279687259051679, -0.5708030460335056, 0.22206593079600842, -1.2090761044951286, 2.8995795277869973, 0.0002629654581130409]]
[[-0.5426691709999445, -0.2692221391720958, 0.12467308006099856, -0.015274265921351336, 0.014198152036425772, 0.01284486358284009]]	[[0.07280278555275611, -0.5707990281762396, 0.22204579238349975, -1.2090420255252314, 2.8995931735705796, 0.0002831733500975159]]
[[-0.5094641432097138, -0.2548347557310001, 0.12448467543521712, -0.014486593922144022, 0.013160346562040667, 0.012074094392016274]]	[[0.07277904981670098, -0.5708092069435009, 0.22202356955921582, -1.209002017007154, 2.8995968367838367, 0.00028329126615641057]]
[[-0.4558275222765761, -0.27116132539075277, 0.11250791813405703, -0.014538044519401404, 0.012286451738615185, 0.012054117246977651]]	[[0.07279262516964113, -0.5708073778951023, 0.2219843837250951, -1.2090017513596318, 2.899596372043754, 0.00030012640868978927]]
[[-0.47512760448460056, -0.262438587451628, 0.1198967176662832, -0.014068618885260082, 0.011840611904573663, 0.011696283499783884]]	[[0.07279418994667938, -0.5707992111904424, 0.22196484682844098, -1.2090283985812906, 2.8996113325673227, 0.0002840566930636283]]
[[-0.5156534469560435, -0.2726075151258718, 0.13139199726308656, -0.01434508609357211, 0.012458143447900319, 0.012366470200346714]]	[[0.07281681356325764, -0.5707882051433134, 0.22194008844448326, -1.2090801367902442, 2.89953712247073, 0.0003195453059579099]]
[[-0.5388279529108974, -0.3122877459739118, 0.1469336431090067, -0.014960792554563833, 0.01283953398270362, 0.012627444091427532]]	[[0.0727967930409345, -0.5707899265034412, 0.2218995148371667, -1.209015388242939, 2.89962688076306, 0.0004156961760056696]]
[[-0.5640996393339359, -0.31917069201249637, 0.154714366504459, -0.015022903118503631, 0.01284448490779469, 0.012890495912570476]]	[[0.07280939689675119, -0.5707908815772724, 0.2218647110739172, -1.2090484670436998, 2.899560774214921, 0.0004129778550815796]]
[[-0.58449026934743, -0.29014203100382696, 0.15108039194414588, -0.014484553649037592, 0.011791879973266644, 0.012571785120604324]]	[[0.07280577918399936, -0.5707948428610118, 0.2218588880684484, -1.2090502274552206, 2.899613417515714, 0.0003598209102313403]]
[[-0.645776525917486, -0.27965261142018005, 0.15079973872597005, -0.01449808951171127, 0.012559899802011044, 0.01215956303241384]]	[[0.07280386180956003, -0.5707897477707825, 0.22182115324815038, -1.2090495401093324, 2.8996118330323215, 0.0004337364950126562]]
[[-0.6875699383140024, -0.30954274375866275, 0.17050181225716032, -0.015323366362891982, 0.01271545844460191, 0.012828528713285162]]	[[0.07279144035757536, -0.5707851243871153, 0.22179126972970642, -1.2090171875601219, 2.8995850696263243, 0.0004688844770205073]]
[[-0.7142709849728441, -0.31763386948331945, 0.20576834783340753, -0.015382064166504231, 0.012504357634524826, 0.012142647701560661]]	[[0.07280254583850156, -0.570793000516317, 0.2217613735889023, 1.2090990932003791, -2.899584893424962, -0.0004526528287954506]]
[[-0.7472579981786284, -0.3196844855854221, 0.21837906381576672, -0.015214102013256778, 0.012755545916144877, 0.01214664685355921]]	[[0.07278335238756568, -0.5707893323357427, 0.22173131035069737, -1.2089914723984423, 2.8996208986702974, 0.0004883667326571505]]
[[-0.713608534807066, -0.2998461182763136, 0.24055559283284705, -0.01447310774456328, 0.011650078807594614, 0.011761805286187511]]	[[0.07280854525061695, -0.5707851580123342, 0.22171496577378488, -1.2090258166772327, 2.8995556869663446, 0.00044927654673950314]]
[[-0.7108694228820795, -0.3021412812899814, 0.25858193673681223, -0.015041254567576424, 0.010842905956590716, 0.011835961970525303]]	[[0.07280018334242162, -0.5707920754251851, 0.2216750435389122, -1.209090869820125, 2.8995658574242937, 0.0005060685624726658]]
[[-0.7333969042137123, -0.27932847096168567, 0.28856750140139953, -0.014731767148334282, 0.011059621694638469, 0.011724465864421055]]	[[0.07280271523081847, -0.5707920469069097, 0.22165204475323902, -1.209064430675337, 2.8995513566404036, 0.0004867526383675019]]
[[-0.7300027496067922, -0.2638114063176802, 0.3121629079670914, -0.014840468388370607, 0.011446190632491027, 0.011355301266852332]]	[[0.0728007430802797, -0.5707848295453778, 0.22160246366086017, -1.2090520908431628, 2.899618754035266, 0.000602368976327073]]
[[-0.6887704282832856, -0.2241947815570408, 0.32481268945268815, -0.014649384758425131, 0.011154720161801713, 0.010978050034650412]]	[[0.07278183684932918, -0.5707908060048056, 0.22158488681458138, -1.2089898858188561, 2.8995675092258395, 0.0005598456444954779]]
[[-0.6448119161213113, -0.2302167969151982, 0.3365960381613111, -0.01594430152211089, 0.010468481425293667, 0.011070024740465707]]	[[0.07279376958213468, -0.5707818018970842, 0.22155796089670168, -1.2090475268562009, 2.899607961473889, 0.0005811443052995917]]
[[-0.6424167918962409, -0.18475270439009805, 0.35582540237569055, -0.015942624513949313, 0.01109312694650334, 0.01136754931892087]]	[[0.07279595167084045, -0.5707876789859643, 0.2215189098520417, -1.209065016066624, 2.899599653121569, 0.0006182854552019823]]
[[-0.5997219063834457, -0.1629096970485859, 0.3737755024448072, -0.016590054338195825, 0.010771077468482784, 0.010839691677742855]]	[[0.07276998690254523, -0.5707883349366291, 0.22150030593541598, -1.2089677615117682, 2.899613754983526, 0.0006171903695229254]]
[[-0.5620831537626565, -0.10917570686294209, 0.37679934596997616, -0.01729900727907178, 0.010114151002732729, 0.011352448013498412]]	[[0.07278665797570323, -0.5707845978739601, 0.22148337895495904, -1.2089713263977315, 2.8995739064738992, 0.0005954725278143678]]
[[-0.5524937965660528, -0.045981190217779466, 0.39474262986731323, -0.017865389035374088, 0.01004767968378523, 0.011416434867152743]]	[[0.07279623814215479, -0.5707883458263479, 0.22146325659896576, -1.209082050659178, 2.8995940029368454, 0.0005407889183283926]]
[[-0.561850483124428, -0.03729311598151891, 0.39496725854945125, -0.019326783291159697, 0.010772622944858265, 0.011684751619633362]]	[[0.07278772893849711, -0.57079409512714, 0.22142125375218774, -1.2090679269712257, 2.8995625589732135, 0.0004447385849709431]]
[[-0.553708246781655, -0.0018199098863301288, 0.4015648651255097, -0.019338373347463016, 0.011061692989459295, 0.011301299041366107]]	[[0.07278804609643955, -0.5707983289452376, 0.22138658887132023, -1.209003268475615, 2.899602292185521, 0.00044442127191570796]]
[[-0.5569969265742017, -0.012883519224317463, 0.41509165083631977, -0.019991777440848155, 0.011573086077937039, 0.011622048794159576]]	[[0.07279062836574873, -0.5707997797694337, 0.22137816376761837, 1.209046704663165, -2.899606928440588, -0.0003722649986667998]]
[[-0.5593112686599357, 0.018986261651839254, 0.41480765567557715, -0.019075162611715036, 0.012049593179024562, 0.011072174212761337]]	[[0.07279062836574873, -0.5707997797694337, 0.22137816376761837, 1.209046704663165, -2.899606928440588, -0.0003722649986667998]]
[[-0.572429567158279, 0.009633784143332214, 0.40153241894199043, -0.018863552320848576, 0.012421783424062504, 0.011423577157167668]]	[[0.07282376055226567, -0.5707856048799381, 0.22132099794218532, -1.2090990269054125, 2.8995866716609378, 0.0005199787161353398]]
[[-0.5927443102112543, -0.020955236269796507, 0.3903766674030081, -0.01917920611006449, 0.012773784121556442, 0.011306740890286632]]	[[0.07279765105092414, -0.5707913170560976, 0.22132428062732096, -1.20900225095114, 2.8995515953616566, 0.00040391371406413003]]
[[-0.6092667812948505, -0.09011210304328532, 0.37815191188296093, -0.019922741004460207, 0.01287162359601919, 0.011519319187090345]]	[[0.07279966171389433, -0.5707870082401477, 0.22128649582231485, -1.2090165400868724, 2.899583751202092, 0.00042365087676217347]]
[[-0.6176610038221717, -0.08533742471575373, 0.37534841271137825, -0.01831842860271331, 0.012569397398252996, 0.010944092075093238]]	[[0.07278227064257405, -0.5708050968774765, 0.22126394043248981, -1.2090264186897508, 2.8996096263709825, 0.0002353081559746019]]
[[-0.6573496373575367, -0.1639399115253968, 0.37780276757134745, -0.01860974958453946, 0.013039606588283657, 0.011864134109747744]]	[[0.0727829340065212, -0.5707934082710238, 0.22122061765849493, -1.2089900730639447, 2.8995694546318256, 0.0003859813747506707]]
[[-0.661856808579802, -0.2255410746314295, 0.35466992992104984, -0.01845681956874613, 0.012793267618553478, 0.012190383090630395]]	[[0.07281112393238225, -0.5708087666767746, 0.22121756180379745, -1.209118089556052, 2.8995845662552644, 0.00023819297798048652]]
[[-0.6640905845595312, -0.2838269500106576, 0.33467997776336067, -0.01843518463658159, 0.012504707698777408, 0.012001983413490088]]	[[0.07280430043057215, -0.5708059976331699, 0.221188701832933, -1.2090623791324584, 2.899595061209707, 0.00019944992188964837]]
[[-0.6746342927402775, -0.3007610308878132, 0.3313482311243942, -0.017440852699982693, 0.01285346909962967, 0.011717953497452268]]	[[0.07280894497931138, -0.5708048974789295, 0.22116641972197787, -1.2090601550526885, 2.899543425190787, 0.0002334428543248075]]
[[-0.6697730839876495, -0.3359029888387498, 0.32444162543141375, -0.016757403625574766, 0.012914023281609214, 0.012528664539082694]]	[[0.0728139769514627, -0.5708093863460066, 0.2211469906798961, -1.2090226400782005, 2.899599363950169, 0.00016138649620372838]]
[[-0.6959512174411231, -0.3309485328563847, 0.30311980712520886, -0.01595984714518705, 0.013147150765310549, 0.012755766093199722]]	[[0.07280546472302804, -0.5708023386614806, 0.22109880707850382, -1.2090524152009725, 2.8995716446019046, 0.00025535366010772374]]
[[-0.6647950634828882, -0.3483010536717581, 0.28645774018347253, -0.015327484138676914, 0.01292144582413311, 0.012055076436139848]]	[[0.07280083789700884, -0.5708130946726073, 0.22110154924452835, -1.2090400399928591, 2.899592663234655, 0.00012618862800767313]]
[[-0.6203667667859241, -0.3903972675434402, 0.2911603833092621, -0.015483152114002462, 0.012347653804969973, 0.012227677075209343]]	[[0.07279357253123053, -0.5708161112947469, 0.22107198306227335, -1.2089747079533948, 2.8996326567602004, 0.00012727328015074243]]
[[-0.6258152959868364, -0.3919163438808715, 0.27725346536351353, -0.014858905359878204, 0.01240683198711172, 0.012043344337850467]]	[[0.07281033843268185, -0.5708186427793392, 0.22105408938500085, -1.2090228424141478, 2.899600431676366, 8.958981347171696e-05]]
[[-0.6422822893417937, -0.4230403669015672, 0.2551801789022238, -0.01569067735902361, 0.012244065752546248, 0.012209443159672127]]	[[0.07282679671992566, -0.5708054586173188, 0.2210247097236241, -1.2090742175987035, 2.899577548013814, 0.00014647585942010214]]
[[-0.697689279767621, -0.4248410249245474, 0.253369185103179, -0.01484908672763843, 0.013322124792961049, 0.013075934750813235]]	[[0.07281772917602834, -0.5708158970463316, 0.22101976378862281, -1.209070972272342, 2.8995680960743493, 5.190052770320784e-05]]
[[-0.6630321705289104, -0.4150426330516571, 0.23920776757953918, -0.013436644401968815, 0.01341646482372344, 0.012640307269411762]]	[[0.0728202274506256, -0.5708138726720062, 0.22097860298313593, -1.209032239468235, 2.8996211407707775, 0.00014923371212587931]]
[[-0.6944835223776755, -0.46408570675586047, 0.23680818037004278, -0.012926059362327687, 0.015231408148524694, 0.013331426610988222]]	[[0.0728212919621838, -0.5708029497697561, 0.2209575586998911, -1.2090996723690568, 2.8995416117856077, 0.00010684330807755444]]
[[-0.7213929069780867, -0.48088477356850506, 0.22356378950467176, -0.012416782172659655, 0.016220323649002902, 0.013159303823965072]]	[[0.07280946365564954, -0.5708196898677753, 0.22092944421209132, -1.2090618223114746, 2.899595180608521, 0.0001467949517421935]]
[[-0.687011679076174, -0.47600177112271547, 0.22284723213215268, -0.01183942966060474, 0.015927869825089282, 0.012084501180914023]]	[[0.07279015611392667, -0.5708103806623724, 0.22091321729063496, -1.2090137250708017, 2.899629351788329, 0.00011056725044050541]]
[[-0.6994022442265573, -0.5124037818913899, 0.23250141711240702, -0.013016651536405677, 0.016789608473410402, 0.012771464915815448]]	[[0.07280200164787473, -0.5708127524416695, 0.220872718542705, -1.2090682069873686, 2.899565928173714, 0.00016564922052196416]]
[[-0.6614550097756162, -0.48562694519623767, 0.21986540708694824, -0.012751369091069721, 0.016405686758472475, 0.011833264619666588]]	[[0.07280068740171819, -0.5708058380285892, 0.22086411029243702, -1.2090461852986008, 2.8995617078062326, 0.00018401811013993118]]
[[-0.6512227653962892, -0.47338988187935765, 0.20737153812776574, -0.013171408580621928, 0.016764061881550184, 0.011525444285722499]]	[[0.07279766464839026, -0.5708235300669935, 0.22086001901184787, -1.2089699260055597, 2.8996223328082715, 5.229611793828302e-05]]
[[-0.6503075113973158, -0.44640206013602807, 0.2242025667630326, -0.01349251821159003, 0.017089319768870032, 0.011010873609827299]]	[[0.07279766464839026, -0.5708235300669935, 0.22086001901184787, -1.2089699260055597, 2.8996223328082715, 5.229611793828302e-05]]
[[-0.6444326333725087, -0.4248814597462027, 0.2318745410898355, -0.014046819191663472, 0.017268867394427474, 0.01117741018303498]]	[[0.07278429632728464, -0.5708172032257995, 0.22083426802565004, 1.2089625833722082, -2.899653127515596, -0.00016703739545189511]]
[[-0.6866897271474955, -0.4049789476853045, 0.22253698213263337, -0.014679669839508252, 0.017888207149862653, 0.011148123414882676]]	[[0.07279708297987283, -0.570813219105992, 0.22078345333739496, 1.2089970650622686, -2.89963865991191, -0.00015074102801353756]]
[[-0.629425339618962, -0.3778878907724637, 0.21527172396977676, -0.015316118571904496, 0.01668786476151956, 0.010422168306561175]]	[[0.07277885104147785, -0.5708146868383405, 0.2207744425055007, -1.2089919920356131, 2.8996246778169295, 9.210301979189621e-05]]
[[-0.6183766060401618, -0.3437745251479275, 0.2104588487014658, -0.015416744339917502, 0.01694023177832328, 0.010686245704279321]]	[[0.07280421870787655, -0.5708021669580323, 0.22072511943878265, -1.2090727898263833, 2.899575288502022, 0.0002035708002745034]]
[[-0.5828867711048525, -0.31249966414331676, 0.20141087303971594, -0.016082595167680798, 0.01623658548372012, 0.010322754052245241]]	[[0.07280516658830703, -0.5707979557651589, 0.22069747369977216, -1.2090284799854427, 2.899566531962403, 0.00025874255396613827]]
[[-0.5610653920932571, -0.2634013207996493, 0.20024666407955594, -0.016352498014413394, 0.015204836220340662, 0.009892709064866308]]	[[0.0727997357925995, -0.5707936262839226, 0.22065954705172008, -1.2090243272798125, 2.899605080577688, 0.00033621421699566004]]
[[-0.56159488169322, -0.28463102650844885, 0.2019569886856993, -0.0168237023313536, 0.015448498898906933, 0.01098826488301138]]	[[0.07280063311335162, -0.5707994922907702, 0.22064984172273167, -1.2090649252118173, 2.899603260425327, 0.0002602216351348223]]
[[-0.572638591121856, -0.27036415777847667, 0.20114247837099944, -0.016226661693510377, 0.015218295365730536, 0.011330111427680312]]	[[0.072790607863918, -0.5708149942217273, 0.2206359442080303, 1.2089978123434484, -2.899641169666057, -0.00024353280609339798]]
[[-0.5862353193997314, -0.2569324482132058, 0.19108840044893682, -0.015749687061552917, 0.015489276849458436, 0.011366806856331903]]	[[0.07279918931523807, -0.5708085801354349, 0.22059125615464198, -1.209037104267958, 2.8995877954561067, 0.00027970885399303215]]
[[-0.597612127782345, -0.2996194663500107, 0.1854272596372638, -0.015807544920953466, 0.015490242350641573, 0.011336121660757795]]	[[0.07278446503812634, -0.5707951779167749, 0.22057178859413998, -1.209062547836678, 2.8996016800164774, 0.0003557423643466025]]
[[-0.5776968759244488, -0.32610053275906936, 0.19752199519167907, -0.015188280365704732, 0.014723755544064162, 0.011185797791828956]]	[[0.07280537762831303, -0.5708155289925374, 0.22058310478916338, 1.2090498996537637, -2.899618433734235, -0.00018578175751514682]]
[[-0.5878508953589633, -0.3298234232115558, 0.19573770515513658, -0.014334329369977488, 0.014410201372020875, 0.011348360252331208]]	[[0.07277514875463154, -0.5708117398125517, 0.22055042356005888, -1.2089634664674218, 2.899656355344354, 0.00026157017670256326]]
[[-0.5901031615078408, -0.36419198976983264, 0.19311164987818163, -0.01464124392199822, 0.013444493463109395, 0.010696596135890326]]	[[0.07280454264634434, -0.5708064442537689, 0.22050246739211538, -1.2090756922763202, 2.8995833228570858, 0.0003171792214483597]]
[[-0.6110886101507236, -0.39373209528398484, 0.18880990635840683, -0.015184652267119838, 0.013414502450960793, 0.01170224095909336]]	[[0.0728134225327307, -0.5707988886772037, 0.2205001804193174, -1.2090852472991074, 2.8996058902569466, 0.00026277210823357356]]
[[-0.6438587994477485, -0.4306076946659494, 0.1857537966812746, -0.01585510016417515, 0.012931173981965725, 0.011558954782770832]]	[[0.07279543140542995, -0.5708017775201445, 0.220469447134161, -1.2089892823801498, 2.89962124607889, 0.00022396717212165354]]
[[-0.6513372256366492, -0.4030351796682922, 0.20233916311726097, -0.015300992101197834, 0.011838611578539385, 0.011417531469913962]]	[[0.07279482849461241, -0.570800208807511, 0.22046040205620537, -1.2090752205662625, 2.8995841016278296, 0.0002800161908341388]]
[[-0.6591564830057914, -0.3810444324871737, 0.19927636157531609, -0.014585352056517393, 0.011608105108656102, 0.011564880849237937]]	[[0.07281386012931328, -0.5708054049819863, 0.22043853360434512, -1.2090497396157638, 2.8995701112527685, 0.00022159005576436329]]
[[-0.682562007709117, -0.3672531255749712, 0.2025390403199797, -0.014498651240185484, 0.011865201098589006, 0.01077961489585979]]	[[0.07281282699375839, -0.570809413676512, 0.22040343436051663, -1.2090588108473876, 2.899591970825184, 0.00022310981528175688]]
[[-0.6403396634338983, -0.2940119935716909, 0.18344966569424087, -0.01407447876600984, 0.010040228346536796, 0.01020115604591646]]	[[0.07281835394432458, -0.5707984092949052, 0.22036896997475375, -1.2091004907112761, 2.899546067397932, 0.0003332071807801956]]
[[-0.6115316542908376, -0.25131179673739623, 0.18486762741986892, -0.01425215922944512, 0.009365936687147337, 0.009849593239119053]]	[[0.07281151486383153, -0.5707991033596852, 0.22035159983191832, -1.2090837651427149, 2.899554632555024, 0.0002579666224010325]]
[[-0.6186243325500054, -0.22722633270085082, 0.20018714850091873, -0.014609976275712937, 0.009572151972366619, 0.01021009794949262]]	[[0.07281318693811936, -0.5707982261713271, 0.22031870144400117, -1.2091191184034766, 2.8995906139928675, 0.00031643878427756986]]
[[-0.6548909973062369, -0.22816190208157458, 0.19452561178326325, -0.015293863780704915, 0.010379091298810157, 0.010328914079604146]]	[[0.07280342653048967, -0.5708033509931768, 0.2202926710686795, -1.2090231701300163, 2.8996041561433574, 0.0003159083680740904]]
[[-0.6275782706425661, -0.17566172082638357, 0.18690643209585756, -0.01483131717626747, 0.00942997673533517, 0.010016409715670164]]	[[0.07279677858134995, -0.5708019966530027, 0.220274356500816, -1.2090357996419276, 2.8995858879549417, 0.0003147165826117282]]
[[-0.6131467350598431, -0.16313926764100978, 0.18215223949495143, -0.014695167912590013, 0.009880923221459979, 0.009669167465895771]]	[[0.07278634385492831, -0.5708053505653548, 0.2202835719669876, -1.2089577045706605, 2.8995952514812657, 0.0001989333892532691]]
[[-0.6232900276925679, -0.14236702174838697, 0.17900356310030824, -0.013920572565557836, 0.011195006452841015, 0.009675427735922108]]	[[0.07279446415275259, -0.5708026231804988, 0.2202332286959307, -1.2090622839319498, 2.899602681509656, 0.00023915238793137617]]
[[-0.6102418186463276, -0.11808277818724655, 0.1822098923711441, -0.013522489650572045, 0.011178837058443787, 0.008985669604782405]]	[[0.07281004571098892, -0.5708074793779574, 0.22019015071913783, -1.209056208533403, 2.8995383086431437, 0.0003101094063267626]]
[[-0.6466700017111086, -0.1221879576838481, 0.18821037252159623, -0.01406826749383266, 0.012283344065188455, 0.00991434570149104]]	[[0.07281567304623465, -0.5707978610408583, 0.2201684633563878, -1.2090238079883926, 2.89960415520351, 0.00027479590433783133]]
[[-0.6412540658290729, -0.14181276157197542, 0.18999371839221268, -0.015140299005156746, 0.012769680252679319, 0.010389651937018352]]	[[0.0727791842005224, -0.5708100133960258, 0.22015214056075216, 1.2089541485089719, -2.899635538334777, -0.00021985255482059312]]
[[-0.6386535982252619, -0.15042252016826319, 0.1852667454592765, -0.0156989105797456, 0.013076226634220168, 0.010295421524781054]]	[[0.07280474229766258, -0.5708136510880842, 0.22012974576611527, -1.2090500232442303, 2.8996206766554877, 0.0002191650560337984]]
[[-0.5956528308902724, -0.155658838424331, 0.17414578067389158, -0.016359084007061177, 0.01230622948906592, 0.00999130606973671]]	[[0.07280791070736682, -0.570808397286755, 0.2201090447391854, -1.209014241902277, 2.899583772354784, 0.00019661370807577355]]
[[-0.6156030373326529, -0.17776774033288328, 0.19262360462170883, -0.017208168498150603, 0.013267336910982886, 0.01045607294515585]]	[[0.07278642469977281, -0.5708088799733568, 0.22009003407224634, -1.2089789224031706, 2.8995983488760704, 0.0001983844578117501]]
[[-0.5951836805289087, -0.1660624751515113, 0.18629154540606233, -0.017861572389900455, 0.013117696484195878, 0.010872528243648264]]	[[0.07279487230652497, -0.5708036185448362, 0.22005223582292022, -1.2090272647992946, 2.8996168171859193, 0.0002183317000480105]]
[[-0.5866001244571752, -0.10537066310440132, 0.1911827405313324, -0.017561173831664167, 0.013138936149757618, 0.010486265653274204]]	[[0.07279241805045263, -0.570816136127522, 0.22002057881444342, -1.2090099377340844, 2.899624365621653, 0.00019858085008211634]]
[[-0.5296642116429618, -0.07991040645098887, 0.18716974440502343, -0.01775538006960668, 0.011762427701204508, 0.010272732329193839]]	[[0.07280261239779694, -0.570820724906313, 0.22001876786885738, -1.208988730042214, 2.8996223300070936, 8.451752690243164e-05]]
[[-0.5315197178562164, -0.0661602457510379, 0.19731623613329344, -0.01769677771442893, 0.012022041407484224, 0.010709265998815158]]	[[0.07280255143188198, -0.5708274340738636, 0.22000215600634654, 1.20897960762487, -2.899647230296135, -2.9358081056528913e-05]]
[[-0.5018088169190456, -0.08339527436928618, 0.21477679806895023, -0.018324240799080342, 0.011641008728977385, 0.010705232258508196]]	[[0.07281364901319015, -0.570809317573056, 0.21995693629106428, 1.2090705550615684, -2.899573008340811, -0.00012675320401668797]]
[[-0.5607765316082605, -0.10781075668981335, 0.22377424197288684, -0.018191417176303938, 0.012837759732029188, 0.01088998450152409]]	[[0.07282129053132037, -0.5708195578197888, 0.21993984238079745, 1.209101507330906, -2.899597183221835, -4.899232552963007e-05]]
[[-0.5672673259208765, -0.0966788682856646, 0.22980159787404178, -0.017110470437942657, 0.012745329036894435, 0.010684864459481273]]	[[0.07280236475190106, -0.5708199857311146, 0.21989103285853617, -1.2090921491564166, 2.8995789550657456, 6.595468789854147e-05]]
[[-0.6736064994584745, -0.1649873451539003, 0.25124573200305605, -0.017850712960486074, 0.01486967224908095, 0.011223193473137006]]	[[0.07280795974814298, -0.5708253342107733, 0.21990374734480045, 1.2090954964364287, -2.8995848551797265, 4.4625792547827565e-05]]
[[-0.6467659156533205, -0.19136104457262956, 0.22701229494756747, -0.0170810944234741, 0.013296935410873734, 0.011181038071807727]]	[[0.07278485843684754, -0.570833818956281, 0.21987236335023036, -1.2090112740472716, 2.8996285189807236, -4.419534985827837e-05]]
[[-0.6581128694382282, -0.20067701028645515, 0.20292848275167524, -0.015467087372601388, 0.012842114788638614, 0.011248253659132486]]	[[0.0728055296926491, -0.5708386089860851, 0.2198636222535094, 1.2090593987816518, -2.8995980066165163, 0.00013690112190862567]]
[[-0.6681898103901424, -0.2089414305970073, 0.1815523967074347, -0.014032376429203661, 0.012438168069648495, 0.011309197260522243]]	[[0.0728055296926491, -0.5708386089860851, 0.2198636222535094, 1.2090593987816518, -2.8995980066165163, 0.00013690112190862567]]
[[-0.7029974258050596, -0.28756480517031363, 0.1867150302832003, -0.013265853884010952, 0.0131455776245008, 0.011311856114356216]]	[[0.07279744997011202, -0.5708326949788957, 0.2198325823779865, 1.2090126287313483, -2.8996318642326924, 8.101329628523477e-05]]
[[-0.6483121512119314, -0.3294095331937503, 0.17177582526466068, -0.012378387954641724, 0.01259833915130911, 0.011180340099310166]]	[[0.07279517917874435, -0.570833365656667, 0.21980024361899492, 1.2090379513106129, -2.8995952865182697, 9.633729103425274e-05]]
[[-0.6435464979466987, -0.37939200118321376, 0.16221863849707818, -0.011244037165185912, 0.013037123346767883, 0.011727421808751796]]	[[0.07278817472498501, -0.5708303197737408, 0.2197646380515942, 1.2089910128127817, -2.899628828937049, 5.8230080810701965e-05]]
[[-0.6374578071473391, -0.41196972746943683, 0.14160408251596315, -0.010554497063076528, 0.013019888830813845, 0.011623026647349632]]	[[0.07283023147005364, -0.5708399428879175, 0.21975309650812616, -1.2090637525592594, 2.8996072712408303, -9.849849135157113e-05]]
[[-0.5594225242948856, -0.42513020067750396, 0.12538159440478294, -0.009498043510562763, 0.011927227572463759, 0.011363147490908814]]	[[0.072810448021819, -0.5708284931261676, 0.21973416214642094, 1.2090478188774676, -2.8996173625775854, 9.666687374618055e-05]]
[[-0.5747515505830921, -0.4118432632573103, 0.11525181073584777, -0.008011456543693682, 0.013289980226731501, 0.011374041296578595]]	[[0.07277928613435054, -0.5708255461228753, 0.21970147895945724, 1.2090082364382795, -2.8996215956493585, 7.621409689822352e-05]]
[[-0.5697438957629656, -0.4194560938727103, 0.09948928607381087, -0.0077829723856684355, 0.013887267161089078, 0.011542608948322635]]	[[0.0728085046932331, -0.5708267640551739, 0.21964694325308604, 1.2090443187611029, -2.8996093072943436, -3.5690896529304075e-05]]
[[-0.5958376154814096, -0.4775120848477694, 0.09311472932447955, -0.00884950728792488, 0.015458390698874152, 0.01175937711065725]]	[[0.07280535200416058, -0.5708277720901155, 0.21967078348772567, -1.2090413496706043, 2.8996022477462375, -7.858378786604361e-05]]
[[-0.5895306565282082, -0.4550189298068028, 0.09051712648296432, -0.008037130999414346, 0.01648841339104102, 0.01203021556549833]]	[[0.07278953112860428, -0.570827142216919, 0.21962828877255647, -1.208958445769187, 2.8996487276643976, -2.0396968938133164e-05]]
[[-0.6152369324726061, -0.39784495888846005, 0.08633623943823075, -0.00720234715732905, 0.01759681838468849, 0.011913011523786583]]	[[0.07281994772989021, -0.5708245915321063, 0.21958451627647763, -1.2090707962187721, 2.8995741008953804, 3.353188829806595e-05]]
[[-0.6643554803746682, -0.41332973851661287, 0.09105903492779019, -0.009316053990336559, 0.018431900413952484, 0.011949912936075266]]	[[0.07279708340064028, -0.570828323080347, 0.2195534097620087, -1.2090612573595925, 2.899603796533633, 5.519453715115152e-05]]
[[-0.7094972705353078, -0.3730288946801571, 0.10230340084671756, -0.010297677029835877, 0.018943363978012922, 0.012090905739914047]]	[[0.07280161005736342, -0.5708246984585387, 0.21954840759743563, 1.2090308328222532, -2.8996279907816476, -1.847854529544396e-05]]
[[-0.719661188698226, -0.34227784585447185, 0.1251166240791958, -0.01138194488345295, 0.01897711790932038, 0.011968364726275242]]	[[0.07283129067538041, -0.5708236505682812, 0.2195444448911324, -1.209114925101356, 2.8995826445916215, -1.98317381543435e-06]]
[[-0.7278792071829453, -0.305923514426073, 0.13672950991622132, -0.011648619869423366, 0.01897381863513855, 0.011902747993430711]]	[[0.07281064714027025, -0.5708318262725597, 0.2194905495520654, -1.2090259434826578, 2.899566511204995, 3.29164922360594e-05]]
[[-0.7428750904240706, -0.3079608391436229, 0.14106043117934527, -0.012509880343727034, 0.01896099612559237, 0.012207641019194325]]	[[0.07282532902966984, -0.5708233181652899, 0.21945879615072444, -1.209073690160696, 2.8995835050794723, 0.00010795542054888973]]
[[-0.7013672237905288, -0.2559161097594045, 0.15494531935933112, -0.01159579735357457, 0.018093201850964205, 0.01196843131065327]]	[[0.07281362390143818, -0.5708179397175325, 0.21944875771477812, -1.2091005488966604, 2.899598967769108, 9.078776100573633e-05]]
[[-0.6971288726520602, -0.24275112922479714, 0.16477747245276927, -0.012146666646034124, 0.018075875172935588, 0.012426102654710114]]	[[0.07280009798302257, -0.5708103547450987, 0.21941448430968125, -1.2089990595058908, 2.899600949521413, 0.00012855884776504845]]
[[-0.6579118522090226, -0.20067140544143688, 0.17611850871680462, -0.01225365814462502, 0.01665258212433191, 0.01223655209118847]]	[[0.07279879671892708, -0.5708226189465025, 0.219368064830727, -1.2090118645671393, 2.8995816792593634, 0.00016507423361825844]]
[[-0.6102710710040785, -0.1849589189912937, 0.17789754121817758, -0.012818650320750528, 0.01570615880632119, 0.012083635568995037]]	[[0.07280068251587922, -0.5708188537623278, 0.21936200962917704, -1.2090772106857295, 2.899594073970324, 0.0001468494063949965]]
[[-0.6439249773259754, -0.1480250142900701, 0.19961468861490056, -0.012555999117338484, 0.016350643673346973, 0.01219308299683817]]	[[0.07280842738870834, -0.5708161475225905, 0.219343433967859, -1.2090569206057644, 2.8995902578683914, 9.023684870599018e-05]]
[[-0.6637795070173267, -0.15597588569048937, 0.21457361471545933, -0.013047174377119082, 0.016560079158956076, 0.012499815442337421]]	[[0.07279603577006949, -0.5708254936940848, 0.2193069987938062, -1.2090078426073245, 2.8996227385894713, 0.00014683662247840963]]
[[-0.6432339893515737, -0.1241674747858792, 0.22161896749857948, -0.012675900965391309, 0.016333122923226796, 0.01202474468395153]]	[[0.07282012179420033, -0.5708318908259877, 0.21930198609185658, -1.2090790297388285, 2.899595164566365, 5.279186855340013e-05]]
[[-0.6613986548791868, -0.14974043806862603, 0.2389650031402929, -0.013784902549692467, 0.01689117927131536, 0.012583485439634879]]	[[0.07279379887071649, -0.5708194843594941, 0.2192597993939322, -1.2090075798148927, 2.899622166076505, 0.00016535150396431957]]
[[-0.6833427180777778, -0.14697544576252586, 0.2459543781148871, -0.014247390323097372, 0.01742756379725451, 0.012940245409802724]]	[[0.07280612370719304, -0.5708135404820912, 0.21923085811663584, -1.209008046869771, 2.8996213669374393, 0.00018508863415503168]]
[[-0.719753204305145, -0.16103487834682034, 0.25015995844371736, -0.01524396310307096, 0.01776321800017809, 0.013571537666155225]]	[[0.07280717145510314, -0.5708230925121349, 0.21921788518259272, 1.209045190479841, -2.8996132676431534, -0.00012962499534015795]]
[[-0.7590386778379633, -0.1809933157936725, 0.2725699951969974, -0.01516295586731146, 0.017896199692032582, 0.014221028075153951]]	[[0.0728245938057154, -0.5708267624585674, 0.21920387787090223, -1.2090551831492244, 2.8995386869783033, 8.742954223549066e-05]]
[[-0.7811319134768588, -0.18164796627314383, 0.2653721788686062, -0.01458527715893844, 0.01773329212705941, 0.01437427104994439]]	[[0.0727860460032389, -0.5708211964070463, 0.21915069641589746, -1.2089769352720496, 2.8996464410703555, 0.00020393989099774473]]
[[-0.7716734009027008, -0.18346831948419673, 0.2605182181734332, -0.014151269314703252, 0.01690520955728598, 0.014099490274965506]]	[[0.07281388265119436, -0.570821990121893, 0.21913206675334357, 1.2090974809484267, -2.8995931161668382, -0.00018397172615208438]]
[[-0.7632777853176542, -0.18500388985372435, 0.2562424194706972, -0.013763409238924891, 0.016171260996114382, 0.013855665147656312]]	[[0.07281963540594606, -0.5708270791034777, 0.21911684970084805, -1.2090547634737492, 2.8995884158609146, 0.00016279715634115607]]
[[-0.7711798938051968, -0.21841452837493563, 0.23851897587682622, -0.013535458389988929, 0.016160566974306432, 0.014278366772517091]]	[[0.07280817595588919, -0.5708191048697309, 0.21905965576819372, -1.2090063638135429, 2.899618328380953, 0.0003139017709319071]]
[[-0.7680586575399346, -0.2280895919118629, 0.22330462062325093, -0.01288810559025563, 0.01587364272045894, 0.013623650689303003]]	[[0.07279654314934604, -0.5708301237357798, 0.21908382741884697, -1.209029949166117, 2.899626184271736, 0.00010744570525493182]]
[[-0.7423353890957944, -0.24656576221415913, 0.2131957599315255, -0.012848341477335604, 0.01488793516151898, 0.013276112951528609]]	[[0.0728110147697271, -0.570816213121194, 0.21906203856053552, -1.2089939030487875, 2.8995884809199013, 0.0001241970922326092]]
[[-0.766475184635331, -0.2408573151346416, 0.2186378178284223, -0.01313799954920651, 0.014733172858697725, 0.013618888431256903]]	[[0.07278792616329312, -0.5708192503259694, 0.21900716015007976, -1.2090189006526215, 2.8996018720272705, 0.00020216074346676873]]
[[-0.8214838181323498, -0.23987524721677111, 0.20967231262494268, -0.013805382162315099, 0.015555601781318243, 0.014181234938125366]]	[[0.0728213824853433, -0.5708454022088353, 0.21900471499472407, 1.2090921065390268, -2.8995813250094717, -0.00010858092618146925]]
[[-0.8528991496257465, -0.2671054445148331, 0.2065875908397425, -0.014824627398114682, 0.016349945853535785, 0.014010413021568548]]	[[0.07280465012166397, -0.5708293919883957, 0.21896020881399003, -1.2090414388578488, 2.899605776891999, 0.0001996191598359694]]
[[-0.8466227065445444, -0.22545183355326315, 0.19915402164540616, -0.014031463506524674, 0.016798035931374047, 0.013902710211692012]]	[[0.07279297746115264, -0.570832748638565, 0.21893880261909215, -1.209036170130412, 2.8995952882487512, 0.00016115879276018563]]
[[-0.8124327869097644, -0.21080672293823333, 0.19211783865278137, -0.013664146769958268, 0.01652684067207756, 0.014069122098293571]]	[[0.07281624224707703, -0.5708248511142171, 0.21890874695998416, -1.2090120226472143, 2.899630672583655, 0.0002004165992177974]]
[[-0.8073548362170101, -0.20415311882245152, 0.1954983971220373, -0.014338223086659205, 0.016263929188701065, 0.01408421209780366]]	[[0.07281439060417214, -0.5708423273965139, 0.21890565692558658, 1.2090794413342312, -2.899600022844073, -0.00010708974959756042]]
[[-0.7881118950571726, -0.15697725472295448, 0.20168884627917197, -0.01401180824635918, 0.015868536915772776, 0.01347298837868927]]	[[0.07281466946696026, -0.5708363018772304, 0.21887537015534436, -1.209076100807813, 2.899592160405645, 0.0001439201621042112]]
[[-0.8015996464665345, -0.1481712055881506, 0.22036851363973312, -0.014403720798472333, 0.016465099577090032, 0.014579437423264448]]	[[0.07281592975390547, -0.5708205652814614, 0.2188400105324664, -1.2090930922103436, 2.8995840282387686, 0.00017993544685249808]]
[[-0.7472512531009385, -0.12637485409344973, 0.2023379773062521, -0.014780208211745171, 0.015712088242484653, 0.014820630950396528]]	[[0.07279720470976313, -0.5708318709759637, 0.2187966386236564, -1.209062073813726, 2.899609261445687, 0.00019917152648828688]]
[[-0.742860827012281, -0.1471839901271278, 0.20736647442955317, -0.015044685639349372, 0.016071016220371017, 0.014685117194758596]]	[[0.07280048105770241, -0.5708336835921136, 0.21876038774742068, -1.2089836985390827, 2.899616272116262, 0.00016036573082145821]]
[[-0.7631704811782134, -0.14115353190550717, 0.20093399067749396, -0.01435435654737498, 0.01731542462274709, 0.014393388395586832]]	[[0.07280048105770241, -0.5708336835921136, 0.21876038774742068, -1.2089836985390827, 2.899616272116262, 0.00016036573082145821]]
[[-0.7431139866780035, -0.1260854197548365, 0.19437686110549224, -0.013529360267245875, 0.01717979668398925, 0.013916082121299432]]	[[0.07282364788247324, -0.5708411463508339, 0.21876341839536115, -1.2090248074408771, 2.899615709933042, 2.7862995859434838e-05]]
[[-0.6950390317601209, -0.10935247057576392, 0.17765393416523742, -0.013282515623141028, 0.015635177354296436, 0.013659870369620082]]	[[0.0728245206920788, -0.5708435421246791, 0.21871273565765717, -1.2090585695232527, 2.8995997081547262, 0.0001028994712025785]]
[[-0.6708720697984533, -0.07665122000673152, 0.17116730258560697, -0.012512280341548655, 0.014714174233409203, 0.013865278134128993]]	[[0.07281051367999893, -0.5708420369591278, 0.21868248103033516, 1.2090310467591356, -2.899582033776457, -8.766372986358239e-05]]
[[-0.7041362828742153, -0.08381343560001275, 0.1807750801165226, -0.012309229067098276, 0.01560438514360352, 0.01430633310053613]]	[[0.07280917884344458, -0.5708515060056647, 0.21867864564818812, 1.2090562271687226, -2.899596090791041, -3.055403677387738e-05]]
[[-0.6849002131736008, -0.0957913559323747, 0.18620835303831257, -0.01264009699694848, 0.015049294456656172, 0.013726331143770917]]	[[0.07281119400423719, -0.5708568871732005, 0.21866081042816832, 1.2090035014152942, -2.8996157849558015, 6.385731149841557e-05]]
[[-0.717180559081069, -0.09377930023008385, 0.1829406428554726, -0.012253123809606867, 0.015136058154018571, 0.014220897846862111]]	[[0.0728060947705104, -0.5708590411602629, 0.2186170153922397, 1.2089911105655895, -2.899635062914788, 8.706543190680443e-06]]
[[-0.7589505739334457, -0.09142197765434279, 0.18449023956605926, -0.011652377871780875, 0.015030981294203027, 0.013881921658116496]]	[[0.07280930074828042, -0.5708429414551625, 0.21856434298365973, 1.2090247286432616, -2.899567311861782, -1.1965892269872623e-05]]
[[-0.7875593780962356, -0.11717476649336989, 0.2104886500259155, -0.011573060014499089, 0.013773994978554924, 0.013243547083334096]]	[[0.07281101874360031, -0.5708511518587793, 0.21852970893653034, 1.2090805646682767, -2.899606590267063, -2.9555746923068277e-05]]
[[-0.8372986968146148, -0.13501566928256375, 0.20751654340793244, -0.010564596610952898, 0.010388983008048736, 0.013914782711292331]]	[[0.07281318100031826, -0.5708715306441773, 0.21851480162842415, 1.2089736905329806, -2.899593815706853, 4.421206409869926e-05]]
[[-0.8762786590141254, -0.1428835522079947, 0.19683953619430672, -0.008923808541810622, 0.007390950223010734, 0.0136160530215172]]	[[0.07279749638777255, -0.570858236490692, 0.21850174096802039, 1.2089608647570356, -2.899562512706852, 4.206691884028831e-05]]
[[-0.8369637283428659, -0.15339390263097297, 0.2123187275441057, -0.008829562066000128, 0.009103529140442993, 0.013053893535556896]]	[[0.07280564193125906, -0.5708673061839057, 0.2184863109660706, 1.2089423266745987, -2.899467193757523, 0.00016861399928853185]]
[[-0.6767361458895258, -0.07035866675291447, 0.18889615180529254, -0.009215167286439665, 0.01196032404128827, 0.01194184586427361]]	[[0.07281447561099717, -0.5708802901721061, 0.2184584146011655, 1.208990959796748, -2.8994872290767977, 0.00018994903022709895]]
[[-0.6561912322094867, 0.0025167613913869014, 0.16613279920278515, -0.009689029160286222, 0.015190740937398294, 0.011431634960299085]]	[[0.07279696555591206, -0.5708687823649747, 0.21844880081864826, 1.2089785813209801, -2.8995059528067006, 0.00018891469133885106]]
[[-0.6489482540126991, -0.04200079002872287, 0.14025746845332798, -0.010051142556870004, 0.014256189066156099, 0.01171816544566344]]	[[0.07280251868914747, -0.5708870272783703, 0.21841003116857768, 1.2089557468151506, -2.8995023876336354, 0.00020776790752842337]]
[[-0.7025019738694851, -0.12592935228339874, 0.13199255062966175, -0.008838838219890519, 0.011111074091269515, 0.01122215428079577]]	[[0.07280251868914747, -0.5708870272783703, 0.21841003116857768, 1.2089557468151506, -2.8995023876336354, 0.00020776790752842337]]
[[-0.7267084813580318, -0.1945382209513568, 0.11848560598675643, -0.007584498424875152, 0.007102202899699242, 0.01145572636789894]]	[[0.07278594106421231, -0.5708806194018949, 0.2183441663364319, 1.2089043951340082, -2.8995252846011343, 0.00018685597820731394]]
[[-0.6685191361931359, -0.16972077065422375, 0.08872387702179334, -0.006194705536817394, 0.005226979206854667, 0.011353893144394493]]	[[0.07282025749941497, -0.5708762032048406, 0.21833598372307986, 1.2090605828774355, -2.899460066391954, 0.00020455742477421872]]
[[-0.6099766939541751, -0.19348125277235695, 0.05859313205408384, -0.007746220974257385, 0.007239254741059642, 0.011890210266299377]]	[[0.0728044979819581, -0.5708762829245525, 0.218293935935866, 1.208968990406225, -2.899485692985289, 0.00020451382128470292]]
[[-0.5753976196946722, -0.1925153950875092, 0.05316987649266698, -0.008627546766864546, 0.00820609711110485, 0.01136245066834275]]	[[0.07279993229464703, -0.5708764158640306, 0.21827937729855362, 1.2089612814744541, -2.89951607256632, 0.00014868390834441115]]
[[-0.5783635805350994, -0.18908622408760017, 0.041729344531000696, -0.00840946870863272, 0.004795708036652517, 0.012139731789972845]]	[[0.0728254017458489, -0.5708742119999353, 0.21825652605906526, 1.2090218826187988, -2.8994648379480967, 0.00016523318291959994]]
[[-0.7030172787159726, -0.21339486107602187, 0.030538006425141196, -0.0071450035665789596, -0.000249481403801155, 0.01211014611013198]]	[[0.07279828117583653, -0.5708808084232813, 0.21824545780348914, 1.208939828256301, -2.899562374308293, 0.0002245873287577644]]
[[-0.8195762604996935, -0.3058397853128388, 0.027278557003370178, -0.007570274990282678, -0.005115927380696543, 0.011813482841796976]]	[[0.072836488171351, -0.5708813862849709, 0.21820506977631438, 1.2090616672258174, -2.899461529388026, 0.0001653128528544882]]
[[-0.8688973404223108, -0.324584995893414, 0.023341723227132877, -0.008210245084129037, -0.008561257629851394, 0.012093267448544677]]	[[0.07281864338164742, -0.5708716632153269, 0.21819731148040117, 1.2089580403111737, -2.899504643323786, 0.0001851700642687387]]
[[-0.875089116107938, -0.27997634097670143, -0.0021248631926637142, -0.009411515462969814, -0.010870526382622337, 0.011897436068990705]]	[[0.07280354014380212, -0.570863469237885, 0.21815551507095762, 1.2089842070491936, -2.899522754649372, 5.3922106629165604e-05]]
[[-0.880345601500979, -0.21112917557979727, -0.032106548853287405, -0.010641205365036219, -0.013063174271125235, 0.011673474453071177]]	[[0.07279196194002666, -0.5708739933461628, 0.21811894177296734, 1.2089625226043852, -2.899517770451058, 0.00011028955030670294]]
[[-0.9420834853998454, -0.17560634105048173, -0.037000117340006876, -0.011348802502196071, -0.015495494613654699, 0.01264850236452231]]	[[0.07279985545640047, -0.5708760560786518, 0.21809193244992658, 1.2089446718210446, -2.8995257719325975, 9.102329037416293e-05]]
[[-1.0390141153787806, -0.17414914846020907, -0.029495373983730585, -0.012219016963166143, -0.018853038538209965, 0.013463839424591941]]	[[0.07281007745220197, -0.5708748340407905, 0.21806810782314834, 1.208949229013278, -2.89948601808084, 3.252708163152343e-05]]
[[-1.115881072197162, -0.15147267217533844, -0.044789849871815585, -0.012648195829386824, -0.023175079335821636, 0.013810103900663567]]	[[0.07280803012382125, -0.5708727118381753, 0.21805680185060572, 1.2090136691359854, -2.8994458622537183, 5.192566667787587e-05]]
[[-1.1679065243613418, -0.1314808202249863, -0.060120859391359326, -0.013269279291541848, -0.02590759343363972, 0.014429191513668277]]	[[0.07280987537124031, -0.5708639601657134, 0.21803219018886558, 1.2090324786951252, -2.899491161790223, 1.692886133770296e-05]]
[[-1.1626257607708295, -0.09014204720609276, -0.0673203668030759, -0.013418678190208254, -0.028101597544501006, 0.014787921253857996]]	[[0.0728067725604351, -0.5708693315136679, 0.21798996210556587, 1.2089796579417893, -2.8994618368201635, -6.623533560244032e-06]]
[[-1.1881692759277387, -0.06503316060799136, -0.07165615773738657, -0.013355792861703509, -0.03000776466577701, 0.014799225573974955]]	[[0.07281042130390344, -0.5708653121007874, 0.21800930215992137, 1.2090319388085498, -2.8994899832765455, 9.077088274404306e-05]]
[[-1.244994063336821, -0.10900046196691415, -0.07548020276772986, -0.013609107368972015, -0.03367449367343257, 0.014923691079376156]]	[[0.07279985222232421, -0.5708726195198726, 0.21796325877805045, 1.2089159111162895, -2.899552758178422, 3.423411107721612e-05]]
[[-1.3342256893795028, -0.15337126917945498, -0.08033878581882578, -0.012358615087516385, -0.038433679473398576, 0.015092772472585104]]	[[0.07279895021780036, -0.5708545921434007, 0.21790310577033567, 1.209015865444161, -2.8995022935498236, -0.00013434057376864774]]
[[-1.433926539017269, -0.20423463164900835, -0.08028910751192633, -0.010717562672720286, -0.04343220181986418, 0.015278632487001837]]	[[0.07281630874746987, -0.5708586498385567, 0.21790218568808245, 1.2090550758253618, -2.8994972888957107, -5.8569790029394336e-05]]
[[-1.427854745292393, -0.19579495370075894, -0.09853358803790016, -0.00895250800129243, -0.05062822043090778, 0.014209195748626068]]	[[0.07279922542776725, -0.5708708918919745, 0.21789049125696117, 1.2089852615236516, -2.8995247606197316, 1.600814327586955e-05]]
[[-1.5177866405998843, -0.2207877259468345, -0.10050203724980472, -0.007870051786725889, -0.053666712113622235, 0.014525079506435562]]	[[0.07280582436885719, -0.5708661410506131, 0.217840731298364, 1.2089899024322934, -2.899538075051465, -7.636665939832142e-05]]
[[-1.5756473913523545, -0.2831416058456848, -0.10816129927264737, -0.008491783680751618, -0.056960623078964844, 0.014593516354168959]]	[[0.07282264345990982, -0.570866669889199, 0.21783427121455595, 1.2090238705336367, -2.8994714275787152, -3.945786575378487e-05]]
[[-1.5813820911771845, -0.263509422662524, -0.12075034467033037, -0.007629464573903504, -0.062331999198210156, 0.014177771054113593]]	[[0.0728201422516977, -0.5708532803634835, 0.2177722806596219, 1.2090689075624064, -2.8994822612158475, -0.0001923136911389797]]
[[-1.6333115541981416, -0.2697358597873719, -0.12398969418945312, -0.0077497496510746215, -0.0666590982658337, 0.014813662234315331]]	[[0.07280754074711897, -0.5708508379362164, 0.21778240555929657, 1.2090600435611563, -2.899509613554115, -9.543976713687311e-05]]
[[-1.6330364376963364, -0.22908921685808947, -0.1379665901390867, -0.00666021004225896, -0.071498193453818, 0.014574837405141294]]	[[0.07279658490517027, -0.570854934009324, 0.21776071893911964, 1.2089900923875736, -2.899487701837344, -0.00011813712026745315]]
[[-1.6379898203194714, -0.20747770717699288, -0.16917569624941234, -0.007507396552800472, -0.07525906106253857, 0.014623335000714761]]	[[0.07282162863632166, -0.5708503853499602, 0.21773722060895762, 1.2091120264514486, -2.8994885720826464, -0.00011376819919994014]]
[[-1.678356842064407, -0.15466862313220253, -0.17832405554170366, -0.0087142691980161, -0.07825817124172715, 0.01483605967240939]]	[[0.07280383836867556, -0.5708574098058936, 0.21770493852302145, 1.2089950093028876, -2.89955081648804, -0.0001309166658570213]]
[[-1.6905169026935614, -0.08150955750678623, -0.1854278325168551, -0.009288754787063085, -0.08155765939571635, 0.014863255437102227]]	[[0.0727912726662366, -0.5708530149876749, 0.21767360396414565, 1.209051711427862, -2.8994900311044356, -0.00018957553931174485]]
[[-1.7180005925824768, -0.02772309982991028, -0.200585520493409, -0.00973270222893461, -0.08529691823533449, 0.015700377712191814]]	[[0.0728066942065471, -0.5708511245357993, 0.21766683436155615, 1.2090480004205, -2.8995808993042647, -9.083550216316162e-05]]
[[-1.7540574345645834, -0.04112711182744233, -0.20268136652200341, -0.010633396215434021, -0.08988104945729375, 0.01555023359400002]]	[[0.07280330782672358, -0.570839498465932, 0.2176122302182643, 1.209009408886434, -2.899534678332567, -0.00022592218535859347]]
[[-1.8317519163074623, -0.04693133043441999, -0.20271310906280102, -0.010169158994687039, -0.09388770118788257, 0.016555879487575958]]	[[0.07280137415646187, -0.5708377535915048, 0.21760179447064698, 1.2090229493089943, -2.899516479790359, -0.00024554422729791925]]
[[-1.8280290301522504, -0.05033041954791939, -0.20861200515348455, -0.010067923035251496, -0.09935346408754317, 0.016217022131414804]]	[[0.07279668492908555, -0.5708504289749623, 0.2175713249780048, 1.2090395617382579, -2.899560957132287, -0.00020447394747140766]]
[[-1.8700212407571228, -0.048731247550654944, -0.21183667477278256, -0.01085385174056673, -0.10459942995079413, 0.01657675699333632]]	[[0.07281204235265344, -0.5708301362234289, 0.21753358474079992, 1.209063559165467, -2.899565768530436, -0.0002781356555419668]]
[[-1.951071946331417, -0.0016918814826021311, -0.23345253959643383, -0.010422754995506274, -0.10905066385400763, 0.01656178408285954]]	[[0.07282951889436098, -0.5708387210331887, 0.21751535178540898, 1.2091141609191642, -2.899543446857545, -0.000220769980964879]]
[[-2.014264376964284, 0.010584875414967554, -0.23967121260780028, -0.01018000323317967, -0.11327604176187783, 0.016853440266571026]]	[[0.07279819827268368, -0.5708388751326834, 0.21749465140234756, 1.2090354175362632, -2.8995510272470235, -0.00025908544513942206]]
[[-2.091287391222176, 0.023196992683773843, -0.24635211642276017, -0.00963520728477292, -0.11749711325855057, 0.017171669348770065]]	[[0.07281807292717658, -0.5708271305668018, 0.21747535446914568, 1.2091144548114863, -2.89954400732858, -0.000239847624408601]]
[[-2.1548892448626114, 0.060120662846059325, -0.26674808000470146, -0.008518096949809761, -0.12204000612837146, 0.016936848373905806]]	[[0.07280670616063706, -0.5708418095910595, 0.2174367251950743, 1.209036579635886, -2.8995502899828, -0.0002408288508312745]]
[[-2.242006777415276, 0.02123575585582027, -0.2539557022483771, -0.010203950366779721, -0.12495851225247159, 0.017412247637367446]]	[[0.07279917622942589, -0.570837999176388, 0.21740058459743322, 1.2090749760759243, -2.89954910419064, -0.00029388663695396644]]
[[-2.2527733537653516, 0.042551266863401604, -0.2549743290174507, -0.010953428085847546, -0.12822439202414623, 0.01747142442169568]]	[[0.07281092096139956, -0.5708407490251644, 0.2173962264482419, 1.2090266162003442, -2.8995283591404606, -0.0002204449043534464]]
[[-2.2571169456631752, 0.0513546833968741, -0.2694132193756968, -0.011838909531629353, -0.13211656216016698, 0.017059793355103225]]	[[0.07280176003832986, -0.5708379697233461, 0.217361418437421, 1.209049243560401, -2.899585020924744, -0.00023786970647352726]]
[[-2.2905347709190287, 0.057431742698213606, -0.27681940147289463, -0.012873936480451535, -0.13657383359998485, 0.01679019355929009]]	[[0.07281350712168833, -0.5708338590041471, 0.2173710679442783, 1.2090786150449104, -2.899555944100154, -8.701715702574555e-05]]
[[-2.293239709721715, 0.04442579354451248, -0.2837332976254949, -0.013766045031813834, -0.14214359805605642, 0.016385733665263764]]	[[0.07280619216898603, -0.5708367737543129, 0.21731892559897256, 1.2090224866266175, -2.8995675397456955, -0.00012533760063268996]]
[[-2.349894050972104, 0.03386479398556275, -0.28024699288535854, -0.01392536806097544, -0.14696974802461787, 0.016723484967354763]]	[[0.07282964345278556, -0.5708354138352951, 0.217291136391599, 1.2091184669323631, -2.8995547894815488, -0.00016027491920290356]]
[[-2.42187867409874, -0.019583942955688327, -0.30023356138537066, -0.01475696103453275, -0.151899189189067, 0.01706568739300413]]	[[0.07280246800567326, -0.5708432470897836, 0.21728015452179245, 1.209026828782938, -2.8995783566409647, -0.00010412033511875202]]
[[-2.4947852738907943, -0.04546708079600581, -0.3057168056642852, -0.01427188638025259, -0.15697387665879875, 0.017579607121892372]]	[[0.07281062457770476, -0.5708416788808637, 0.21724801024242263, 1.2089802858036798, -2.8996109596825668, -8.577642084137206e-05]]
[[-2.547878573042343, -0.1354436892358588, -0.30065834061917124, -0.014162152722185739, -0.16193130645094506, 0.018098550208710044]]	[[0.07283078156338484, -0.5708573434241472, 0.2172528133581027, 1.2090823312463739, -2.899564123952475, 0.00010249510594104823]]
[[-2.616188321311472, -0.2072091888862091, -0.300635267008561, -0.013517438693868011, -0.16702601453222926, 0.018121596901968115]]	[[0.07281810388472415, -0.5708495006952012, 0.2171952271206756, 1.2090390487666807, -2.8995595269124426, -4.932390073022985e-05]]
[[-2.702287113377407, -0.2405662931615431, -0.3155061398854496, -0.012856743102633364, -0.17311752011680848, 0.018333553356961654]]	[[0.07281519594375281, -0.5708485979633586, 0.21716910910343823, 1.2090296116362989, -2.8995368292562462, -3.0749114161108884e-05]]
[[-2.8056918873916, -0.2993524343002154, -0.32001715222749416, -0.013083934079462206, -0.1775107484370092, 0.018347199565032925]]	[[0.07281961286230841, -0.5708500848369268, 0.2171569329585118, 1.209061140001006, -2.899562153771977, 8.109124048390532e-06]]
[[-2.87953210731359, -0.3356160252829663, -0.3264092656003602, -0.012601403758965415, -0.18126546874515975, 0.019376336913717155]]	[[0.07281583484416179, -0.5708486540494468, 0.21714620276870333, 1.2091081776625563, -2.8995797677128574, 0.00010302194935732711]]
[[-2.9342680607758447, -0.3789214331353963, -0.33149203519885545, -0.012463773863456637, -0.18468874024827517, 0.01981232493074592]]	[[0.07280508935041352, -0.5708534937114124, 0.21709554974099687, 1.2090550509965656, -2.899551695407143, 2.5465969015118547e-05]]
[[-2.950985989097485, -0.38948764079514886, -0.35612127317587133, -0.012230507602885507, -0.18899203898426103, 0.020185943683391962]]	[[0.07280282633434645, -0.5708404738067685, 0.21707163484627195, 1.2090126585091336, -2.8995959041459503, 2.562496081788564e-05]]
[[-2.978194335169378, -0.3669020104752998, -0.3804063621828493, -0.011043755354552251, -0.1926037861201197, 0.02050397107064158]]	[[0.0728059871370177, -0.5708420859771579, 0.21705810434371373, 1.20898661145609, -2.899630969635556, 0.00010192406328621227]]
[[-3.003799583577783, -0.3800981389366107, -0.4116249602969121, -0.010757392979745664, -0.19593638070295427, 0.020780371490648604]]	[[0.07279527122227004, -0.5708583640471486, 0.2170282868335683, 1.2089768648036945, -2.8996079574315323, 0.00015560418155479745]]
[[-3.0443446619026093, -0.43460080516340827, -0.43396262262457286, -0.011899818764427014, -0.19953370733990303, 0.021500394481952234]]	[[0.07279981237421512, -0.5708514469143193, 0.2170132473199609, 1.2089945104157052, -2.899601544765927, 0.0001178982236919188]]
[[-3.027298797640378, -0.4525778858434377, -0.4686353743809694, -0.011833484817584103, -0.20443869234701414, 0.021763082720022277]]	[[0.07280905196166265, -0.5708510990058464, 0.21696670824757466, 1.2090460275030386, -2.899528504404182, 7.65317818363942e-05]]
[[-3.024980978407064, -0.5007587566666771, -0.5089705480842304, -0.01212708838573584, -0.2090156187624056, 0.02142043036556536]]	[[0.07280935963187997, -0.5708415874982903, 0.2169555871718245, 1.2090254308333563, -2.8995764371292743, 7.796505365443996e-05]]
[[-3.068334030643252, -0.5160377786849337, -0.5527966170398155, -0.011747038311161265, -0.21312240633528046, 0.022796797841825457]]	[[0.07283296542767329, -0.5708528980000499, 0.2169355718931147, 1.2090778306191674, -2.899605517615791, 0.00013719378091993413]]
[[-3.1256622786229857, -0.5198355314427157, -0.5814777381255144, -0.01124363470266071, -0.2182623190848012, 0.023083243018816542]]	[[0.07282759397276722, -0.5708295942649216, 0.21690483407391764, 1.2091341329967624, -2.8995452734217326, 5.888355798380123e-05]]
[[-3.1704783331305784, -0.5130614681581471, -0.6076438903383528, -0.01039235621454887, -0.22390443433563975, 0.02311102975976053]]	[[0.07282358263343666, -0.5708414750508847, 0.2168876332330984, 1.2090088437109852, -2.8995837341778503, 7.639378640794167e-05]]
[[-3.280134271370375, -0.5243811340159994, -0.6260425924021896, -0.009859240670446315, -0.227691067653909, 0.02409860782289829]]	[[0.07280794661636167, -0.5708342928887757, 0.2168459288999871, 1.2089963003913407, -2.899604321518668, 1.4426716746336322e-06]]
[[-3.325551994051211, -0.5348261237755185, -0.6598233952801037, -0.010034205072288735, -0.23339084646965474, 0.023278510668983496]]	[[0.072827483787352, -0.5708362208577414, 0.2168190914113152, 1.2091076403081698, -2.899530839380772, 3.8169715567833516e-05]]
[[-3.325906841414871, -0.5144845344816718, -0.6913765617419217, -0.009309353404665266, -0.23976292438439745, 0.02271789165353658]]	[[0.07280558967739711, -0.5708245967244996, 0.21678754895144992, 1.2090359680076386, -2.8996022601273572, -5.322226543571871e-05]]
[[-3.3645640475215552, -0.5093826175948848, -0.7013243353620701, -0.008991910069497844, -0.2445381257039534, 0.022700300376885373]]	[[0.07280791691543056, -0.5708308228947266, 0.21677226460884763, 1.2090876047572787, -2.8995803660790718, -3.450476254817508e-05]]
[[-3.4130915863062663, -0.47625779209114505, -0.7209298310070595, -0.009144525191950331, -0.2498303905283067, 0.023061200444321608]]	[[0.07280365507854976, -0.5708297184441959, 0.21673788460542143, 1.2090047815210174, -2.8995762659730233, -5.529029177465296e-05]]
[[-3.5380728013193243, -0.4662618209548328, -0.7254942461695478, -0.009963167134616244, -0.2536970190535213, 0.02389395963678772]]	[[0.07280745053734806, -0.5708139109480515, 0.21669704616254712, 1.2090322596405496, -2.899593497726114, -0.0001479577463570936]]
[[-3.567626021144256, -0.3954562873971492, -0.7485345947695724, -0.010135779415840193, -0.2597919350166033, 0.023368093741379947]]	[[0.07280932553645025, -0.5708258437448213, 0.21669579134641498, 1.2090577958829907, -2.899555640488237, -0.00011151887399938794]]
[[-3.5697876761463765, -0.3538897588383203, -0.757794117497769, -0.011450067507407902, -0.26624578357473583, 0.022918622231404836]]	[[0.07278902291557608, -0.5708226317939307, 0.21664322983027218, 1.2089626656783956, -2.89962360174336, -0.00018547029652755636]]
[[-3.6422031074012615, -0.3054793740136017, -0.7697634992713065, -0.012336144177607672, -0.27211541436383446, 0.023446248795916853]]	[[0.07280948358998816, -0.5708193802094105, 0.21661905248027108, 1.2091016396599013, -2.8995658079869644, -0.0001865874380194055]]
[[-3.6909983659759886, -0.27306358556813515, -0.7629770406918075, -0.01314144288303834, -0.2782922233203604, 0.023415462588189474]]	[[0.0728112522844557, -0.5708016527760156, 0.2165903269188662, 1.209106968870048, -2.899578379878569, -0.00026128377988590814]]
[[-3.7012728596544444, -0.21109243496283359, -0.780263027266468, -0.012205189419298157, -0.28490846607422216, 0.023166729468923536]]	[[0.07279568927602134, -0.5708145540328905, 0.21657982053629027, 1.209006295193746, -2.8996311822013836, -0.00016624092372640516]]
[[-3.7218206499439503, -0.21856860067581518, -0.7922146587077359, -0.011853359301742777, -0.2902860342257043, 0.02380315922265342]]	[[0.07280841521785178, -0.5708233328060548, 0.2165593550276318, 1.2090051495880652, -2.899577868613559, -9.183045678020414e-05]]
[[-3.779017129223221, -0.2269079252130699, -0.8010835232845339, -0.01128367581816278, -0.2945804931194297, 0.023548582058713317]]	[[0.07281758750477298, -0.5708151859920318, 0.21652253138079575, 1.2090590891795527, -2.899610264666202, -0.00020300285283191046]]
[[-3.817070725209507, -0.25547256795262285, -0.8170298304682178, -0.010463304848423755, -0.2986678002750027, 0.02395111131795202]]	[[0.07281135854792323, -0.5708175890579801, 0.21649344160898468, 1.2090590698645183, -2.8996103993709292, -0.00020215359486500881]]
[[-3.8319747149926773, -0.26500798889403243, -0.8357909035169181, -0.009332483588395946, -0.3016458116316524, 0.02432234828123264]]	[[0.07280189703819394, -0.5708215837577726, 0.2164946981368573, 1.2090273111708927, -2.8995826953138994, -0.00012787439811801196]]
[[-3.839060719515421, -0.24933490417847715, -0.874202797788395, -0.008347011652374253, -0.3046346068659331, 0.02369512069211957]]	[[0.07281933145006311, -0.5708042203301591, 0.2164242317784303, 1.2090902307528335, -2.899587818960389, -0.0003344192234167865]]
[[-3.8553296522787894, -0.23582063836614187, -0.9020018598932585, -0.007738164770406619, -0.30709560231833877, 0.024476947300144707]]	[[0.07281946647313577, -0.5708079082648474, 0.21641993933399534, 1.209119621478385, -2.899561001377895, -0.00025989795613714725]]
[[-3.8658578039208837, -0.28679655388234715, -0.9268286641807443, -0.008480379149865491, -0.30848289572693827, 0.024354138548135288]]	[[0.0728025736960483, -0.5708043508667978, 0.21638886459552573, 1.208994652341912, -2.899599856029105, -0.0002600665586309922]]
[[-3.8526993418369444, -0.33714402399353993, -0.963687151315531, -0.009176461797125529, -0.30964540804814245, 0.025027562491281845]]	[[0.07280414916738465, -0.5708106261281397, 0.21633764916437104, -1.20912317033595, 2.899568312900828, 0.0003134378687552869]]
[[-3.8354887436555574, -0.32900501572697083, -1.010386776881093, -0.00832916044131854, -0.3104339222605361, 0.02490427155279038]]	[[0.07281000999230348, -0.5708105207754318, 0.21635186142390483, -1.2090416308531327, 2.899617799610277, 0.00020242863684918024]]
[[-3.816813547252158, -0.33791358074495936, -1.0508294118753958, -0.008617043882649195, -0.311559617032027, 0.024339696076235574]]	[[0.0728096680162049, -0.5708062095166521, 0.21632354587626618, -1.2090541008551772, 2.899599156644104, 0.00021845349530299812]]
[[-3.8177051438685368, -0.34047687753244893, -1.085317102371911, -0.009485838238213917, -0.31201794901092317, 0.02385474099661118]]	[[0.07281799254477797, -0.5707937779063232, 0.21627931813683532, -1.2090922827414026, 2.899593315144421, 0.0003335093323228231]]
[[-3.8188680600339135, -0.33919970634303365, -1.1312563425138291, -0.010126998944961552, -0.3125027830235334, 0.023972206337073167]]	[[0.07281682444526469, -0.5707940819573256, 0.21624087471740866, 1.2091472107943733, -2.8995792204183637, -0.0003908314201079861]]
[[-3.8393375594411374, -0.32457445115780215, -1.155600046256244, -0.010924978873826097, -0.3131756180149421, 0.02333234564345577]]	[[0.0728053331507553, -0.5708015132232134, 0.2162180206834902, -1.2091127206935726, 2.899594089492182, 0.0004084194923117295]]
[[-3.882582094900923, -0.3567403920763845, -1.171774850557182, -0.012813439756322043, -0.31366330560057115, 0.023584357477755818]]	[[0.072790425922657, -0.570807215524631, 0.21621255442625562, 1.2090501461711787, -2.8995918511862926, -0.0002954041796029593]]
[[-3.907072560911886, -0.35085040952185476, -1.213864126643168, -0.013925333771516252, -0.31445928468871215, 0.023831001490484865]]	[[0.07280573327193132, -0.5708058983404628, 0.21617543682704568, 1.209107525866317, -2.8995818389671912, -0.000331735682187418]]
[[-3.943394485490556, -0.30738099680298814, -1.2591456195519706, -0.014307344131872207, -0.31534505008819175, 0.023954397542136872]]	[[0.0727731188139206, -0.5708026392574886, 0.21614307363497912, 1.208977219485219, -2.899611704822735, -0.0004082311304987691]]
[[-3.9299246914538686, -0.22307004583250234, -1.3110471273363957, -0.013741199168703117, -0.31713403231726045, 0.023401643243439754]]	[[0.07280256285930264, -0.5708097085365462, 0.21612606122173542, -1.2090577884874245, 2.8996070565401033, 0.00032907404590825566]]
[[-3.955119011967768, -0.1961252269723992, -1.3487162284573964, -0.013649721732743092, -0.31684155611901216, 0.02369165259501767]]	[[0.07280725038768271, -0.5708065131270322, 0.21610622256825868, 1.2090779141588948, -2.8996066016392392, -0.0002930097144114941]]
[[-3.9556549316076444, -0.16848789563099942, -1.3947176538477626, -0.01292644119695685, -0.3168041290205316, 0.02411704002111231]]	[[0.0727999399094982, -0.5708060806537334, 0.21606680027642128, -1.2090612229428432, 2.8996154189310213, 0.00036739400218327597]]
[[-3.9066882692696323, -0.1590127569299662, -1.4627664601925099, -0.012791937667138792, -0.31758684987770724, 0.02412665493238243]]	[[0.07278821343706465, -0.5708012904892661, 0.21604994767045388, 1.2089989510349022, -2.8996156978610905, -0.0003694738060043433]]
[[-3.915714479001803, -0.20441976797424632, -1.51162211478106, -0.0137468321491801, -0.3169450719922591, 0.024203736895290928]]	[[0.0727996709993503, -0.570805264098947, 0.21605608945566757, 1.2090425302395276, -2.899621175134661, -0.00027278335063763635]]
[[-3.911614856921737, -0.23586686370217236, -1.5570303518462314, -0.01446239649472461, -0.31680081519009856, 0.024588554645967223]]	[[0.07279056197206317, -0.5708041628655905, 0.21600768887433747, 1.209072444716002, -2.899597687404941, -0.0003469451894708036]]
[[-3.90564199178915, -0.2511067810936791, -1.5926424054847335, -0.015181184753081944, -0.31698549892106054, 0.024431459487021044]]	[[0.07281167845027986, -0.5708059871993322, 0.2160029243118105, 1.2091020385421867, -2.8995694083542363, -0.0002165636407258517]]
[[-3.8590355405645216, -0.2179138755647514, -1.6395991010602493, -0.014060380861405514, -0.31796201104132094, 0.023370184260636098]]	[[0.07281592356361366, -0.5707983224236681, 0.21596449253833389, 1.209103518420152, -2.899571054066418, -0.00030853861009244577]]
[[-3.8285534218395005, -0.19120434069603198, -1.6834996555655772, -0.013224379928073904, -0.31866849486120763, 0.02348130954134781]]	[[0.07278949590908475, -0.5708101821703453, 0.21594479709284176, -1.2089998450585915, 2.899618845960232, 0.0002681447897640131]]
[[-3.812454112934386, -0.1766720714353498, -1.7257281164159464, -0.012357869100919433, -0.3197811346955901, 0.023164839413547588]]	[[0.07280218062222328, -0.5708118245077879, 0.21596169787178493, 1.2090592559451738, -2.8996112493469486, -0.00011901143092387615]]
[[-3.8399657366905666, -0.17523419592836253, -1.777135274069861, -0.012041731120208843, -0.3204255338649816, 0.02352178942359991]]	[[0.07282601355214245, -0.5708061004468085, 0.2159195951195091, 1.209101761003572, -2.8995691813396274, -0.00017639055733095763]]
[[-3.828873098782326, -0.16776811311322093, -1.8121673868895434, -0.012224695500492211, -0.3218370118350262, 0.02363837766462155]]	[[0.07280267426489723, -0.570816611936295, 0.21588268915549644, 1.2090889208986166, -2.899587491968848, -0.0001763294110547994]]
[[-3.8464001166772688, -0.1585489669007114, -1.8467619122351344, -0.012316365463434842, -0.322381881464073, 0.023862494585891864]]	[[0.07281794403031505, -0.5708021758638355, 0.2158603673145028, -1.2090436392795918, 2.8995763530574736, 0.0001527807077667983]]
[[-3.829814590185606, -0.1674697767686617, -1.8808410405437794, -0.012932222337969757, -0.3237036938554277, 0.023955275303626695]]	[[0.0728013224178348, -0.5708163156946745, 0.21584974046938588, 1.2091012134852066, -2.899568366588187, -0.00012004870592681681]]
[[-3.849248909944876, -0.1893395122750483, -1.9207921727322816, -0.013949707214283819, -0.3240637774866982, 0.024063809667946662]]	[[0.07280794505218603, -0.5708238212886729, 0.21582920154346888, -1.209006455341846, 2.899633544572378, 4.11612863852755e-05]]
[[-3.819030327441208, -0.17933328154562167, -1.9679621600363362, -0.014133250240942058, -0.32586649533865, 0.02341125426092656]]	[[0.07281686233773323, -0.5708162104155086, 0.21581870358636385, 1.2091391577298891, -2.899562259212895, 3.0867934020089835e-05]]
[[-3.8779599234038127, -0.18245121220319405, -2.0040383999252995, -0.013925790792651854, -0.324950760777972, 0.023553320749165694]]	[[0.07283185097882233, -0.5708215500897742, 0.21578883810946717, 1.2091516697601168, -2.8995438677441108, 4.7844245210304425e-05]]
[[-3.8437011131501366, -0.209954763175763, -2.0433017022634665, -0.01472228621241592, -0.3260236962268769, 0.023580635143176133]]	[[0.07281483436154225, -0.5708263885829434, 0.21579143488955693, 1.2090563240030936, -2.8996072882362265, 0.000144632206806766]]
[[-3.811632371342234, -0.22791630663828633, -2.08835371312789, -0.01513719483977935, -0.32742165746315266, 0.023760568377212403]]	[[0.07282005599574942, -0.5708280959533305, 0.2157630157419402, 1.2090647659279126, -2.8995789585990686, 0.00010446440739836763]]
[[-3.7965841539474683, -0.20453262718877463, -2.135076642137686, -0.014597398437062759, -0.32847189328770054, 0.024234130730329918]]	[[0.07281526298266684, -0.5708363819206624, 0.21575697096448815, -1.2090682666878758, 2.8995878631371643, -0.00024017889782114817]]
[[-3.798557961557194, -0.20897387776332632, -2.1884416096807104, -0.014130225226904075, -0.32924582977060046, 0.024808760401185518]]	[[0.07281383492929099, -0.5708359519072004, 0.215717003330468, -1.2090380166258055, 2.899612748314984, -0.00022038329282092573]]
[[-3.8381379300056615, -0.22328760540905712, -2.2558547960287516, -0.013357846531463491, -0.32908130837170313, 0.025374508035725746]]	[[0.07281125187036003, -0.5708358205519554, 0.215677203719786, 1.2090730985754699, -2.8995996291061563, 0.000199121863286371]]
[[-3.7914039563661555, -0.23235306799147226, -2.3271789318896703, -0.01218594473887305, -0.3310982539665262, 0.02530644914030786]]	[[0.07281283261290784, -0.5708331798172898, 0.2156813929705797, -1.20903849174568, 2.8996139504135625, -0.00029235452610547146]]
[[-3.7571459157111504, -0.23860612475270448, -2.396853644803583, -0.010487024207868623, -0.33288154551976185, 0.024158174679820038]]	[[0.07281228690630714, -0.5708351735973055, 0.21564556627752698, -1.2090423585526144, 2.899623419404541, -0.00021734666942152154]]
[[-3.7916829031678043, -0.268002936949272, -2.4472790921970033, -0.009476038712505241, -0.33279237227135233, 0.024811141574500897]]	[[0.07278936677390059, -0.5708318247872161, 0.21562231127137896, -1.2090241993393276, 2.8996304312463432, -0.00019845118040360388]]
[[-3.746943954327424, -0.29500164909602766, -2.515321110726448, -0.009722113185937159, -0.3353879960209679, 0.024717097385223003]]	[[0.07282923892718429, -0.5708423301748428, 0.21560975513474928, -1.2091114305088335, 2.8995948306781654, -0.0002909064949148057]]
[[-3.7930221891242875, -0.30885226234783625, -2.553000312889216, -0.010022149383613288, -0.3354140908004793, 0.025347279670270426]]	[[0.07283289239371261, -0.5708486863071645, 0.21560213837255432, -1.209107633413925, 2.8995859788739886, -0.0003463658466708143]]
[[-3.8170338078823898, -0.3210849716825104, -2.6132097229958737, -0.0104844147699035, -0.33549545527183255, 0.026020229213289253]]	[[0.07280892955522383, -0.5708526868307635, 0.21558616532955266, 1.2090835328278422, -2.8995786694424943, 0.00038183515329550055]]
[[-3.778621819513744, -0.31825856119881357, -2.672059320529484, -0.011141214410969547, -0.3369267472033035, 0.02495424562357952]]	[[0.0728117745493185, -0.5708405457897217, 0.21553467072201393, 1.2089991075372821, -2.8996175421599606, 0.00023212884540714334]]
[[-3.788943686323901, -0.27331982079656947, -2.7390807958989134, -0.010870005439544195, -0.3373658063669509, 0.025113323897860706]]	[[0.07279758789710462, -0.5708380743241516, 0.215513731093616, 1.209002878013442, -2.899628582233622, 0.000251380311762381]]
[[-3.84312907255835, -0.30572765695972137, -2.79986722809614, -0.01283839773389947, -0.3369435846193175, 0.026302093039114894]]	[[0.07281427795467202, -0.5708370243308843, 0.21550002076931482, -1.2090376347058347, 2.899612901931168, -0.00027040957906044347]]
[[-3.862538285880042, -0.27740096335321907, -2.872385241969443, -0.013108145670944843, -0.3371777151603582, 0.02645743869058]]	[[0.07281982294536099, -0.5708361940486149, 0.21545356525036166, -1.2090770299821512, 2.8996083007817344, -0.00023180655248672145]]
[[-3.9670946163009657, -0.24975464450310625, -2.9549833873072444, -0.013337235732516578, -0.33571703149723986, 0.027565031861897595]]	[[0.07281773018339611, -0.5708339026741968, 0.21545650219133072, 1.2091421187555507, -2.8995695942846753, 0.00030623171179593834]]
[[-3.935060046053338, -0.23182991702548006, -3.0568290979306885, -0.01350305633518012, -0.3375352872825752, 0.02757113444948503]]	[[0.0728246972663777, -0.5708300979903275, 0.2154304394767999, -1.209076605730041, 2.8996091829005723, -0.0002700873384847925]]
[[-3.9061744377333443, -0.23016884976009178, -3.1405496261131236, -0.013573875276250147, -0.3389918480945026, 0.027257778342969944]]	[[0.07282572480660077, -0.5708362670228826, 0.21540710762378726, 1.2091072634971831, -2.899585617478444, 0.0002506590735488689]]
[[-3.931424397246327, -0.1940150993755596, -3.2388505639922225, -0.012884094443780747, -0.33964857983359914, 0.027300785237440024]]	[[0.07281039406843574, -0.5708463830107308, 0.21540901324809852, -1.2090545947019775, 2.899607498346216, -0.00036513250948763177]]
[[-3.9268013777034554, -0.1983175634302734, -3.3284613518362525, -0.013316329103151947, -0.34137474243253774, 0.026660967378338805]]	[[0.07283219274565803, -0.5708397861999737, 0.21538129030556802, -1.209028522887488, 2.899591852992224, -0.0003656582523226885]]
[[-3.9164011027147714, -0.20152507573197553, -3.419395773473851, -0.013355906338401752, -0.3431568468444711, 0.027053435974371168]]	[[0.07281509620398673, -0.570842556111812, 0.2153508269078616, -1.209024532774544, 2.8996309418324717, -0.00028863408085266925]]
[[-3.909447420619579, -0.20659373839701156, -3.4924688352879607, -0.013634377488423471, -0.3449671705709564, 0.027688593358021547]]	[[0.07281150359755738, -0.5708329329200184, 0.2153075467831554, -1.20900685460347, 2.8996371717403098, -0.0002490635288203156]]
[[-3.930441812761533, -0.23519820578559947, -3.5861772637248865, -0.014647341380654905, -0.34595654415477944, 0.027342301625077906]]	[[0.07282454964797906, -0.570833043376322, 0.21530109509665463, 1.2091070237613428, -2.8995854613365957, 0.000287182447675918]]
[[-3.903526889850732, -0.25461200074675694, -3.663475115870339, -0.014800955189663845, -0.34746619088426767, 0.027061376653908537]]	[[0.07281249372156114, -0.5708424214816852, 0.2152424470423848, 1.2090519414919079, -2.899597849276075, 0.0001944915041191996]]
[[-3.8853356184423538, -0.2370745634796978, -3.731317480718931, -0.013696443897785127, -0.34794037556944496, 0.027157843539850176]]	[[0.0728062314166058, -0.570845428467226, 0.215259300301325, 1.2090498085803831, -2.899596558216315, 0.0002876893736944896]]
[[-3.8748367346372814, -0.2772167571189659, -3.783723332122647, -0.013864608895000075, -0.3481894899579798, 0.027045101211107637]]	[[0.07282774282050888, -0.5708381799888845, 0.21523845037497488, -1.209110720437517, 2.8995948379309633, -0.0003077535423756574]]
[[-3.8824158131422006, -0.31011032385412807, -3.8224786968799247, -0.014407031904081408, -0.34827588983131585, 0.027144584254704045]]	[[0.07282870257508837, -0.5708441977920986, 0.21519229521826772, 1.2090726394295384, -2.8996011704340514, 0.0002489350285502295]]
[[-3.8452973932414345, -0.2956410180836513, -3.86491849521564, -0.014469944031594767, -0.3487762813815251, 0.026537937537542407]]	[[0.07282553431214135, -0.570846019441794, 0.2151775308816437, 1.2090241959793788, -2.8995822059572496, 0.0002469497102854076]]
[[-3.843544622342077, -0.28875273100414156, -3.906595083192155, -0.015168537684351197, -0.3488157382380287, 0.02707806831421811]]	[[0.07283040909398855, -0.570840043581066, 0.21513340538864778, 1.2091113900859738, -2.8995481630032955, 0.0001542263040668909]]
[[-3.824503392671834, -0.22893288708025605, -3.9578223724813744, -0.014856211418098036, -0.3498793131187412, 0.026890623972148343]]	[[0.07280962407440797, -0.5708312489325642, 0.21513418889943858, 1.2089692544612207, -2.8996450578956257, 0.00023023773180124718]]
[[-3.8339415094568734, -0.21273371719700762, -4.00532643030646, -0.015329602080593197, -0.34971790523701207, 0.026643647112823642]]	[[0.07281665180056875, -0.570846742077933, 0.21508631736890305, -1.209040073636295, 2.8996210267466624, -0.00019437426465302468]]
[[-3.8720463978643203, -0.22572459290678548, -4.04931066371913, -0.016091306371211866, -0.3494069294231598, 0.026884550771059862]]	[[0.07282316543511264, -0.5708416877897253, 0.21507352097667715, -1.2090707132264151, 2.899595273160272, -0.00019556224472059387]]
[[-3.869166224911443, -0.22238732367077718, -4.0922173186321755, -0.01666757440609709, -0.3505475838420749, 0.025717357756887767]]	[[0.07281789986028915, -0.5708433026344021, 0.21505183850432302, -1.2090824516781415, 2.899576926944422, -0.00017644583884204624]]
[[-3.909827190076506, -0.21422529939467605, -4.135581350296567, -0.016640241361545294, -0.3504019931295943, 0.025946216634996234]]	[[0.07281675227895693, -0.5708295002780795, 0.2150097103224063, 1.2090856792826232, -2.899535349337637, 5.828907415811073e-05]]
[[-3.894737407688694, -0.22436539139122913, -4.185513586249216, -0.017021942367552195, -0.35118640808009327, 0.0261273292206402]]	[[0.07280482178758686, -0.5708349378046982, 0.21497721810874523, -1.2090556211727514, 2.899611846250086, -0.00010054637957633221]]
[[-3.8663658989478886, -0.17942117917999045, -4.241286336097134, -0.01589423193079692, -0.3522145630619982, 0.02588351318191205]]	[[0.07281464075608085, -0.5708413280417592, 0.21498608694716906, -1.2090396150158926, 2.8996202868071705, -0.00017671496686908812]]
[[-3.9125274509122994, -0.244643833828736, -4.277296866175899, -0.017283190500526097, -0.3514653786341105, 0.027059298016758805]]	[[0.0728058807842624, -0.5708411503157123, 0.2149384928539345, 1.2090391528755589, -2.8996193391090577, 0.0001200510930626889]]
[[-3.8867116937284445, -0.27873266161388943, -4.330865571642067, -0.017626377698316043, -0.3517645479593172, 0.026343196028947812]]	[[0.07281271118145283, -0.5708395787300171, 0.21491438405657093, 1.2090391700730192, -2.89961948288859, 0.00011902826102441015]]
[[-3.8328358709074544, -0.26756756418447636, -4.358910967406991, -0.01672011667471693, -0.35208125307407484, 0.025450324049851435]]	[[0.0728188568873464, -0.5708368833266779, 0.2149110247733027, 1.2090214530891208, -2.8996255884668134, 0.00017770304417659815]]
[[-3.8196588418749133, -0.2872159058513597, -4.4013287021748, -0.016537125300325695, -0.3516312188792696, 0.02578141911520406]]	[[0.07281622902824623, -0.5708265058659826, 0.21486792769785942, -1.2090738040550166, 2.899603277514349, -8.279596133053422e-05]]
[[-3.846018417883063, -0.2692004855053727, -4.432288514742146, -0.017013589916808042, -0.3513286205735502, 0.026002885420686406]]	[[0.07281497814803606, -0.5708265681971669, 0.21482158901982062, 1.2090398874604817, -2.899621370397564, 4.4660257566769226e-05]]
[[-3.8489400566721326, -0.2520964425862593, -4.4639458206422535, -0.017393902570060682, -0.35081627739548704, 0.025708722103433796]]	[[0.07279854140200064, -0.570830394750232, 0.21479329121071983, -1.2090454855561121, 2.899588476020434, -6.525270079852666e-05]]
[[-3.8334261810632166, -0.20152753746990637, -4.485533281681828, -0.01738724275458589, -0.3507781249826588, 0.025504265894251647]]	[[0.07282290914547832, -0.5708218954064983, 0.21478633856105844, -1.209102669420189, 2.899577528104655, -6.678358760783213e-05]]
[[-3.8671663713156383, -0.1650012104229026, -4.537836855223908, -0.018700464174423337, -0.35035302194501106, 0.02631610249563134]]	[[0.07282430106391458, -0.5708290549195327, 0.21474175305485124, -1.2091240408411736, 2.8995804870850597, -2.8552589595067207e-05]]
[[-3.9130045572604306, -0.14633587405500936, -4.591879455170766, -0.019916174532434133, -0.3498662829166931, 0.02580465391182573]]	[[0.07280469251285106, -0.5708284235000868, 0.21471338976168095, 1.2090090085997547, -2.899596324269931, 8.544651207971253e-06]]
[[-3.943799372856242, -0.12039092207244018, -4.673480695366543, -0.02032621022404907, -0.3495014804403427, 0.026529552656240137]]	[[0.0728351513107435, -0.5708300070291368, 0.21471124090325006, 1.2090819548048244, -2.8995768257219825, 0.00012129870593144354]]
[[-4.008827053616516, -0.13731606485698822, -4.726997803696397, -0.021242250888802716, -0.3489533584041664, 0.02653112055179301]]	[[0.07281690947764191, -0.5708283081877848, 0.21467736613389765, -1.2090375766730153, 2.899616670713903, -4.9624283731173814e-05]]
[[-4.05006894990901, -0.10731512776308882, -4.792216171938842, -0.021122499229299152, -0.34934729250631313, 0.027115519889611986]]	[[0.07280518937488252, -0.5708357550632892, 0.21466742120528903, -1.2090205837528247, 2.8996266610168235, -0.00018157096478679753]]
[[-4.052489544264221, -0.08578745234409224, -4.869494677083658, -0.021601332298508386, -0.35078679933677526, 0.02701410270361212]]	[[0.07279595755310636, -0.5708301296699911, 0.21462808590844182, -1.2089856247111572, 2.899640170261042, -0.00014387048882663376]]
[[-4.0852513717097745, -0.10047423654176213, -4.948999892900331, -0.022830185889474913, -0.35116879551164903, 0.027065220973722447]]	[[0.07282824751167127, -0.5708326616401351, 0.21459055869530655, -1.209029071746721, 2.899596933876768, -0.00018405068874787018]]
[[-4.108639276643888, -0.08057216114214505, -5.027670181269467, -0.022293508346601792, -0.35214984569524144, 0.02720495169002325]]	[[0.07280535979499268, -0.5708265290714903, 0.21457011781491353, 1.209012892573088, -2.8996063366140117, 0.000123113436477977]]
[[-4.123392697696551, -0.08919329843774104, -5.107807546479689, -0.021829431250712128, -0.35269821986469885, 0.027445835682610876]]	[[0.07280659770236175, -0.5708428514024525, 0.21455912945028227, 1.2090202710972928, -2.899626549601035, 0.00023702737164623357]]
[[-4.12870245702525, -0.1185251814546735, -5.16393832054463, -0.021301240960163892, -0.35285972391098486, 0.028179226619210622]]	[[0.07282712937907493, -0.570843166584858, 0.21453125917823818, 1.2091026259160864, -2.899578973022534, 0.00025709079081292667]]
[[-4.111400218314968, -0.11044448384944161, -5.241915933949121, -0.020789073560752325, -0.3542168727351638, 0.027819834569501486]]	[[0.07282946771410043, -0.5708459540492986, 0.21451863813914024, 1.20914099782034, -2.899573855647599, 0.00035045285543233235]]
[[-4.1591920156919375, -0.12564589903742984, -5.3254005576253, -0.021350697593632312, -0.35494635483301307, 0.02849913232724727]]	[[0.07280871617786576, -0.5708483626178802, 0.21451001392628172, 1.2090015953259916, -2.8996307349015567, 0.00040837988106470644]]
[[-4.182893215240178, -0.12567146086196246, -5.407256738538575, -0.020962055190889867, -0.35524318196227755, 0.029065465340319393]]	[[0.07282039194701798, -0.5708440961872625, 0.21448323518349127, 1.2090844794124822, -2.899584303342063, 0.0003680858016108947]]
[[-4.129035087308822, -0.10873759241264924, -5.4882259050785995, -0.020214840333616646, -0.3575086332362521, 0.02876844019328676]]	[[0.07280548456384882, -0.5708431227771336, 0.21444895710609255, 1.20903281583624, -2.899606474074033, 0.0003483502135659485]]
[[-4.159070181351242, -0.13160080239566074, -5.568138012600704, -0.019996903136474925, -0.3580346037299207, 0.02923926275964442]]	[[0.07281811765539166, -0.5708434824749354, 0.21442881085496332, -1.2090647780948454, 2.89958620564061, -0.0004074615874421828]]
[[-4.129376881535164, -0.12937071243503295, -5.649174058897131, -0.01905114817744563, -0.3602312054296307, 0.02907253281606882]]	[[0.07280541951300619, -0.5708517413059648, 0.214420011645692, -1.2090347932201309, 2.8996136577700575, -0.0004998576082760385]]
[[-4.110437258973854, -0.16336421520862898, -5.733784095819844, -0.01894493951179993, -0.3620838936258945, 0.029781353967024086]]	[[0.07280254829427005, -0.5708474732206097, 0.21438371212509216, -1.2090561389970245, 2.899616220118076, -0.00044309936712206394]]
[[-4.105392781682214, -0.1960405904730822, -5.78552077682094, -0.01909054477768854, -0.36383982045015417, 0.02982770558321925]]	[[0.07281957937467656, -0.5708540521007348, 0.2143853923577321, -1.2090581790864898, 2.8996173866867503, -0.0005550167948680935]]
[[-4.160178790514725, -0.24338918571273083, -5.840356366979925, -0.019479853945106068, -0.36451291529177127, 0.030711115994964434]]	[[0.07280273882905197, -0.5708580906895121, 0.21436386857430173, 1.2089402432130922, -2.8996284017133735, 0.0005328407498043704]]
[[-4.181629133379592, -0.24737876201577103, -5.9281760405432955, -0.01846436001785537, -0.36599413041113593, 0.03097467205156244]]	[[0.07282400486282492, -0.5708556240995736, 0.21432767091601945, -1.2090437986666067, 2.8995834580566884, -0.0005166808777864851]]
[[-4.150452898652974, -0.24757811908974947, -5.998732147939016, -0.01731137348469919, -0.36810851345693785, 0.03145596001024246]]	[[0.07284221504220767, -0.5708470894276247, 0.21429659035942825, -1.2091467394669144, 2.89954034766835, -0.0005166901146307656]]
[[-4.142542143727649, -0.2596952748366701, -6.0550694297920105, -0.016838881158425106, -0.3693321914702121, 0.03146242239074431]]	[[0.07282497787514221, -0.5708528141542221, 0.21427617334989263, 1.2090359731573979, -2.899615227000371, 0.0005135267861891805]]
[[-4.163248245827963, -0.2902797447209311, -6.1216672765598314, -0.016524359667482197, -0.3707210777030818, 0.03135530955861519]]	[[0.07281373685693636, -0.570858320301335, 0.21423650741484718, -1.2090556366481335, 2.8996160712686105, -0.00045913651806029113]]
[[-4.15957883886033, -0.30445486757203755, -6.194675481610009, -0.015611084501861022, -0.372026740677487, 0.030959248037261505]]	[[0.07283342553730601, -0.5708495791985526, 0.21422095725592805, -1.2091036932870376, 2.899583384218615, -0.00047651343651194765]]
[[-4.133878671083712, -0.341081978661091, -6.265430856583067, -0.01528553207057512, -0.37353543659572186, 0.03008178246361462]]	[[0.07279407406370798, -0.5708438635991011, 0.2141926624804279, -1.2089512803103444, 2.899657551100427, -0.00038073259874096555]]
[[-4.164406808997885, -0.34671046211823797, -6.327225250226565, -0.014628904957264988, -0.3735644439680046, 0.030060870088194427]]	[[0.07281174215833686, -0.5708501041643482, 0.21418422357637973, 1.2091045503802829, -2.899534560215589, 0.0005288966668879856]]
[[-4.183763458391628, -0.35052273717454496, -6.381882480608309, -0.014714094187877974, -0.37401008061755964, 0.030305337545037822]]	[[0.07283416822062558, -0.5708515698848846, 0.21414665141737432, -1.2091205459563164, 2.899575585576391, -0.00045847167677788255]]
[[-4.147741659251863, -0.29904746352737455, -6.433280017134939, -0.014321766198150343, -0.375726265692384, 0.029003479520222045]]	[[0.07280600646752643, -0.5708410029561872, 0.2141211141721983, 1.2090191979304528, -2.8996260755152563, 0.00037947266080585025]]
[[-4.170433562623706, -0.2860591452600876, -6.49741271730473, -0.015222240986848712, -0.37606086277182393, 0.02878184871765622]]	[[0.07282080255315068, -0.5708606885957335, 0.21413048260616963, 1.2090012113722979, -2.8996300930350603, 0.0005290967863066874]]
[[-4.212843860363813, -0.2782674410386503, -6.555905047947364, -0.01634540365804224, -0.37582975331223223, 0.029014712238048374]]	[[0.0728363254390696, -0.5708450765825194, 0.21408425919226712, 1.2090889400084543, -2.899597159207404, 0.0003794808076906032]]
[[-4.195663587752526, -0.27843234812402984, -6.6241363543862315, -0.017897494495130423, -0.3769023177438713, 0.029128416084754617]]	[[0.07282201255513465, -0.5708482470161766, 0.21406161326117185, 1.2090492120770833, -2.899599244795935, 0.00045391097156354356]]
[[-4.206518330074209, -0.28868729675959726, -6.702891282710906, -0.019515851601334733, -0.376766864763741, 0.029277923537751084]]	[[0.07281714227659819, -0.5708441583298817, 0.21403438295384916, -1.2091204354697973, 2.8995737249864146, -0.000399829659444714]]
[[-4.16807283190885, -0.26010984924582425, -6.764117655486985, -0.019837513275135055, -0.3775092769611871, 0.02895957654594235]]	[[0.0728111652175231, -0.5708548043613965, 0.21399191444509624, 1.209036884217609, -2.899618914294911, 0.00039700198552079915]]
[[-4.171717124907811, -0.26113917153617794, -6.816351663077144, -0.021045957233848, -0.37706120161321793, 0.02917113264787223]]	[[0.07282617372296643, -0.5708370097031414, 0.21395058677855183, 1.209072479653209, -2.8996068181430914, 0.0002868749990393435]]
[[-4.131113291375902, -0.2544429862789124, -6.900545406048441, -0.021925417444778827, -0.377065423405277, 0.02909134121860403]]	[[0.07280527718138097, -0.5708390006826976, 0.21396343881045132, 1.2090192218442852, -2.8996268809453496, 0.000379700919361995]]
[[-4.144880621592286, -0.24394096081143757, -6.966300991404595, -0.022863549321742588, -0.3760345873671922, 0.029534709906147306]]	[[0.07281605980459757, -0.5708393160605599, 0.2139116165069143, 1.2090413262787905, -2.8995807817374137, 0.0002842392417493629]]
[[-4.105896297439843, -0.2101071621076709, -7.047049024345588, -0.023049077208668972, -0.37625738352103366, 0.02986790750090629]]	[[0.07279449058420392, -0.5708449380051575, 0.21390040006628025, -1.2090363195809437, 2.8996197529831553, -0.00034244057231582213]]
[[-4.0726062468257105, -0.1899439375464851, -7.131457348703902, -0.02268654098022979, -0.37576015140324726, 0.029607210270728854]]	[[0.07281314102268995, -0.5708402374005782, 0.21386651095300568, 1.2090721739989188, -2.89960653819763, 0.0003239530340600825]]
[[-4.068907769158893, -0.21849332805707533, -7.202184218460147, -0.022811049589896465, -0.37463103511657014, 0.030103657198013393]]	[[0.07281504773379309, -0.5708330934827167, 0.21382761841228243, 1.2090465734709859, -2.89959372304107, 0.00022904550987499825]]
[[-4.040822052658291, -0.22318656337616227, -7.290798627553487, -0.02253787278334335, -0.3744497128348261, 0.02975382081639426]]	[[0.0728289844779506, -0.570847886759772, 0.21382442959792342, 1.2091020778563422, -2.899581343752409, 0.0003232441587980051]]
[[-4.023351399175116, -0.1988730313032292, -7.378592064906441, -0.022179753158981658, -0.3744197312115594, 0.029270759639735855]]	[[0.0728046646647152, -0.570837398544578, 0.21379268394990575, 1.2090026879930436, -2.899636754739852, 0.00028616752174326636]]
[[-4.009260563255266, -0.22422164132172218, -7.463435541417583, -0.023121374690119295, -0.37403865829043786, 0.0301579022089396]]	[[0.0728196900958561, -0.5708353573849992, 0.2137480317903685, -1.2090527445114332, 2.8996092158681046, -0.0002129683914052843]]
[[-4.020164057489422, -0.19157163216469786, -7.545881386761606, -0.022501405713471423, -0.3732078706902111, 0.030472478294126224]]	[[0.07282398664931726, -0.570827801460725, 0.21371628538716422, -1.2091040588374238, 2.8995863219957894, -0.00015411749676245]]
[[-4.029346305555582, -0.1834825135133753, -7.612118035060392, -0.023251868041906293, -0.37298952409069774, 0.030618855267121964]]	[[0.07281280212261862, -0.570842724936403, 0.21372298651974747, 1.209067890006872, -2.8995970120982575, 0.0002846239928151156]]
[[-4.014798684627652, -0.20870350343389799, -7.686032177513787, -0.024292161841528354, -0.3728351574199027, 0.03076941703991537]]	[[0.07279464553430132, -0.5708433965292647, 0.21368985518500358, 1.2090026386165669, -2.8995864332284076, 0.00022565273731233623]]
[[-4.028717271260316, -0.24772028423252257, -7.760887303087013, -0.02505823687809297, -0.37177325387717425, 0.03129459339433129]]	[[0.07281148518706317, -0.5708425915877318, 0.21366856782814042, 1.2090634819779162, -2.8995866527087037, 0.00026483041060424865]]
[[-4.068909459474174, -0.23716748991659564, -7.846592869105611, -0.025495412593401545, -0.37062792335408895, 0.031223719293693723]]	[[0.07281861755438805, -0.5708340074516469, 0.21362062154686978, 1.2090329618691409, -2.89956198681508, 0.00016972263453862574]]
[[-4.09232525435673, -0.28230141978616463, -7.9289884480483135, -0.027193668595119486, -0.3704593586092876, 0.031292736444818794]]	[[0.07280059898756018, -0.5708422454156518, 0.2136065851778583, -1.2090342082137733, 2.8996162043810076, -0.00021141352466479225]]
[[-4.10845382610585, -0.2578524454276292, -7.9966041657368185, -0.027246376268384387, -0.3707256918689557, 0.03180899169015914]]	[[0.07283642322772003, -0.5708366081584954, 0.2135738261680242, 1.2090942019129098, -2.899563404460156, 0.000153038813777551]]
[[-4.114566112528316, -0.22646376361178633, -8.072904341071009, -0.027263832764131246, -0.3707326514878371, 0.031668563006302934]]	[[0.07282322547091531, -0.5708325125827588, 0.2135512162625508, 1.2090344502610826, -2.899614834059811, 0.00015235193565601835]]
[[-4.113957736037035, -0.22701477909093493, -8.136004853424845, -0.0276528582567179, -0.37094501207836594, 0.03144934098620167]]	[[0.07281794535976241, -0.5708374479206961, 0.21351779032114812, 1.2090515374836992, -2.899607432146481, 0.0001716363519107645]]
[[-4.133987857204559, -0.23739621072761352, -8.204085513424081, -0.027673673054465525, -0.3704728971353852, 0.03096714730227898]]	[[0.07281168513099927, -0.5708431574787803, 0.21350796290064172, 1.2089949290269282, -2.8996177380845833, 0.00018991719030656627]]
[[-4.134602838656909, -0.2518629908413137, -8.253076841442356, -0.027160483697817817, -0.370667961030408, 0.03194140966780171]]	[[0.07283335654238447, -0.5708269409224365, 0.21347753990258933, -1.209128687457224, 2.899549442302557, -0.00017488774568376127]]
[[-4.154014450974344, -0.2604488725292815, -8.309034504765652, -0.02702854237940122, -0.37092263356663724, 0.03231754471127637]]	[[0.07282839952281352, -0.5708428933448522, 0.21346393867292807, 1.2091072852084654, -2.8995956505911455, 0.00024807060616357704]]
[[-4.210696080979217, -0.28723950098678164, -8.355696996061463, -0.027638854154492576, -0.3704460922734405, 0.0327958714114442]]	[[0.07279094787490413, -0.5708354556212586, 0.21341912610218938, -1.2090160028665673, 2.899621972891884, -0.0001742194412700699]]
[[-4.209561788312216, -0.2776673574321791, -8.414272765667574, -0.027221399107208638, -0.37115692771040026, 0.032256519996579934]]	[[0.0728027158665255, -0.5708411277085379, 0.21339036415674473, -1.2089891904288281, 2.8996068049389714, -0.00015694193578118343]]
[[-4.184748708467286, -0.2548847086148456, -8.484176227464028, -0.026702514416119566, -0.37255826435388206, 0.03161935605168979]]	[[0.07282235969212851, -0.5708356967455984, 0.2133561327593036, -1.2090414757658725, 2.899584396791452, -0.0001381412669802087]]
[[-4.17125686361883, -0.2443330537741455, -8.560820303582176, -0.026822288928998628, -0.37443694944852723, 0.031601500264183756]]	[[0.07280889037980495, -0.5708288975924208, 0.21333716686426318, -1.2090556879448304, 2.8996162204745835, -9.838144705062206e-05]]
[[-4.18044916426174, -0.2020108165071386, -8.618656577883257, -0.02641940587637126, -0.37543396582169963, 0.03141365287434583]]	[[0.07283701180355122, -0.5708244726481139, 0.21329081646437775, -1.2091017687816052, 2.899583018930028, -6.139739750095004e-05]]
[[-4.172748852587855, -0.20485129638684407, -8.675527097294456, -0.026708694170809788, -0.3759144813816323, 0.03226015043428799]]	[[0.07281944234784982, -0.5708414231462886, 0.21328420288687, 1.2090695960391749, -2.899601459412451, 0.00015494508613184816]]
[[-4.191394244574809, -0.19431763657073886, -8.734294233690058, -0.02736956993595288, -0.3767367738613766, 0.03238961775790595]]	[[0.07282369740415448, -0.5708337842472864, 0.21323044467380498, 1.2091042796729725, -2.89958940867401, 6.0446755171909594e-05]]
[[-4.16345001108343, -0.13424921970982107, -8.805546154741558, -0.027314336268191658, -0.37893086021003214, 0.0323270286228154]]	[[0.07280010615272559, -0.5708408967088527, 0.21323490690257024, -1.209015663426775, 2.89962035266085, -0.00013645977408656022]]
[[-4.127138957729423, -0.11353529593102607, -8.847770182341518, -0.027968782524567137, -0.38093904542576174, 0.03247000334851436]]	[[0.07280413698918829, -0.5708393892309777, 0.21320982245939435, 1.209034677271686, -2.8996172704848617, 0.000116691561323165]]
[[-4.100612112951319, -0.11388979184709735, -8.877068195379104, -0.028447335109225647, -0.3828182876114075, 0.03235551487871744]]	[[0.07281671063838659, -0.5708396406691689, 0.21317508338808716, -1.2090751991415198, 2.8995689930838617, -0.0001190052439979169]]
[[-4.126162710735942, -0.11389174053388773, -8.905974154750458, -0.028807317433174134, -0.3848251473193135, 0.032320604046613306]]	[[0.07280150093612714, -0.5708378015361318, 0.2131466277365504, -1.2090228991681833, 2.8995915070587936, -0.00015803535994704626]]
[[-4.221503366257814, -0.17338128225516813, -8.91458010319972, -0.029951808987246392, -0.3852060458995139, 0.0330886387040367]]	[[0.07281911171740296, -0.5708371258652255, 0.21310962684445953, -1.2091061086019335, 2.8995945372350267, -0.00011968044344230111]]
[[-4.229881196726201, -0.1940595782926149, -8.932358493846236, -0.029873190889642576, -0.38769358330592696, 0.03307084400393432]]	[[0.0727996857963716, -0.5708431093568065, 0.21308272696461344, -1.20900188883252, 2.8996386866302832, -0.00015646284078200056]]
[[-4.301537790000665, -0.21375870620270776, -8.937470915420848, -0.029047933378017143, -0.3891160422937002, 0.034227814483372414]]	[[0.07281832892382345, -0.5708507373327983, 0.21305755026189582, -1.2091193123051678, 2.8995762842847603, -0.0001370646239543213]]
[[-4.3358235846658015, -0.18979185593510461, -8.957606390495451, -0.027264676401808546, -0.3919259243246657, 0.033527331524542764]]	[[0.0728360109917893, -0.5708340077476767, 0.21303223944710403, -1.2090574170458739, 2.8995756616552404, -0.00011922721045177312]]
[[-4.352689112923613, -0.19348706164352736, -8.972249619594503, -0.02723226129212658, -0.3956303033139108, 0.03306932077880509]]	[[0.07281731102190109, -0.5708479540345879, 0.2129991501346884, -1.2090502861974055, 2.8996055758596255, -0.0001741365200049512]]
[[-4.37417099132344, -0.20531358711224623, -8.966476081583492, -0.02693365230774092, -0.3991099666472927, 0.03242344085575851]]	[[0.07281291148558446, -0.570839599702987, 0.2129578777488308, -1.2090542124605945, 2.899614939550529, -9.885104137532239e-05]]
[[-4.384347060031585, -0.19039331289999017, -8.966290730338365, -0.025616874059047223, -0.4037609695250599, 0.032512743010014424]]	[[0.07281463158271635, -0.5708270982750947, 0.21293671164899675, -1.2090474380790919, 2.899552138820089, -8.337663237972389e-05]]
[[-4.378780503812852, -0.18886469707429532, -8.944132406525917, -0.023928391823896, -0.4091439414143442, 0.03199625577909301]]	[[0.0727973138690635, -0.5708524261783136, 0.21291696974429794, -1.209014019252728, 2.8996202798821393, -0.00017387705278551849]]
[[-4.451643055903355, -0.24736002157177772, -8.88053933272726, -0.02276696978311546, -0.4130630246086048, 0.031929578781649454]]	[[0.07280918482267171, -0.5708330224342256, 0.21286516886693618, 1.2090353140495511, -2.899620472655094, 4.173205245810958e-05]]
[[-4.537582437807068, -0.26564972447471913, -8.794616336335437, -0.021177694778503536, -0.41765263755663473, 0.032986237637315334]]	[[0.07281332391791057, -0.5708441118578027, 0.21283342158172633, 1.209035042994654, -2.8996202810118397, 6.064061111653914e-05]]
[[-4.625371858682362, -0.2879094302952301, -8.681598881718347, -0.020918450661384702, -0.42277745230418173, 0.03351086236454105]]	[[0.07281327513621853, -0.5708337951316944, 0.2128063595354907, -1.209044014919352, 2.8995912911419155, -4.239947837658539e-05]]
[[-4.7161149415710515, -0.2394600149704762, -8.570700510817053, -0.018921993128738795, -0.42898037133831735, 0.03319547980839536]]	[[0.07281510314724796, -0.5708317982292478, 0.21277466776783643, -1.2090507874669025, 2.8995611081699972, -5.125816273273599e-06]]
[[-4.743679080619729, -0.22367037961003033, -8.470514092980578, -0.017088015888144292, -0.43620283486808803, 0.033305060539180725]]	[[0.07281254845546614, -0.5708249851680796, 0.21274345261695515, -1.2090502610778333, 2.899559852652489, 5.260139968927022e-05]]
[[-4.8600790338664765, -0.26109857152782645, -8.365025998265903, -0.015706299253639755, -0.44179166428624245, 0.03382273504438363]]	[[0.07282459713135096, -0.5708327180477822, 0.21273725693399836, -1.2090521129338547, 2.89961289666753, -1.9647975541857077e-05]]
[[-4.925049938701836, -0.28985358051671506, -8.270888103449261, -0.014545269263954552, -0.44901024979494175, 0.03390082383868575]]	[[0.07282237248566434, -0.5708166897642164, 0.21266641822429327, -1.2091059183610624, 2.899547557942257, 0.00014680573552238238]]
[[-5.012012373369531, -0.291592307249565, -8.17370101368607, -0.013106461368126543, -0.4559500944691508, 0.034172905197018724]]	[[0.07282908031417135, -0.5708222717587756, 0.2126724468868115, -1.2090813082646759, 2.899585791635831, 5.39178221114177e-05]]
[[-5.1246546012245915, -0.3073724444750918, -8.04433007305732, -0.012996848327625765, -0.4626234690834565, 0.033781652097982104]]	[[0.07282385021998304, -0.570820613652541, 0.21262435523036138, -1.2091060213853664, 2.8995481147986926, 0.0001109558641451964]]
[[-5.237783512830948, -0.28128406959798724, -7.90711187527294, -0.013240825515871718, -0.4702713708676768, 0.03391666021823707]]	[[0.07282559777047633, -0.5708164754274485, 0.21256654010216497, -1.2090840406972454, 2.8995927471305984, 0.00024484958229064897]]
[[-5.363201312019408, -0.2600239895950178, -7.773256851649615, -0.01426840116511191, -0.477792066511903, 0.03453418060932659]]	[[0.07281524502903397, -0.5708200886519845, 0.21257700341260544, -1.2090236000432166, 2.8995938818099556, 0.0001680884554263866]]
[[-5.477538832613174, -0.2817088190603245, -7.616588822349204, -0.01657657298257259, -0.4849232602406486, 0.034944100993484266]]	[[0.07282933323241784, -0.5708127476557368, 0.212540810475421, -1.2091000702628887, 2.8995342270578432, 0.00022182850606474177]]
[[-5.613393193293723, -0.29475888071903, -7.472488930829987, -0.01785044184855769, -0.48972570589437736, 0.0354282975141846]]	[[0.07282265840035118, -0.570814011535946, 0.21251144644079417, -1.2090994958256882, 2.8995330421608236, 0.0002788078007507748]]
[[-5.602806433811537, -0.24523570460886157, -7.356736653786492, -0.01802318473769493, -0.49769514317329766, 0.034540648431522554]]	[[0.07280613072106018, -0.5708078739833299, 0.2125084824861887, -1.2090134417127514, 2.8995697203695214, 0.00024109472010498648]]
[[-5.684744805632521, -0.21051787102685848, -7.222656245189863, -0.017630663709873984, -0.503042837197439, 0.035200120381935596]]	[[0.07280059948516715, -0.5707931126577664, 0.21245222558613067, -1.2090304261349158, 2.8995598022637816, 0.0003521513569333951]]
[[-5.680307758071237, -0.16985364318465068, -7.096506295485841, -0.0173687691636831, -0.5096941055378057, 0.03455653507401002]]	[[0.07280659278573014, -0.5707935973979593, 0.21242214357455788, -1.2090689557028877, 2.8995569540092707, 0.0003553199037087932]]
[[-5.757717027068322, -0.14907708316228563, -6.959750651556723, -0.01776925557382303, -0.5151241801968829, 0.03430852687346857]]	[[0.07281919457313887, -0.5707945906677382, 0.2123889752716841, -1.2090505760387495, 2.899511502481172, 0.0003890979302502577]]
[[-5.787504738044623, -0.09891665740362754, -6.84728285886313, -0.017652242522093464, -0.5218929405481978, 0.0346911916764381]]	[[0.07280068844797444, -0.5708097707379163, 0.2123800279576148, -1.209041924955395, 2.8995434675750995, 0.0002766489852904067]]
[[-5.786417264164859, -0.11689518509651675, -6.714847432085805, -0.017740932419457456, -0.5276430890431631, 0.03428797816768192]]	[[0.07281727762302038, -0.5707961278224611, 0.21236550112045244, -1.2090426573786552, 2.8995430562920768, 0.0002762728106368137]]
[[-5.812459321231903, -0.10950760753346467, -6.567646674876552, -0.016281467698327057, -0.5330556015127289, 0.034097192040914784]]	[[0.07281821505054395, -0.5707967517270811, 0.21232054667661138, -1.2091510802013856, 2.899559733204091, 0.00041050731832740345]]
[[-5.798808165241868, -0.10957284466722372, -6.418850817103724, -0.014781305432605973, -0.5382264925321841, 0.03332298792057814]]	[[0.07282142365265526, -0.5707986313811916, 0.21227888022258326, -1.20910650309502, 2.899550607421413, 0.00048504556019761733]]
[[-5.786376660358229, -0.11001486026327933, -6.286930729440931, -0.013445317079582186, -0.5428186063207627, 0.03266189223249352]]	[[0.07281354543901032, -0.5707965774967186, 0.21225915042238436, -1.209089462311257, 2.899558403146101, 0.0004491060171368175]]
[[-5.792474440162561, -0.12220186319441906, -6.1427680480522815, -0.011493895553692457, -0.5461205398516515, 0.032627854961991345]]	[[0.07279724192070464, -0.5707910878403868, 0.21222687814090993, -1.2090201152985682, 2.899586695105272, 0.00046818577920085795]]
[[-5.812434858852551, -0.19988362317719632, -5.981811598871754, -0.010895748652389459, -0.5480078586561398, 0.032908921438627045]]	[[0.07279726780942872, -0.5707912067727872, 0.21221249900608233, -1.2090023280664055, 2.8995927960357313, 0.0005236734455965436]]
[[-5.7933758031053575, -0.22793347097590333, -5.827415987875631, -0.009433287100073906, -0.5502691881023317, 0.03265947702607087]]	[[0.07282319921994361, -0.5707930288163161, 0.21219615287963217, -1.2090757779491212, 2.89952415995545, 0.0004642223347105057]]
[[-5.82807077830064, -0.27302402735895726, -5.61052980607349, -0.00802801003709891, -0.5495054731172808, 0.0334741124442156]]	[[0.07281056041195204, -0.5707885906885783, 0.21215733831278816, -1.209072115567677, 2.899563856674808, 0.0005037272135704849]]
[[-5.75169236191033, -0.3058404758066291, -5.400884676258666, -0.006945782876680573, -0.5501845665504164, 0.03295405784440829]]	[[0.0728346417888545, -0.5707889471745079, 0.21211686387807796, -1.2090959407850175, 2.8995261253418105, 0.0005595267313297137]]
[[-5.716131601099045, -0.3282290393253211, -5.152125637467301, -0.005788524210175672, -0.5510836704095006, 0.032421462446658174]]	[[0.07283722602313696, -0.5707924494681416, 0.21211379870503116, -1.2091434449620526, 2.899494265913857, 0.0005203467331858037]]
[[-5.729012339711105, -0.37226227171540316, -4.908364672349392, -0.005669546763277189, -0.5501209218621677, 0.032951287862719045]]	[[0.07280939070309461, -0.5707854718561363, 0.21209242336514603, -1.2090715855026561, 2.899562862139387, 0.0005424505188514297]]
[[-5.646099618732261, -0.3838620873374752, -4.647625279897509, -0.005011343155151837, -0.550146560974329, 0.032465626163218846]]	[[0.07280696018660518, -0.570782391044558, 0.2120497094527573, -1.209075586817396, 2.8995725424951395, 0.0006021107992495605]]
[[-5.627769636703041, -0.39047099687860465, -4.372211935343594, -0.005323233917706616, -0.5489236028106468, 0.03225421674069027]]	[[0.07280453766260246, -0.5707827980943831, 0.2120050257421619, -1.2090656157041466, 2.899599360656426, 0.0007336096833946727]]
[[-5.5724687890908715, -0.3951118332157164, -4.113371824088694, -0.006071102094818537, -0.547644387168938, 0.03198411380784553]]	[[0.07280537883038747, -0.57077485525333, 0.2119885451072157, -1.2090863379616996, 2.899551881811629, 0.0007314453735838124]]
[[-5.55145174149162, -0.4175126173637369, -3.8399957093649757, -0.006814690782178445, -0.544798732688915, 0.03173575899467565]]	[[0.07282512870085917, -0.5707705146356112, 0.21194106613347388, -1.209120981302038, 2.8995359393813, 0.0007872996682067912]]
[[-5.50240417444245, -0.39313586387030064, -3.603882118526711, -0.006207457902964175, -0.5431547043570422, 0.030677446319084433]]	[[0.0727996168001304, -0.5707662686390853, 0.21190079409549673, -1.2091116781738527, 2.899564104334235, 0.0008451516212740981]]
[[-5.437058627998379, -0.3843861337556156, -3.351254089050877, -0.006276148299624085, -0.5411328287229903, 0.03049782493430697]]	[[0.07279841598344482, -0.5707719634937097, 0.2118855290269977, -1.2090287612010615, 2.899560338641536, 0.0008241815121885984]]
[[-5.349112982540727, -0.38995448772516816, -3.084113064906855, -0.005999185919518646, -0.5385099405620664, 0.029665386872816075]]	[[0.07280006708529221, -0.570767481631015, 0.21184102445300873, -1.2090774280088576, 2.899577686344045, 0.0008631037435558968]]
[[-5.304870832258205, -0.37941506955332205, -2.844120238622372, -0.005956172858045672, -0.5342361247788303, 0.029338237400714437]]	[[0.07280273874223323, -0.5707643894427735, 0.21185315434399107, -1.2090981338849012, 2.8995320661877764, 0.000786178730618771]]
[[-5.287932750082387, -0.345486483781992, -2.616405180081182, -0.0055552784940355315, -0.5299647372734202, 0.029788276739840233]]	[[0.07281959895884398, -0.5707678739998873, 0.21179951707829536, -1.2091273567400334, 2.8995053775709434, 0.000822478614621674]]
[[-5.2215856445767805, -0.30078939863147136, -2.3955065692385813, -0.005066271104257836, -0.5270866176353628, 0.029229412591383855]]	[[0.07279759919555435, -0.5707698285287445, 0.21175346029979564, -1.2090620986816043, 2.899543668735069, 0.0009161306748364143]]
[[-5.140761350138637, -0.277194683999082, -2.1876237716433757, -0.004634896127899857, -0.5240384383328143, 0.028861682328144175]]	[[0.072787386546398, -0.5707616052728499, 0.2117119408707514, -1.2090441187386631, 2.8995492129906304, 0.0009912585520184594]]
[[-5.065991116257051, -0.2828405827310858, -1.949398341811169, -0.0039824583529969315, -0.5202560264080909, 0.027987191703085477]]	[[0.07280706397969407, -0.570760404324436, 0.21168964907459964, -1.209066098974326, 2.8995533289256943, 0.0009713895934879886]]
[[-5.025947262812483, -0.26775203678615034, -1.7423424807033776, -0.003276399749922665, -0.5159954457669678, 0.028571570342739314]]	[[0.07279826940980577, -0.5707716585013434, 0.21165674596218784, -1.209044693021481, 2.899549224377137, 0.0009700062557590243]]
[[-4.9355871376415585, -0.23558635944221473, -1.5321282304923574, -0.0028147386356260906, -0.5126208649415593, 0.02831035999234611]]	[[0.07281609332736697, -0.5707655313642374, 0.2116214605052756, -1.2090827830792357, 2.899545229320189, 0.0010077748789255891]]
[[-4.822510947171609, -0.1922109879661833, -1.3510665418723617, -0.002767896957869387, -0.5096025596867193, 0.028021718544802125]]	[[0.07279117576835688, -0.5707627976681038, 0.21161279438337477, -1.2090584578844696, 2.8995819582972606, 0.00097112445631495]]
[[-4.768964961422268, -0.16444346202004656, -1.1824374075047408, -0.0031489514405866337, -0.5058299657472829, 0.027346607029027168]]	[[0.07279710953010426, -0.5707562646788423, 0.21153808015021086, -1.209035230719614, 2.8995772150358476, 0.0010260691046575583]]
[[-4.721788318587491, -0.12396929652566957, -1.0537668741568227, -0.003402543985088269, -0.5035204462064744, 0.027098378593847103]]	[[0.07279837117853248, -0.5707596604519191, 0.21149685824775663, -1.2090867494624267, 2.8995551251338565, 0.0010436502290134555]]
[[-4.674767048446733, -0.11200520084301413, -0.9429768355524901, -0.004403953471671412, -0.5012027486997139, 0.026792848258897807]]	[[0.07280072356028083, -0.5707569809988455, 0.21148375403847103, -1.2091183085392094, 2.8995818792803965, 0.0009895682347104899]]
[[-4.70303706990604, -0.10131589297565036, -0.8748586953773492, -0.006077923717264427, -0.49826100201700174, 0.027284312995434563]]	[[0.07280072356028083, -0.5707569809988455, 0.21148375403847103, -1.2091183085392094, 2.8995818792803965, 0.0009895682347104899]]
[[-4.7144122229297665, -0.03606639227604047, -0.8228798436937846, -0.006314658139911916, -0.4960864193694133, 0.027066062925406146]]	[[0.07281385921865716, -0.5707662596189489, 0.2114747019663455, -1.209110120853145, 2.8995607795711646, 0.0009309529121822071]]
[[-4.70232027958984, -0.00432624342849941, -0.7813345679596028, -0.007530699069183244, -0.49520658991621935, 0.027091033438490543]]	[[0.07280075860797482, -0.5707727294496515, 0.21142651662009182, -1.2090801062003727, 2.8995863959282753, 0.0009125711820230039]]
[[-4.717265845891834, -0.007685774306965598, -0.758489487096843, -0.00919949999294109, -0.4939763287092405, 0.027599686321611742]]	[[0.0727959829514803, -0.5707722019884817, 0.2113869790096194, -1.209035786334396, 2.8995797008845723, 0.0008737838368917288]]
[[-4.70802449900196, -0.004701057396855113, -0.7532743062605519, -0.009383241100975465, -0.49393115452609315, 0.02809549946082259]]	[[0.07279024423485055, -0.5707791529099258, 0.21139172276368834, -1.2090591834293196, 2.8995871310120274, 0.0006862287187448449]]
[[-4.710975107071215, -0.03830712863517771, -0.7478338653995421, -0.009302185252523937, -0.49380522784033754, 0.027686250229743112]]	[[0.07278861476566481, -0.5707782754480658, 0.2113536784384357, -1.2090461564137198, 2.899602736621443, 0.000799511694761336]]
[[-4.699017998394787, -0.12091591804218815, -0.7608876468640701, -0.009069103306333648, -0.49350951606141324, 0.02714078273156528]]	[[0.07280453667002576, -0.5707792939358954, 0.21131849991440949, -1.2090584269583626, 2.8995857849723072, 0.0007442290254990123]]
[[-4.716117675272066, -0.20630303607254064, -0.7893335043487661, -0.008302334137134854, -0.4929815096178715, 0.027218218542864804]]	[[0.07281526975421952, -0.5707873399498932, 0.2113521743559345, -1.2090507372663306, 2.899517174350697, 0.0004762042124951038]]
[[-4.747113252366958, -0.23576186405046107, -0.8498875496971169, -0.006728025795878612, -0.49288257100473043, 0.027404166416185167]]	[[0.07281152743989655, -0.5708032248378181, 0.21133222669918006, -1.2090245138838862, 2.8995538858721925, 0.0004773581829770138]]
[[-4.765169717275972, -0.34547614837447815, -0.9211596542187098, -0.007153403163028427, -0.49291973565487823, 0.02759513586335734]]	[[0.07282440625792522, -0.5707941199873485, 0.21130622525393097, -1.209094930720526, 2.8995764276632165, 0.0004836176984622249]]
[[-4.769429646060943, -0.41705236025611025, -1.0207727575228798, -0.005536871631117657, -0.49381504716237246, 0.02697694528485135]]	[[0.07281676393109501, -0.5708015888101567, 0.21128401516318707, -1.2091159232864894, 2.899529964833731, 0.00042633334920033405]]
[[-4.830111603714865, -0.466163978414297, -1.1262351201745593, -0.00400961261656288, -0.49430552546491946, 0.027137215094775152]]	[[0.07279980072659221, -0.5708011092503364, 0.2112570402104772, -1.2090732319490831, 2.8995734644088658, 0.0004260780762625857]]
[[-4.839055347087056, -0.4915348794555019, -1.2542018343640808, -0.0032659054491587236, -0.4971283678247831, 0.027144977604596193]]	[[0.07280401217692964, -0.5707967092364257, 0.21124451063587596, -1.2090260265488213, 2.8996061088142384, 0.00042689353450714814]]
[[-4.874311670257882, -0.5617448321461338, -1.3882148808239905, -0.004530185601405307, -0.49931646832878995, 0.027198133699625582]]	[[0.07282301890107847, -0.5708060296689613, 0.21122844458597415, -1.2091079785714351, 2.8995598264806763, 0.00038902343748685014]]
[[-4.8673689875624175, -0.5719423536572763, -1.508765638379251, -0.004610035308161453, -0.5013864556144689, 0.027168192244040334]]	[[0.07281615227682266, -0.5707999277676514, 0.21119717184815426, -1.2090295485569282, 2.89956649659524, 0.00038926344463660747]]
[[-4.850247648693818, -0.6097810516060846, -1.615351890539327, -0.005195521714044665, -0.5041792469208983, 0.026484524383379424]]	[[0.07281839468796661, -0.5708003701743031, 0.21119615304291794, -1.2091174271958929, 2.899582329149564, 0.00035367380959665874]]
[[-4.851665247389096, -0.6035106058328985, -1.725397227459064, -0.004465122982770076, -0.5069262673977902, 0.026444187687194115]]	[[0.07282076580034817, -0.5707998520782084, 0.21119609443982937, -1.2090394779671543, 2.899590135452138, 0.0002968353835331047]]
[[-4.915211109229968, -0.6309594428237499, -1.8036552251713114, -0.004711085928821468, -0.5077482308327291, 0.02690419162141479]]	[[0.07281035277498846, -0.570806778399083, 0.21115728750319201, -1.2090867289745404, 2.8995579110250302, 0.0002764615894989041]]
[[-4.941941493357408, -0.6214225060901462, -1.879142672736188, -0.004785822409450857, -0.5094682880126256, 0.027356295776599208]]	[[0.07283790971653635, -0.5708042293431614, 0.21113583073361009, -1.2091217465939996, 2.899542785089963, 0.000295454826111499]]
[[-4.954645845724285, -0.6121866128370246, -1.9465198806956914, -0.0058306823411324316, -0.5112149610042491, 0.026814259637032694]]	[[0.07281893552924917, -0.5708073143024517, 0.21111435523770167, -1.2091161942249338, 2.8995316344889432, 0.0003146607371979869]]
[[-5.007776568739093, -0.6207369385748804, -1.9770688674317953, -0.006611619341887476, -0.5113786123725605, 0.02706514682267611]]	[[0.07281157461177451, -0.5708045088498014, 0.21111503859952474, 1.2091025196851248, -2.8995956507231053, -0.0002797891903395387]]
[[-5.000184957478531, -0.6441832331793962, -2.0077869780147672, -0.007366010573663262, -0.5129011628964426, 0.026835080271462985]]	[[0.07280836161924377, -0.5708149434885835, 0.2110811672478531, 1.2090330199587584, -2.899624023693201, -0.00024066055062769732]]
[[-5.000227588137088, -0.5992838185186171, -2.027008993656978, -0.005965413708351186, -0.5143259541020575, 0.027009259763301603]]	[[0.07280814817446384, -0.570800789324842, 0.21106479322144603, -1.2090346808723347, 2.899579383570586, 0.0002587455105186342]]
[[-5.036444344963414, -0.6035355091180588, -2.0549800068910637, -0.0058056793675621, -0.515274001641911, 0.027233692845262638]]	[[0.072811089586294, -0.5708086453178051, 0.21103662711896334, -1.2090693938199302, 2.8995656718743326, 0.00021953048636620218]]
[[-4.988052538786635, -0.6210483442009358, -2.0609464699254327, -0.006270693214928402, -0.5170467632901596, 0.026513692917498916]]	[[0.07283507922519528, -0.570796604351058, 0.21099613321357819, -1.2091029564194393, 2.899548890769047, 0.00033359080430134957]]
[[-5.014630546755846, -0.6078236267822987, -2.062067504273573, -0.005818884543812242, -0.5168433982992076, 0.02624957300691911]]	[[0.07282202399104519, -0.5708099379829373, 0.21100784662576094, -1.2090487094517093, 2.899613369577359, 0.00020558765970081957]]
[[-5.030534798597961, -0.6171195378862029, -2.0638761046879557, -0.006448005998843986, -0.5165679025775964, 0.0260565002687917]]	[[0.07282084127870035, -0.5708067420889872, 0.2109883377567749, -1.209134878936785, 2.8995767753372204, 0.00022419733537758983]]
[[-4.9821852303660945, -0.6348672926032921, -2.0338328179175638, -0.007517500950827594, -0.5171976756416117, 0.02604765846623144]]	[[0.0728141305549278, -0.5708112707231633, 0.21094699929253158, 1.2091021902102703, -2.8995959414956736, -0.00024324576339458326]]
[[-4.985133990042312, -0.6336058653267531, -2.0026939351446247, -0.008122205855988773, -0.5165405183979274, 0.026460445730050346]]	[[0.07281467831091236, -0.5708149335758937, 0.21091570153886768, -1.2090470508908537, 2.899559736941453, 0.0002972943078412383]]
[[-4.984069370621079, -0.6433896209972874, -1.9823812134821728, -0.009729108844349799, -0.5173190939297823, 0.025961270668671838]]	[[0.07282218011060301, -0.5708001604780135, 0.21090519992379117, -1.2091031840910578, 2.8995499485922904, 0.0002612313135818552]]
[[-4.975501719867404, -0.626231167007723, -1.944670202537976, -0.010623751834685224, -0.5175382935773507, 0.025772957933456218]]	[[0.072816051580677, -0.5707994737512907, 0.2108736826811637, -1.2090642881915052, 2.8995522562331018, 0.00029802950465268694]]
[[-4.939822988686634, -0.6349331648453664, -1.8753448619149442, -0.0114340683776743, -0.5169905463527401, 0.025459817474867318]]	[[0.07281783018112792, -0.5708109756893283, 0.2108713020912961, -1.209038771310884, 2.899590447857415, 0.00022320191872918357]]
[[-4.962686830769725, -0.6331004392308937, -1.8205633260182934, -0.011909782434157246, -0.5152953000088811, 0.02506099343850898]]	[[0.07279721247365095, -0.5708171764003106, 0.21085224861097956, -1.209026145634514, 2.8996089373178724, 0.00020566633881972726]]
[[-4.952491522630953, -0.5918017869472427, -1.7560036039155005, -0.011774818691481392, -0.514843902843855, 0.02519474285359401]]	[[0.07280177290134791, -0.5708095945987862, 0.21079868871825913, -1.2090598075961, 2.8995925048185036, 0.0002993220864384263]]
[[-4.90010358811787, -0.5385310071016893, -1.680679590857182, -0.01134950727974815, -0.5155428683558395, 0.02484596550608746]]	[[0.07279830566144671, -0.5708134562189836, 0.21076652614547742, -1.2090318554458985, 2.8995765174913632, 0.0003729265001129599]]
[[-4.888790733048308, -0.5280401644371291, -1.616778266124224, -0.011516639494452585, -0.5152791838516655, 0.024395348787472532]]	[[0.07281894379258126, -0.5708072714220458, 0.2107545562855036, -1.2090633146349048, 2.8995508058877575, 0.0003551756907905826]]
[[-4.8927743310972325, -0.4960871967296052, -1.5709931150428125, -0.011151002819999867, -0.5155982159008371, 0.02427747662609023]]	[[0.07281225084846438, -0.5708151476727844, 0.21074574432674292, -1.2090379518085013, 2.899589271831983, 0.0002628464710828007]]
[[-4.9349090095346995, -0.48917319772789325, -1.5531190640883865, -0.01188749084518853, -0.5155115771259078, 0.024844612317831062]]	[[0.07282199543755663, -0.5708065140581998, 0.21070693133039203, -1.2091108550367151, 2.899569473363726, 0.00035638122439334615]]
[[-4.986612173598822, -0.49034106617307005, -1.5595531077820957, -0.01320908786071695, -0.5145223555990989, 0.025210291548719715]]	[[0.07280043938938276, -0.5708026441246209, 0.21067609175137197, -1.2090716184238142, 2.899572759333829, 0.00035471693462663524]]
[[-4.9943649262283465, -0.46658064606215266, -1.5720783938588387, -0.012880896502389771, -0.5140074092593965, 0.025082772067271743]]	[[0.07280785302377918, -0.5708000250051958, 0.2106358649981146, -1.209032134474457, 2.8995756395545014, 0.00037504446854934125]]
[[-5.0390008346844395, -0.43095013991882025, -1.5923967093594273, -0.012155545573445947, -0.513512718268313, 0.02518267484061132]]	[[0.07282345590115308, -0.5708103348112139, 0.21064161025455425, -1.2090767713998245, 2.8995854656918634, 0.00026260119343949614]]
[[-5.02286730111936, -0.3734999612474268, -1.6408560161659311, -0.010623072972127723, -0.5147589641512291, 0.024724890087652076]]	[[0.07281899527985614, -0.5708018388454054, 0.21060805462420876, -1.2091151360517463, 2.899580072319553, 0.0003567919311996933]]
[[-5.039696596985527, -0.39408532270917807, -1.681599002249996, -0.011373072538815199, -0.5150992789738144, 0.02564532917897652]]	[[0.0728090654493936, -0.5708222567930357, 0.21062324527249582, -1.20905058702503, 2.89957181112224, 0.00020314426158699232]]
[[-5.0667505631290695, -0.3685722846206456, -1.715726497814429, -0.011622760172347313, -0.5158178629944096, 0.025834255786186644]]	[[0.07280949486552565, -0.5708178742468283, 0.21057092764492796, 1.2090328032657192, -2.899626355204237, -0.00022415438987190173]]
[[-5.0776298753525975, -0.33689490643836617, -1.7457257843842158, -0.01195096529347145, -0.5165220463000706, 0.026032794252114938]]	[[0.07281938377434392, -0.5708048224122472, 0.21054438590089786, -1.2090229731411022, 2.899554451770781, 0.0002948654513087559]]
[[-5.064778566834228, -0.3240159003426579, -1.7677538858026685, -0.011870581371404842, -0.5168796768609863, 0.02570857749820575]]	[[0.07281156338107733, -0.5708132060992271, 0.21053567374600418, -1.2090722267060072, 2.8995752325010606, 0.0002028085579682199]]
[[-5.016193662620035, -0.35821704327190984, -1.7922466564059885, -0.01247809587318266, -0.517503065124777, 0.02577928310482342]]	[[0.07282473015522434, -0.5708102416516919, 0.21051095738188655, -1.209107015513025, 2.899561441303667, 0.0001649038382138552]]
[[-5.040192760140487, -0.3501196872442227, -1.8321853309426042, -0.01184401808908786, -0.5175355957837819, 0.02562152080696641]]	[[0.07280855847477004, -0.570824200093515, 0.21049477381862094, -1.209020743626373, 2.8995981957502495, 0.000128313166263781]]
[[-5.092587700745762, -0.36484670805835906, -1.8718020063968368, -0.012835224933408163, -0.5174067191293608, 0.025748138821910672]]	[[0.07280175947376123, -0.5708161865525083, 0.2104599372469202, 1.209067088393497, -2.899611793634055, -0.0001858518438578638]]
[[-5.05972090420772, -0.2819942732622982, -1.9010366508381753, -0.011560295445446456, -0.519437520226807, 0.025529384563508686]]	[[0.0728136793580223, -0.5708188340689776, 0.21043569784777905, -1.2090555214500966, 2.899582562630706, 0.00016460495672592014]]
[[-5.06684100530239, -0.3131818939682982, -1.9253002425276466, -0.013009588548173356, -0.52059531226959, 0.025122864404204786]]	[[0.07280756613430374, -0.5708282857061594, 0.210429522535783, -1.2090818502320468, 2.899599077054981, 9.070931423719379e-05]]
[[-5.126019119936559, -0.30389752348986, -1.950028237727669, -0.012435306675556645, -0.5203884380749104, 0.025848941800703094]]	[[0.07281716524915129, -0.5708437566830847, 0.21042610569839262, -1.2090172834064068, 2.8995907989933913, -6.124931970970986e-05]]
[[-5.082849059208785, -0.3201216583164612, -1.9705391019239158, -0.012204584789594408, -0.52164001791863, 0.02561432632431486]]	[[0.07281346462975967, -0.5708250079970927, 0.21037268045143026, -1.2090989836926964, 2.89959175838203, 9.079408943159467e-05]]
[[-5.066054001933924, -0.34675223435881497, -1.98893703934878, -0.011417790700247232, -0.5221889273572877, 0.02550005246846449]]	[[0.0728322102566605, -0.570836969954937, 0.21035144275599754, -1.2090822704816118, 2.899600782534169, -3.721846616082607e-06]]
[[-5.077332301677647, -0.3904748258696036, -2.01019366607001, -0.011536271367659945, -0.5229658405863736, 0.025859511692024596]]	[[0.07281470326136778, -0.57084051138601, 0.21032977178125878, -1.2090213597899904, 2.8996009511670544, -4.184909577017009e-05]]
[[-5.092180344154892, -0.4153426798440898, -2.0157767876911294, -0.011769851020401512, -0.523752217976742, 0.02581684701648431]]	[[0.07283013464464186, -0.5708279570540968, 0.21031673464808998, -1.209095532411341, 2.899582010688328, -4.829655916246348e-06]]
[[-5.070922503489828, -0.3996939450215651, -2.0100740619761504, -0.010601738487011625, -0.5247615509930403, 0.025694829704519636]]	[[0.0728176415675213, -0.5708394313828443, 0.21027423964492575, 1.2090655920703863, -2.899607843213133, 5.8055108145468904e-05]]
[[-5.0837820208416975, -0.42500277554093957, -2.0119613771807914, -0.010570795627894647, -0.5251052365111077, 0.025662081323686397]]	[[0.07282750235895842, -0.5708400004445227, 0.21025432613866774, -1.2090950044587845, 2.8995833137952114, -5.9954605663577656e-05]]
[[-5.0846195012961495, -0.42518016540145753, -2.022628525104258, -0.010921959969114214, -0.526599428356914, 0.025925708928764432]]	[[0.07282250865749418, -0.5708456606773392, 0.21024431591990736, -1.2091307809041807, 2.8995700133850297, -0.00013407034952686564]]
[[-5.063665796116533, -0.41828113401426226, -2.0331205081409265, -0.010442917536004181, -0.5274434361905612, 0.025428966611559724]]	[[0.07284642723209936, -0.5708524068669727, 0.21021815676662214, -1.209130019665818, 2.8995705238978466, -0.00015298304438428125]]
[[-5.059930522595268, -0.4266073194644213, -2.026724906910663, -0.010585033760542872, -0.5276529272577207, 0.02587294653238034]]	[[0.07282601661265369, -0.5708393475805829, 0.21018409906973906, -1.209099449250924, 2.899594262465879, -7.676170785095146e-05]]
[[-5.076373932990216, -0.44824283475456506, -2.021508313920559, -0.011098460847320135, -0.5288339284454022, 0.02612670214904977]]	[[0.07283236794105678, -0.5708462344939471, 0.2101566245272588, -1.2089997742453977, 2.8995971073802247, -7.806583314356606e-05]]
[[-5.146247126616425, -0.4526249494375709, -2.016755352927159, -0.011083634303465262, -0.5287869823153668, 0.02683950625594523]]	[[0.07283240558310046, -0.5708407190819225, 0.2101315371429985, 1.2090813867353023, -2.8995998500423297, 0.00014773273542245704]]
[[-5.156588258452402, -0.48179833332591526, -1.972872330421029, -0.011028907848243119, -0.5287692296930827, 0.026847038512924304]]	[[0.07283207081776091, -0.5708364877119653, 0.21011264596147233, -1.2090819383033726, 2.8996012636810993, -7.434099086275916e-05]]
[[-5.14154484063743, -0.4989912420630449, -1.9217898097791684, -0.010813869147808741, -0.5285806146895662, 0.026823776823624634]]	[[0.07281200806673421, -0.5708400498036621, 0.21006867000296323, -1.2090639763152067, 2.8996071327612833, -1.718240481161291e-05]]
[[-5.140445561427763, -0.522167012992151, -1.8858057122673533, -0.010808533416191368, -0.5292595162515841, 0.026270179425793395]]	[[0.07284280641464257, -0.5708550215430093, 0.21006121080016898, -1.209068162746266, 2.899569212418942, -0.0001319955662876064]]
[[-5.124519641721351, -0.5303267522313422, -1.86781627788775, -0.01026460427163195, -0.5308550812255062, 0.02546701380113719]]	[[0.07281321486108144, -0.5708467308484839, 0.20999382372577335, 1.209048961551326, -2.8996183719823443, -4.0037810770920815e-05]]
[[-5.194214117446314, -0.5815458477615194, -1.8285348155566654, -0.01061557625613696, -0.530036318796713, 0.025701994851726542]]	[[0.07282953759621454, -0.5708454268874295, 0.20998660379525147, -1.2090772983261284, 2.899589188064091, -5.2816375000773554e-05]]
[[-5.194674219981305, -0.5894086930044287, -1.8065503637786378, -0.010083047559232339, -0.5311407260411874, 0.025626786541051806]]	[[0.07282771744429191, -0.57084740271465, 0.20995073321689062, 1.2091171952668107, -2.899589634627474, -2.3563812162178782e-05]]
[[-5.176593728747383, -0.59651161681807, -1.7953020775293211, -0.010281030197038965, -0.5331901707037501, 0.025473453712929677]]	[[0.07286179962415387, -0.5708486862638162, 0.2099349659957888, -1.209136941164878, 2.8995382252486204, -5.220043782253587e-05]]
[[-5.1576126859601965, -0.6081371510102387, -1.7684943241431823, -0.010444279437067272, -0.5340309420765377, 0.02583294235131894]]	[[0.072838162321911, -0.5708561997230459, 0.20992424924016373, 1.209099961443915, -2.8995953951162834, 5.056114618101308e-05]]
[[-5.188906783496247, -0.6141708736448876, -1.7279692115310261, -0.010083689799168905, -0.5327222069631885, 0.025770738097788397]]	[[0.07281743040735528, -0.5708545831572029, 0.20988932857092188, -1.2090804470552707, 2.899599364585221, -1.526018055392658e-05]]
[[-5.20139669636653, -0.6453584821248151, -1.708580965951728, -0.010995772240528001, -0.53245947411964, 0.025836375090221103]]	[[0.07282344068157064, -0.5708448482283296, 0.20985706116112315, -1.2090187145282918, 2.8995974014807477, 5.9282107594377505e-05]]
[[-5.228782113886272, -0.6604844255037152, -1.6926617288730674, -0.011484831337902901, -0.532001912733136, 0.025733718510138958]]	[[0.07280710890006824, -0.5708434703878912, 0.20982958007139538, -1.2090398794365282, 2.899601442186006, 6.055765885413372e-05]]
[[-5.190465453632953, -0.6278824283780122, -1.7051680649922796, -0.010328111249998106, -0.5327450723153861, 0.02576132857873417]]	[[0.07286262387401236, -0.570847532983233, 0.20980536226546287, -1.2091479807394743, 2.899518781316211, 4.037950197210747e-06]]
[[-5.161335460181433, -0.5944155506024207, -1.6973201330278564, -0.009213487308547652, -0.5327624600875926, 0.025121013751326526]]	[[0.07281126789980831, -0.5708477990467189, 0.20978223706392474, -1.2090307294927078, 2.8995800164550833, 2.3552928092827417e-05]]
[[-5.178231561377769, -0.5513993103569761, -1.6887417410241645, -0.008820313122943235, -0.5315846217929878, 0.0252169799435953]]	[[0.07280696953378211, -0.5708484764721191, 0.20975340648168275, -1.2089343137561703, 2.8995923951624776, 7.682421867089105e-05]]
[[-5.150660830986331, -0.5145885790686702, -1.6799141417669265, -0.009250599059713038, -0.5315452013137625, 0.024494833461827736]]	[[0.07281808153365912, -0.5708407742446913, 0.2097143702711345, -1.209083014064396, 2.8996061346472297, 0.0001757533117549063]]
[[-5.165880250915236, -0.515311282816266, -1.6493851230728103, -0.010222510505516313, -0.5295908822238441, 0.02533111210839265]]	[[0.07280791091491241, -0.5708423083713017, 0.2096852522035828, -1.2089992500254538, 2.899602205834908, 0.0001732192636263366]]
[[-5.147506207731057, -0.5272819571194978, -1.6268319731904464, -0.010566175134056888, -0.5281859857971185, 0.02542789522198265]]	[[0.07282553816953592, -0.57083489978472, 0.20964852773516285, -1.2090904123944444, 2.8995756330978475, 0.00023025998688856915]]
[[-5.154980243654164, -0.5260155454400945, -1.6251777988932696, -0.010647811495980042, -0.5263880106563276, 0.0245285070314841]]	[[0.0728251386418518, -0.5708441379760669, 0.20961300438300873, 1.2090620655644198, -2.8996051612087443, -0.0002140873927090341]]
[[-5.141579155356464, -0.5274820656233445, -1.6270459323863804, -0.0107140184216164, -0.525136178297051, 0.024238338692901602]]	[[0.07282559124330341, -0.5708282177295165, 0.20959532721595275, -1.2090466259742312, 2.8995682004601084, 0.00021009554059771545]]
[[-5.1161848085383195, -0.5712344456903327, -1.5933680020099832, -0.01029259749262168, -0.523330061583981, 0.024426878516155315]]	[[0.07282086597990745, -0.570829211478174, 0.2095728998704458, -1.209098789335263, 2.8995958585844805, 0.0003068174451344309]]
[[-5.029023265731376, -0.5749692986712245, -1.5541724615628147, -0.009267420264631898, -0.5227091643189903, 0.023907640596652038]]	[[0.07283717808424582, -0.5708367853628091, 0.2095625074893183, -1.2090770722370943, 2.8995424788411706, 0.0002090912428451686]]
[[-5.014859174803764, -0.6185955850958882, -1.5143675350432557, -0.009882043660794815, -0.5201328635902112, 0.023526572194022495]]	[[0.0728289982475066, -0.5708354700827771, 0.20951337684705074, 1.2091150091054284, -2.8995865560731326, -0.0003461927371047475]]
[[-4.951731134875056, -0.5883413424806512, -1.5045535042041625, -0.009881060566043987, -0.5193326309003412, 0.023728495200279223]]	[[0.07281490738497887, -0.5708412817829946, 0.20948120887314706, -1.2090333561213418, 2.8995839856711845, 0.00030539105096455687]]
[[-4.915022532731852, -0.5714042954542822, -1.4848858111559327, -0.009569708224488993, -0.5179754422437809, 0.023444026887879867]]	[[0.07281092283367875, -0.570837463575002, 0.20944601107718042, -1.2090417202632882, 2.899604012263952, 0.00040058157495642785]]
[[-4.906551201076509, -0.573865659568781, -1.4682115523141765, -0.00999170992809767, -0.5165796853696273, 0.023346310470779084]]	[[0.07280709527165294, -0.5708305963638229, 0.20941397155908759, -1.2090627138785492, 2.8996075697462427, 0.00041906983934168263]]
[[-4.922377742141365, -0.6141071404665008, -1.4267825987731682, -0.010570527686113662, -0.514061838618604, 0.02280314359604417]]	[[0.07283051538964795, -0.5708359905111564, 0.209392666913563, -1.2090984201770176, 2.8995942546006916, 0.0003457013573955081]]
[[-4.91470233288188, -0.6336465545715408, -1.4024547642565268, -0.011560642744229521, -0.5129672099341427, 0.02350358040372908]]	[[0.07281995974449915, -0.5708235375891423, 0.2093404523372941, -1.2090571056299073, 2.89959450414194, 0.0005123773303315603]]
[[-4.932339351647878, -0.609931454134411, -1.3882713202271748, -0.011510315592016401, -0.5114786154491806, 0.02282269964453389]]	[[0.07281836344293731, -0.5708348882150848, 0.20934551258849687, -1.2090187643988697, 2.89960015848366, 0.00040002519316339373]]
[[-4.952435939923989, -0.585561730097834, -1.3608338535910942, -0.012387738090263334, -0.5094945212408779, 0.02285750881635944]]	[[0.07282356246094818, -0.5708209847708784, 0.20931410763741087, 1.2090644401102943, -2.899612020149486, -0.0004954896364070157]]
[[-4.906047476071352, -0.5722842997109616, -1.3394409963846405, -0.013234390860479894, -0.508317499213481, 0.02218402246555112]]	[[0.07280420539223735, -0.5708127392199197, 0.20926496520997162, -1.2090307905302133, 2.899578370619844, 0.0005488157051079766]]
[[-4.929590533670912, -0.5442505172962511, -1.3394994923744745, -0.014109352037924211, -0.5063025125968816, 0.02192653741834488]]	[[0.07281693050171609, -0.5708188240558167, 0.20924280208988794, -1.2090956410738023, 2.8995899613300504, 0.0005511554425070581]]
[[-4.989391517142423, -0.5225907621077956, -1.3478256244849964, -0.014428022493868126, -0.5042023443545944, 0.022874335311566137]]	[[0.07281295609105339, -0.5708204544047778, 0.20922157045100442, -1.2090693520044415, 2.8995758633697384, 0.0005115330480008454]]
[[-5.00144647730909, -0.4974004290825249, -1.3483219458519928, -0.014503744155058229, -0.5024060200100322, 0.023111264498150513]]	[[0.07282096148935877, -0.570810502014997, 0.2092027251777277, -1.2090271153077765, 2.899618319606186, 0.0005507698678819434]]
[[-4.945508822855913, -0.4204678393910659, -1.401871997448796, -0.013608136708374768, -0.5022472041811816, 0.021661086399532035]]	[[0.07281060351790872, -0.5708088589022716, 0.20914666763553003, 1.209095855469961, -2.8995906100464297, -0.0006627281425819993]]
[[-4.964332726341617, -0.3958236990896342, -1.454812911622669, -0.014479345841313856, -0.5012666733305725, 0.022080355937505708]]	[[0.07281952046274347, -0.5708155811778769, 0.209141675195917, -1.209012181291363, 2.899585164734107, 0.0005650695722060936]]
[[-4.962472119085194, -0.39985142913338967, -1.487042752337825, -0.015956268449884736, -0.5004444807182955, 0.02298524832531579]]	[[0.07283606420712861, -0.5708283986264934, 0.209142532910019, -1.2090569245629255, 2.8995953319948016, 0.00043512744018593154]]
[[-4.967038538114701, -0.4132308116657648, -1.5037357981598003, -0.016693592589563933, -0.49930580226407034, 0.02235864056208455]]	[[0.07281244238572886, -0.5708224703815151, 0.2090950228212578, -1.2090906249770828, 2.8995789140060406, 0.0005274725325283388]]
[[-4.964788393599906, -0.46029480939324285, -1.5205700043137425, -0.0176667726515313, -0.49840005091351236, 0.0217528784472742]]	[[0.07280623026285675, -0.5708215428789808, 0.2090552219373456, -1.209085714284478, 2.899567404290985, 0.0005462063729320346]]
[[-4.949321453407171, -0.4457959690229911, -1.588857288006568, -0.0168642316162117, -0.49815979198424565, 0.022069624867042486]]	[[0.07281751772053859, -0.5708136175539134, 0.20900966348203132, -1.209033298201248, 2.89958777353824, 0.0006015931483217959]]
[[-4.953272413870183, -0.4201540367090457, -1.6461740954425794, -0.01614952343451906, -0.49700994491964634, 0.022264901873479483]]	[[0.07282691069465419, -0.5708230108677415, 0.20901358737067305, -1.2090558887879532, 2.899593432284163, 0.0005083636731596903]]
[[-4.927095637024465, -0.44719466159908583, -1.7158721290610446, -0.01707431168802867, -0.49562739007327916, 0.022357377120201118]]	[[0.07279629653261437, -0.5708284616099522, 0.20899955028832126, 1.2090073413563294, -2.899624793252106, -0.000508196769230394]]
[[-4.870098529633744, -0.4188680127645501, -1.762148053891122, -0.017073996877163322, -0.4956653903165006, 0.022234563292298403]]	[[0.07283688872933786, -0.5708148810016083, 0.2089817429718285, -1.2091644520139522, 2.8995617718001245, 0.00046892719103147347]]
[[-4.900048224587938, -0.44682252176092785, -1.7889149487201554, -0.01832104291196962, -0.4951890785709201, 0.022825508462309848]]	[[0.07281084720883858, -0.5708146585244602, 0.2089545050458597, -1.2091217310748013, 2.8995548819589625, 0.0004107734984957376]]
[[-4.839405905239545, -0.4280977351847084, -1.802012604222404, -0.01755939431724407, -0.49662143327232156, 0.022439153951964785]]	[[0.07280625708322337, -0.5708214536855302, 0.20893947582480915, -1.208982826583544, 2.899613179256873, 0.0003920574266909787]]
[[-4.785998878554683, -0.3863528275579382, -1.800244208991008, -0.015525404248749541, -0.49729618489138927, 0.02226410561753463]]	[[0.07281138895923388, -0.5708228348005826, 0.20891019187045362, -1.2090269475591144, 2.8996217265748503, 0.0003364972886822919]]
[[-4.775631010265572, -0.3897263759311147, -1.8079037989065463, -0.015376193073496719, -0.4975047501171551, 0.02205248618352538]]	[[0.0728101507601336, -0.5708093272394364, 0.20889455388799527, -1.2090302884803308, 2.8995810575887866, 0.00035323943245280277]]
[[-4.736414541106402, -0.3629993863720302, -1.8403054886555648, -0.015621222456023431, -0.49871074291590767, 0.021874111801592665]]	[[0.0728234127692908, -0.5708256921281699, 0.20889232304152594, -1.2090829038998476, 2.899561710631647, 0.00024001433858445353]]
[[-4.749539639925537, -0.37866429510665833, -1.8473053953225167, -0.017134455490468492, -0.49873582463989125, 0.021810053219611932]]	[[0.07279909584478464, -0.570828725240709, 0.20886032291336776, -1.2090441705045618, 2.899616678715096, 0.00022437262773403383]]
[[-4.747622465186122, -0.3759500318478888, -1.859006783255092, -0.017330961999759836, -0.49974657475853784, 0.0216726934643212]]	[[0.07281418176192077, -0.5708215302900768, 0.20882295566013853, 1.2090531604702643, -2.89958748864091, -0.0002455559304146334]]
[[-4.762787903356215, -0.4005157146713825, -1.875842546277202, -0.01666339363533703, -0.5005274912120663, 0.021841712428814254]]	[[0.07282650874959412, -0.5708406036755092, 0.20880944377848268, -1.2090763827622906, 2.899593435018865, 7.626083765466397e-05]]
[[-4.76857991375978, -0.4517318848900609, -1.898369665648148, -0.01640657515445504, -0.501695040122938, 0.02131791263159136]]	[[0.07280445312775151, -0.570836183524464, 0.20880107640661125, -1.2090011361706412, 2.8996114294221518, 9.36002588126082e-05]]
[[-4.8232879674505895, -0.5023314207308616, -1.914045856674311, -0.016328756294052393, -0.5011808035440447, 0.021766695746428085]]	[[0.0728287772523011, -0.5708242016937619, 0.20876782935451046, -1.2091224493740886, 2.899559810244586, 0.00013074035192434956]]
[[-4.829907355729415, -0.5159708086156432, -1.916498149653069, -0.01583472648164788, -0.5022124201439854, 0.022159706160417562]]	[[0.0728102279762561, -0.5708385412250263, 0.20875062937095643, -1.2090629777499209, 2.899612036573265, 5.7871812409527396e-05]]
[[-4.811708039228327, -0.5340571013680848, -1.9326305725527642, -0.015106733462319916, -0.5029552119047184, 0.02176035353908305]]	[[0.07284338341469529, -0.5708217888771687, 0.2087000171599219, -1.2090998243745752, 2.8995546726954093, 0.00018924185459649563]]
[[-4.779754156793578, -0.5537192504872324, -1.9632445784587353, -0.013545690857792309, -0.5039175410403982, 0.02185256100143728]]	[[0.07283800581258111, -0.5708400468634807, 0.20870999898444526, 1.2091467629918327, -2.899569965588708, -4.9836773424337245e-06]]
[[-4.807335126129125, -0.6258873078816549, -1.971716979442734, -0.012497705038499035, -0.5035027675254347, 0.022443217912597097]]	[[0.0728406521083358, -0.5708280112344906, 0.20869553890982775, 1.2091641687299879, -2.8995628354271523, -5.258189369980572e-06]]
[[-4.809102633705702, -0.642529493619135, -2.0079130307759856, -0.010928706961221779, -0.50406209560989, 0.022374603473486725]]	[[0.07284234704221693, -0.5708379484264802, 0.20866373818105158, -1.2091530563732154, 2.8995369113705083, -1.5418909195492992e-05]]
[[-4.789260670028867, -0.6375321151006497, -2.031982007889909, -0.009619000780909409, -0.5045646973237147, 0.022035759391509504]]	[[0.07285840293000784, -0.5708237423735282, 0.20861989331254369, -1.2091347804453445, 2.899541717011762, 9.882754311894146e-05]]
[[-4.804245551584765, -0.6490661211477136, -2.047757412516878, -0.009597296105963049, -0.5049997828942898, 0.022059793551181844]]	[[0.07282289196716552, -0.5708342684303702, 0.20859540793126063, -1.2090449207233476, 2.89961820991239, 8.262984053985264e-05]]
[[-4.837800783437402, -0.6208117394779409, -2.0884151283744083, -0.00970795308650027, -0.5053050306652977, 0.022443582206970528]]	[[0.07282028460169691, -0.570827315527215, 0.2085647027643287, -1.2091308244639098, 2.8995809569667483, 0.00013839271406324726]]
[[-4.838879202999431, -0.547588586183871, -2.1430575333028505, -0.009013788581494014, -0.5067393796250095, 0.02296171238445934]]	[[0.0728152016578256, -0.5708293194124027, 0.20855790809981511, -1.2090750791644553, 2.8995933477474565, 4.437706798451612e-05]]
[[-4.839097916527583, -0.5028995365225608, -2.1824806080675176, -0.008905541424845814, -0.5080340590119218, 0.022603131648554393]]	[[0.07282455784088099, -0.570835266595625, 0.20855864766566357, -1.2090234850419226, 2.8996157443256125, 6.199745824830985e-06]]
[[-4.906296599797496, -0.506932273523192, -2.195056905159057, -0.009284759739337206, -0.5072700257022487, 0.023250972547519573]]	[[0.0728049925075989, -0.570827402523604, 0.20851027391978588, -1.2089689134722368, 2.8995844570963007, 9.895287254953043e-05]]
[[-4.953688921411588, -0.5057266621692755, -2.2003806507874133, -0.009423503924326143, -0.5068960387130308, 0.023630731671000608]]	[[0.07279319288879016, -0.5708285367372721, 0.20846420727014586, -1.2090209951796493, 2.8996120474371248, 0.00019482455045528199]]
[[-4.92748751566719, -0.4580962918850835, -2.202802124684619, -0.008773298850657918, -0.508072506038072, 0.02402188839123031]]	[[0.07280770935348348, -0.5708353340621815, 0.20845804367022697, 1.2090446974879878, -2.899616425699738, -0.00012076719187120093]]
[[-4.869370534920554, -0.4394376910130262, -2.1878439312207396, -0.009070567331102286, -0.5095302710768129, 0.02335225569793577]]	[[0.07282180742544571, -0.5708178421393999, 0.2084189379020734, -1.2090941555526897, 2.8995425839361677, 0.00019191091403203842]]
[[-4.872128387310287, -0.44140732517047176, -2.1558023535688875, -0.009226375402562936, -0.5095407795176325, 0.02362182171171339]]	[[0.07284885468645254, -0.570827449115547, 0.20839477931452638, -1.2091481124983645, 2.8995728836260852, 0.0001390054422750906]]
[[-4.9022195898041305, -0.4472515523043472, -2.106336203797204, -0.009159559690177288, -0.5088206578797888, 0.02449562104741208]]	[[0.0728175462931243, -0.5708357157596609, 0.20837028289208298, -1.2090386823064774, 2.899604658252825, 0.00017599450183201345]]
[[-4.8825548917902, -0.48642867537422907, -2.047872301118527, -0.009383093769238626, -0.5089510287548051, 0.02416357053546345]]	[[0.07281908343619595, -0.5708173700513605, 0.20834223261274565, -1.2090507837412598, 2.8995848209370894, 0.00025003475422158075]]
[[-4.86414440992015, -0.5234635028349288, -1.9789575070602736, -0.009102756725270555, -0.5083445025166399, 0.02343121072614086]]	[[0.07282560508595842, -0.5708190694539078, 0.2083285847119955, -1.2090559242506869, 2.899597191458785, 0.00017607469206862457]]
[[-4.862930136236516, -0.5430661164240216, -1.9275644369667244, -0.009379068552018782, -0.5079022401657226, 0.02410274591598094]]	[[0.07283788093991893, -0.5708261057514685, 0.20829466918874193, -1.209098904506979, 2.8995529274775613, 0.0001922260655619301]]
[[-4.860640009355094, -0.5199441671420311, -1.884530963314433, -0.009585095024158635, -0.5079049616502942, 0.02422404319029433]]	[[0.07283886419426537, -0.5708233737294734, 0.20828270629155937, 1.2091486278759587, -2.8995765227550847, -0.0002337631023611537]]
[[-4.804548518905167, -0.4916058790886999, -1.8292529547728962, -0.009565112670575221, -0.5084250809312332, 0.023622700739720708]]	[[0.07278162781126396, -0.5708235478105641, 0.20825851988624944, 1.2089930062840404, -2.8996411536350184, -0.0002148527455902169]]
[[-4.7977183834247334, -0.4909505760202877, -1.763835774245502, -0.010179601888672368, -0.5083997543258992, 0.023253860222007105]]	[[0.07280963431742037, -0.5708215076702177, 0.20821648733427334, 1.2090801126536275, -2.8996070867880053, -0.00030720414466364553]]
[[-4.822564445451798, -0.4787040531106288, -1.6632504713029372, -0.010172760327372354, -0.5080004202112686, 0.02371091592806611]]	[[0.07281704540037673, -0.5708187150121796, 0.2081989004069896, -1.2091109829834898, 2.899583938317441, 0.000289893231614722]]
[[-4.883105387307406, -0.5037633813770452, -1.568810896407323, -0.01104470040443628, -0.5055033580036703, 0.024502713124457717]]	[[0.07280794156071278, -0.5708100744705915, 0.20815783902201254, -1.209054533013633, 2.8995926629193365, 0.0003633698112524638]]
[[-4.847710588642379, -0.49621658685642833, -1.433784938325266, -0.010818586056921431, -0.504645155333795, 0.024363344840388133]]	[[0.07278793599792324, -0.5708179376386289, 0.20814133583185324, -1.2090230909270434, 2.899618614151942, 0.0003638971160778511]]
[[-4.808496846271043, -0.5070276515307102, -1.2957853185464985, -0.010403825302619879, -0.5034353882054218, 0.02412958704561596]]	[[0.07280379914789167, -0.5708214354471862, 0.2081244154055562, -1.2090586840857305, 2.899604939365983, 0.000309057732171667]]
[[-4.762854368954571, -0.5272381034571336, -1.1437522764620194, -0.009285758456409804, -0.5025011948457143, 0.02376152669005677]]	[[0.07281682507019818, -0.5708059939904102, 0.20808501298752885, 1.2090762857387507, -2.899598236919601, -0.0003862074719225631]]
[[-4.740748371308063, -0.5829118932219979, -0.9594299591333834, -0.008607785436859111, -0.5003341865277326, 0.02368995601050078]]	[[0.07281751111645275, -0.570813238744568, 0.20805787552644034, -1.2090832172493522, 2.899566861992975, 0.0003823717866885872]]
[[-4.691896450781508, -0.5894636133697437, -0.788760396642624, -0.006907121369351399, -0.49916921541226944, 0.02390810170036826]]	[[0.07281870451792427, -0.5708198036317361, 0.20803473626934318, -1.2090534361513148, 2.8995929645899787, 0.00034434487727538695]]
[[-4.659571952690158, -0.615663668561103, -0.5975442400678745, -0.006224677225693337, -0.49899576229736053, 0.02370582471429489]]	[[0.07280132409637725, -0.5708027096199757, 0.20800381484414385, 1.2090423300293882, -2.8996144674412094, -0.0004600190894658174]]
[[-4.680509491190605, -0.6447027015737881, -0.4023094297855238, -0.0049483006989221034, -0.4979477202206969, 0.023840660917610404]]	[[0.07283308381046934, -0.5708010612342117, 0.20797706216489895, -1.2091564232859842, 2.899547946357983, 0.00042068559225056604]]
[[-4.700702621676699, -0.7040193608057761, -0.14270389234216088, -0.003952516222879343, -0.4965859918908685, 0.024496546826098396]]	[[0.07281369911922166, -0.5708098784508295, 0.20795471471366922, -1.2090913073757068, 2.8995866345109116, 0.00047848123973282956]]
[[-4.6689646057597605, -0.6967036600631833, 0.09327249221602057, -0.0010396526175099063, -0.49618245784518356, 0.024651236913366303]]	[[0.07280593573144976, -0.5708014037954681, 0.20792151932953656, -1.2090478544177632, 2.899577907502404, 0.0005139029954955735]]
[[-4.677942712499265, -0.69279428425958, 0.3242414387408781, 0.0007279977260847559, -0.49682455449920115, 0.024783469532771774]]	[[0.07282335230593774, -0.5707819984629466, 0.20788493945504322, -1.2091471273789758, 2.899574203716932, 0.0005735277982340378]]
[[-4.667823317223013, -0.7038036031382253, 0.6003470507752058, 0.0025626894997966276, -0.4986621571834563, 0.024535950701386387]]	[[0.07281563066653142, -0.5707959520807004, 0.20787027999304236, -1.2090562150611646, 2.8995999337760625, 0.0005165433708002352]]
[[-4.672148942873465, -0.7699052939533315, 0.9250700219675712, 0.004037108036794745, -0.49963183987301185, 0.025135777555820426]]	[[0.0727915736243178, -0.5707854708563865, 0.20781757903542075, -1.2090851526568482, 2.899572097078316, 0.00062809892353925]]
[[-4.729261770310565, -0.8155075033147781, 1.2391418814503796, 0.005358465278225449, -0.5014830668918739, 0.025178240468105993]]	[[0.07279768087442702, -0.5707882540206992, 0.20780794795581076, -1.2090495125699703, 2.899535743063713, 0.0006057562942210097]]
[[-4.7880697153174125, -0.814854170317469, 1.5335636542991116, 0.00643318883736993, -0.5050685720587282, 0.025121221882260153]]	[[0.07280190975319126, -0.5707750804216389, 0.20775540469691411, -1.2090319364526452, 2.8995906131576183, 0.0007764960174349247]]
[[-4.8651020937645395, -0.781614700915862, 1.8113870127151699, 0.007803860255668371, -0.5086605039291919, 0.025426619937151142]]	[[0.07279610098167644, -0.5707752370555785, 0.20772473721835322, -1.2090788907666787, 2.899557509137321, 0.0007955111403467117]]
[[-4.932867462123053, -0.7543039356544678, 2.0973215412279353, 0.009084247110163701, -0.5120540776331066, 0.025338042178489964]]	[[0.07279430707069688, -0.5707737652606509, 0.20770616510345438, -1.209066614656049, 2.8995766843741118, 0.0007407352784800319]]
[[-5.028671878438447, -0.7696316351617507, 2.3988951603804365, 0.009312442154935707, -0.5159437578659267, 0.026339820568027722]]	[[0.0728109609770389, -0.5707611509152067, 0.20764940881265126, -1.209117573063143, 2.899553020841974, 0.0008335475799371114]]
[[-5.095668305497854, -0.7852115897169387, 2.6878352504697354, 0.010302090724551682, -0.5214109949093794, 0.026728033706291295]]	[[0.07279613717274645, -0.5707786891445883, 0.20764500306091233, -1.2090662009490925, 2.8995761842377994, 0.0007576580390325973]]
[[-5.2003477504575715, -0.7668253517062742, 2.9699878136490296, 0.01297653809317606, -0.5270232450488712, 0.027916785132395015]]	[[0.07279562624568121, -0.5707582454520428, 0.2076128845150459, -1.2090829083818422, 2.899567283325349, 0.0008326007145328034]]
[[-5.275657051007766, -0.7798894850814047, 3.268153608333981, 0.01452053009176063, -0.534669434770879, 0.02857367142844748]]	[[0.07279348125520937, -0.5707559162934016, 0.20757205007184062, -1.2090179497862912, 2.8996062148830153, 0.0008712091339951698]]
[[-5.405452529929118, -0.8403491736924731, 3.622809261876746, 0.01679271688210776, -0.5411904364381122, 0.028516686158835156]]	[[0.07280488077710973, -0.5707605693162286, 0.20754191727626325, -1.2090785294059252, 2.8995554282145313, 0.0008511410132204532]]
[[-5.541752706391751, -0.9150210908202672, 4.053207753189677, 0.02002790563306217, -0.5481635043629196, 0.0293156425378752]]	[[0.07278913184749974, -0.5707498398319754, 0.207490371127537, -1.2090677369702139, 2.8995316699192397, 0.0009435391608037666]]
[[-5.672921126844546, -1.0014508997400937, 4.495285313962438, 0.023860272143277406, -0.557764885104024, 0.02947062713347942]]	[[0.07280078162920431, -0.5707428448486962, 0.20746849333695966, -1.2090504176789179, 2.8995387745237857, 0.000943629497207578]]
[[-5.784359772932694, -1.1062532257674564, 4.9905970722783515, 0.02784722880523094, -0.5699244862910519, 0.02914113519661044]]	[[0.07280222740602278, -0.5707398404043273, 0.2074362075580679, -1.209005893236558, 2.8995296156351915, 0.0009966181205104826]]
[[-5.963226039775861, -1.1860663046474982, 5.482985936419765, 0.0318812744963759, -0.5812765505630835, 0.02967667085402369]]	[[0.0728087566879112, -0.5707348345627768, 0.20740877284480447, -1.2090876043351784, 2.899482449570645, 0.0009967293029237792]]
[[-6.140201061882973, -1.2822586686878803, 6.061906895060588, 0.03558024619999911, -0.5931380760057936, 0.03009128154931648]]	[[0.07281797899402064, -0.5707247057307698, 0.2073896548536473, -1.2091442070094829, 2.899472021789568, 0.0009796644817555292]]
[[-6.327492245136943, -1.358563466196209, 6.686411484832334, 0.03946848089318322, -0.6069175552378809, 0.03050405574540819]]	[[0.07281264330950084, -0.5707295626277111, 0.20733480198599985, -1.209108935187531, 2.899485188843418, 0.0010362639122413807]]
[[-6.464122806644836, -1.4464832640130485, 7.356426649850546, 0.043656334922215045, -0.6266317949442457, 0.029649494885238957]]	[[0.07280923990530219, -0.570723992984609, 0.20730492118031973, -1.2091133493113109, 2.8994957185697454, 0.0010756467293637662]]
[[-6.698370420420545, -1.5913093631066242, 8.109699811445964, 0.04851688216650363, -0.6474700421168281, 0.030001260732812993]]	[[0.07281296157748936, -0.5707149511309284, 0.20725025136315858, -1.209077721544209, 2.899507726233006, 0.0011884856235364228]]
[[-6.9652887738306255, -1.7259509808535198, 8.904982022882493, 0.055231417392154813, -0.6671219990569897, 0.029459824590105148]]	[[0.07278272957583158, -0.5707102472765296, 0.207231250127056, -1.2090444329200596, 2.899523117198649, 0.0011146431315763072]]
[[-7.149118892283147, -1.7957299360443635, 9.615148459544779, 0.05996813399524159, -0.684428137826348, 0.028069706691947242]]	[[0.07279137551110378, -0.5707143762167708, 0.2071852697808283, -1.2090776209030725, 2.8995077726369773, 0.0011717130472851222]]
[[-7.272368079803437, -1.7828273816467486, 10.228209067648848, 0.061878220587176014, -0.6948599652896341, 0.02731864910446979]]	[[0.07278476705959457, -0.5707122823986548, 0.20715225687905187, -1.2090031226377473, 2.899523957635924, 0.001227759478946135]]
[[-7.274107582692169, -1.7715307443740524, 10.834867879538642, 0.062359774583658545, -0.6985700617753499, 0.025831040111715158]]	[[0.07279117815089839, -0.5707050424099414, 0.2070986449209372, -1.209038124677175, 2.899559063009126, 0.0013255408649966867]]
[[-7.16272278471355, -1.7681046898227009, 11.498769131959797, 0.06561302905520366, -0.699083333685953, 0.025035322613603497]]	[[0.07280441182239211, -0.5706921416569611, 0.20705592825882513, -1.2090930020999857, 2.8994963103148876, 0.0013625722064203702]]
[[-7.103087222472532, -1.8344931843694483, 12.132366447523937, 0.06926650682378116, -0.6989139291849538, 0.02270194445530049]]	[[0.07277449124206412, -0.5706814915653962, 0.20700960986233996, -1.2090481575792564, 2.899486200385087, 0.0014557794603261348]]
[[-7.1301056574474355, -1.9024678788503842, 12.631863920344154, 0.07165298902606243, -0.6988653842538751, 0.022132799524573674]]	[[0.07278592913587748, -0.5706773982887634, 0.20694665984822821, -1.2090699140072767, 2.8994880149575697, 0.0015313471636700167]]
[[-7.041621175649565, -1.8160814379639194, 12.864212898112195, 0.07167736598629204, -0.6960457205516106, 0.02092462879160315]]	[[0.07280431469538148, -0.5706728951986345, 0.20692857368611756, -1.2091776695233303, 2.8994564124453523, 0.001531527917277974]]
[[-6.876209660033718, -1.5988463174035341, 12.899678932435911, 0.06533835735144339, -0.6840041797704333, 0.019065288217415197]]	[[0.07279455327475257, -0.5706827590999689, 0.2069065592359462, -1.209183793105572, 2.899519601199659, 0.0014780529873829108]]
[[-6.519205907602291, -1.37042929313536, 12.913713901289182, 0.05724145636462258, -0.6615162906040053, 0.016796836022869945]]	[[0.07278757804731172, -0.5706780500312804, 0.20686102405309711, 1.2091286287461465, -2.89958167138921, -0.0015374189094116521]]
[[-6.057767253175783, -1.1910251156414557, 12.906279208272611, 0.051422793700425184, -0.6338697885376647, 0.014989991324807295]]	[[0.07278096348097449, -0.5706728798039681, 0.20680982020854882, -1.2090550298332219, 2.8995981862944853, 0.0015942091881619574]]
[[-5.692109849639364, -1.1131714052822685, 12.837530351244334, 0.048181092545406035, -0.610253004378986, 0.012117604197519649]]	[[0.07274201444335994, -0.570699446977091, 0.20679049157128399, -1.209014888752014, 2.8996038577596432, 0.0014976487497237218]]
[[-5.421492675971221, -1.120588488129509, 12.76532704463486, 0.048009988717253926, -0.5895293096877334, 0.01156770059373543]]	[[0.07276992849919416, -0.5706848062909089, 0.2067618497915859, -1.2091107719617615, 2.8995882958684978, 0.00155307887902616]]
[[-5.101681096088733, -1.1157843075457983, 12.61705916135161, 0.04726263865207064, -0.5691363351532732, 0.00991452425138017]]	[[0.07275876196844178, -0.5706962827008019, 0.20675685600285093, 1.2090754977105198, -2.899601167843606, -0.0014033097508756296]]
[[-4.6878599147689055, -1.039640254017719, 12.408748336905191, 0.04427777551981216, -0.5481913596008005, 0.008793695034701284]]	[[0.0727478220572069, -0.5707092888314363, 0.20672528177178365, 1.2090527442032701, -2.899597587540154, -0.00138463930369271]]
[[-4.31271982450896, -0.9493663383081534, 12.162686357943217, 0.04023818895621367, -0.525786806268459, 0.008599105327657114]]	[[0.07273453333352323, -0.5707084231029044, 0.20672235784500848, 1.2089704605021276, -2.8996435589784473, -0.0013260008070287606]]
[[-3.975909305618293, -0.8672567913268925, 11.897695470524669, 0.036264282595617064, -0.5052972206984381, 0.008263517815779386]]	[[0.07276421456685618, -0.5707018391377964, 0.20669588664576505, 1.2090093829147184, -2.8995888001931305, -0.001325780886596892]]
[[-3.6819848859189164, -0.8513277130556876, 11.64006875980349, 0.03455523834392801, -0.48984009096281356, 0.007362971947553656]]	[[0.07276929658393093, -0.5707119648325103, 0.20670776793723414, 1.209116527919325, -2.8995541006295302, -0.0011942548811340475]]
[[-3.547285050220967, -0.92502843855123, 11.389217120359568, 0.03424606933183719, -0.4770541485336863, 0.008245007203415205]]	[[0.07275510087305259, -0.5707252864159292, 0.20669880032687035, 1.2089854566866332, -2.8996314430615655, -0.001080098872749532]]
[[-3.4254097468888665, -0.975110843352488, 11.111175755449267, 0.03476593997921601, -0.4667146673068018, 0.008490518416619002]]	[[0.07276126467677564, -0.5707319602622772, 0.20672745675467888, 1.2089882474147577, -2.899587254479972, -0.0008938739175268681]]
[[-3.2052508669490933, -0.9934618213123718, 10.818836746611664, 0.034816977162586915, -0.4570105991843666, 0.00832145135745002]]	[[0.07273386770001443, -0.5707290385864702, 0.20665464411637535, 1.2089460149448155, -2.8996343522372716, -0.0010411244186771583]]
[[-2.9956791901340334, -0.9555683666880617, 10.527529134915534, 0.03350119161827583, -0.44661371318101617, 0.00825263541783804]]	[[0.07276349024396897, -0.5707490304389474, 0.2066945652333989, 1.2090080921750916, -2.8995379035495845, -0.0008191281961195097]]
[[-2.851647770093099, -0.9311944508981246, 10.216357000262738, 0.0313164663388715, -0.43716157993072313, 0.008571209790201909]]	[[0.07274421622463281, -0.5707419730485924, 0.20667697654894807, 1.2090430225048707, -2.899575164868745, -0.0008362205080211581]]
[[-2.7802378343049807, -0.9490545596520275, 9.915607950795087, 0.02995376496633051, -0.4306204111209537, 0.008821038915439288]]	[[0.07274901156324476, -0.5707461124115061, 0.2066516138934546, 1.208959192992026, -2.8995706979724116, -0.0008375487332027115]]
[[-2.7207899995869007, -0.9977604174565768, 9.624079401485387, 0.029874191666678485, -0.42633021862345155, 0.008702255503198567]]	[[0.07275442643549239, -0.5707441814440863, 0.2066491170166099, 1.208971910290679, -2.8995504819983124, -0.0007638864259846743]]
[[-2.6548721735420155, -1.0228664696569083, 9.36444829094342, 0.031575527620717664, -0.4203320885427124, 0.00928987857556865]]	[[0.07275784347968263, -0.5707530487703665, 0.206658644913775, 1.2089708782562536, -2.8995481716743354, -0.0006140449858630965]]
[[-2.546666118551237, -1.0377577272336547, 9.110607504685875, 0.031382166112788906, -0.41280020881104984, 0.009571766517914302]]	[[0.0727619644958133, -0.5707569253404736, 0.2066274988267118, 1.2089989419846698, -2.8995653543729287, -0.0006693299618950934]]
[[-2.4518135723532914, -1.0625101861403494, 8.87594362681984, 0.030236404147038848, -0.4028837134076816, 0.009846961130873312]]	[[0.07276565474119334, -0.5707536924135692, 0.20662925562585455, 1.2090068644825616, -2.899533491690547, -0.0005578241495465097]]
[[-2.39427529510022, -1.077340402554298, 8.659410426274345, 0.030039919850696983, -0.3934484212214245, 0.010314159768061052]]	[[0.07277995703297815, -0.570746190220058, 0.20657968417470793, 1.209086587689348, -2.8995304082184528, -0.0007059724659041032]]
[[-2.3713868820613144, -1.1463896164824832, 8.453568145211259, 0.029428585561864395, -0.3864569829553671, 0.01009918451318631]]	[[0.07275474441381849, -0.5707591691250328, 0.20656117946639066, 1.2089091450480483, -2.8995916788851277, -0.000707237708863109]]
[[-2.4154641968661488, -1.2450012220583693, 8.276947946968294, 0.030070546007780752, -0.3799128166449905, 0.010170259202793748]]	[[0.07278497970892758, -0.5707629351375281, 0.20655402543224283, 1.2091162673552633, -2.8995028305681325, -0.0005937326777472219]]
[[-2.4634284449199093, -1.3709772828967826, 8.147953951485242, 0.03064291881610262, -0.3712700718714535, 0.010203025059680258]]	[[0.07279182288839971, -0.5707656042804791, 0.20654925645531075, 1.2090757001662598, -2.899504821500798, -0.0005204435870624022]]
[[-2.483293089787159, -1.510342700244398, 8.043017253639354, 0.030530743818569045, -0.3591352725253341, 0.009949066620224463]]	[[0.07277723370129184, -0.5707647743713294, 0.2065240230739292, 1.2090417503487827, -2.8995208009358526, -0.0005965154524356244]]
[[-2.4398390310744444, -1.6037432603562556, 7.940357216733593, 0.029641246245416725, -0.34601853798165694, 0.009405044231866201]]	[[0.07278263359002757, -0.5707565825012222, 0.20649961517939114, 1.209011851982423, -2.8995464394947703, -0.0005777985725238375]]
[[-2.316028213484278, -1.5583200104845008, 7.8029872173454775, 0.030039953794217422, -0.3339348477285373, 0.008817767011157093]]	[[0.07280080455295511, -0.5707590575846315, 0.20647431340123157, 1.2091009336237577, -2.8994701308568622, -0.0005781824943564305]]
[[-2.2181618766456004, -1.5377584376439688, 7.666986084997863, 0.028804010034267663, -0.32270622014115224, 0.00856899718662863]]	[[0.0727818441227165, -0.5707620911714976, 0.2064671311579111, 1.2090534021847925, -2.8995022345431516, -0.0005415305378152536]]
[[-2.157279332992808, -1.5070653629818327, 7.535717534874701, 0.027166188321220835, -0.31139363876187764, 0.009320804823883233]]	[[0.07278961085275762, -0.5707740201227447, 0.2064366617696899, 1.2090224393341624, -2.8994769058860923, -0.0005609765435986998]]
[[-2.0804033909754143, -1.4339054034451002, 7.388350408866894, 0.02516099702930985, -0.2999819547837597, 0.009746851865365651]]	[[0.07278279000198622, -0.5707714961441012, 0.2064034708687737, 1.209097304186254, -2.89946008509259, -0.0006189319308799417]]
[[-1.9480363588193748, -1.3471500325404882, 7.215647108590167, 0.021150680947537664, -0.2883208284978722, 0.009491476774234906]]	[[0.0727802566291773, -0.5707769795839085, 0.20638717493322184, 1.2090015285581222, -2.8995246429225787, -0.0005611631211242902]]
[[-1.8115508508944833, -1.1457042310667822, 7.000076914303442, 0.01821771673135214, -0.27634473152469563, 0.009902910821391032]]	[[0.07278675588138081, -0.5707820370190031, 0.20638544318026375, 1.2089580215357867, -2.8995156584934074, -0.0005041037010327803]]
[[-1.6674521942621, -0.972902405237726, 6.79123242773493, 0.013056196801547348, -0.26572680112747243, 0.009950981532331081]]	[[0.07277698752216286, -0.5707850890618702, 0.2063708803132609, 1.208977759593672, -2.899467526826648, -0.0004491693642251421]]
[[-1.5713179556043326, -0.7755707002346187, 6.585983737597069, 0.008530056620281695, -0.256677215545177, 0.010563560152273046]]	[[0.07276974836415906, -0.5707877119731878, 0.20632943052236077, 1.2090345391559258, -2.8995090203530967, -0.0004648675936168931]]
[[-1.5204032931367837, -0.6236270267770905, 6.389149356538718, 0.0039969349412721095, -0.2476244979550666, 0.01147288455300983]]	[[0.07276771641565023, -0.5707890012090995, 0.20632931022541093, 1.2089904036516483, -2.8995003450478865, -0.000409309370772525]]
[[-1.4541247322141937, -0.4706961898189536, 6.180978759973572, 0.00035855103834787905, -0.23992732851093243, 0.011959082336217034]]	[[0.07277063757662647, -0.5707830927956755, 0.20630863086687076, 1.2089921270617359, -2.8995514791532457, -0.000387793837765606]]
[[-1.3292537363049002, -0.3418294074775957, 5.959085995498727, -0.002840094278304617, -0.23342938823828552, 0.012207506158259288]]	[[0.07275436522594153, -0.5708071137171737, 0.20630412702583809, 1.2089424744090507, -2.8995320006791796, -0.00034992307964492865]]
[[-1.218553400489558, -0.22045950229332034, 5.746308998345997, -0.005253879910317616, -0.226514924556089, 0.012284459012644902]]	[[0.07277197311884992, -0.5708078009664276, 0.20629702444881762, 1.2089621574764082, -2.899481775571946, -0.00020225278269009415]]
[[-1.1440401294642144, -0.1538295632393767, 5.561126716279463, -0.008068074304666606, -0.2188007340980141, 0.01225444773691043]]	[[0.07276064674444334, -0.5708088477154026, 0.20627440884285564, 1.2089365557901182, -2.8995179556027972, -0.00018172812912513282]]
[[-1.1057616987820034, -0.09426944211882837, 5.352837870786102, -0.009860185750696998, -0.21266301202425894, 0.012601256750290092]]	[[0.07277036070875638, -0.5708156884170406, 0.20626829637119837, 1.2088840671253849, -2.8995382719108034, -0.00010554618071235703]]
[[-1.066462117603653, -0.04260346715027097, 5.163545632741505, -0.011447593186315413, -0.20832712444586518, 0.01284405971623014]]	[[0.07276604045155388, -0.5708163750087277, 0.20626873075783322, 1.2088920391720062, -2.8995594792338455, -4.666120428587994e-05]]
[[-1.0254624328930797, -0.056246873620206084, 4.983937328480263, -0.012848408967264094, -0.20382023712511926, 0.013641065638844714]]	[[0.07275626336686129, -0.5708282984118817, 0.20624971882520676, 1.2088737671328527, -2.899564684884461, 6.403684945694475e-05]]
[[-0.9732449129174334, -0.06770132046649108, 4.80749945449818, -0.013175389767827797, -0.1991051680728263, 0.01381093948229104]]	[[0.07277700682214767, -0.5708358739630771, 0.20625904381681082, 1.208928621362971, -2.8994996592933697, 0.00021206853871973824]]
[[-0.9543195762079888, -0.1146043278589588, 4.6016995155805605, -0.014511318203153725, -0.1933299886243403, 0.014460164811697625]]	[[0.0727830758738952, -0.5708454058123524, 0.20622761964811964, 1.2089724756906555, -2.899508117466349, 0.00017691980484187272]]
[[-0.9263616579762908, -0.13224115354025134, 4.399203460023026, -0.014709996419795715, -0.1882630969811837, 0.01474441527104532]]	[[0.07281231064075179, -0.5708498394053759, 0.206227898265662, 1.2090537532533283, -2.899457953492637, 0.0003254543618821325]]
[[-0.9389176318619514, -0.16629525014168978, 4.201668086362897, -0.014913717768757051, -0.18371734322680638, 0.014824869093499615]]	[[0.0727779308934277, -0.5708540084296239, 0.2061827564184035, 1.2089495134717092, -2.899502092494996, 0.0003054355746236815]]
[[-0.9299679065745603, -0.23169505707058446, 3.982155765361134, -0.014984650631987673, -0.18220779286377092, 0.014158693405177994]]	[[0.07279794838409108, -0.5708562152264396, 0.20619426617217607, 1.2089922285958845, -2.8994565438688324, 0.00039833365757685273]]
[[-0.9999050407771135, -0.3258898503857427, 3.7678079417376797, -0.01364992090180428, -0.17989496137287053, 0.014309847023641334]]	[[0.07280670998442006, -0.5708626081068572, 0.20618120702253015, 1.2089795546472863, -2.899524037164072, 0.0005128216276362172]]
[[-1.0496955541430255, -0.45245339972860943, 3.5421588160885342, -0.011341210894345546, -0.1780195598905201, 0.014219276045416682]]	[[0.07281764919422705, -0.5708657859121713, 0.2061795765784279, 1.2090575853868881, -2.8995168059000145, 0.0005706263096605074]]
[[-1.078979570063233, -0.581331715620657, 3.267746220028753, -0.008689301061172161, -0.17766198584698895, 0.01373717384078915]]	[[0.0728323297452445, -0.5708695380126428, 0.20614017623950587, 1.209054200527388, -2.8995051104630787, 0.0005872314004938538]]
[[-1.1842983694699758, -0.6831558566717761, 2.9486526562704563, -0.006334336312317515, -0.17912895305661297, 0.014166878483695751]]	[[0.07283069572653843, -0.5708807905552793, 0.20614512917355077, 1.2090225181450756, -2.89952867900252, 0.0006981779205718057]]
[[-1.3392245330503445, -0.8323584973153535, 2.642505473326366, -0.0066724862237763916, -0.18241217360099726, 0.015927689746047854]]	[[0.07281864824482007, -0.5708833752977299, 0.20610938019269887, 1.209044440951902, -2.8995329048584684, 0.0006798999880435298]]
[[-1.4882561180676106, -0.9189105340753099, 2.3660918841144563, -0.005873563869701753, -0.18695064757723873, 0.016693676879791026]]	[[0.07283807794522311, -0.5708815209907062, 0.20609478428485845, 1.2090578555432532, -2.8995145190311584, 0.0006779719558227952]]
[[-1.6398164451600232, -1.0046331908268158, 2.141574966130659, -0.005304377867063781, -0.19040588879509052, 0.01747923970395262]]	[[0.07283252977226444, -0.5708769401536918, 0.20607928276121557, 1.2090086461357292, -2.8994955283568964, 0.0006929215121435686]]
[[-1.7229337382429344, -1.0482051039999485, 1.9168102679234527, -0.004594091470314615, -0.194752473880456, 0.016996269951784007]]	[[0.07281373297616262, -0.5708777747415991, 0.20604116871582245, 1.209001121359274, -2.89952645613533, 0.0006375894163044384]]
[[-1.7934393968288638, -1.078436420754873, 1.7145322588876803, -0.004302842841004156, -0.19707989895737132, 0.01680338387451463]]	[[0.07282498615287011, -0.5708819140663338, 0.20604052649937107, 1.2090435601310916, -2.899533129624281, 0.0007137124883866744]]
[[-1.7691256052817692, -1.0608529830361926, 1.5475799054636667, -0.0044076515543478995, -0.20013088169921506, 0.016964855034962513]]	[[0.07281058305587279, -0.5708727307501766, 0.20601141838335352, 1.208996416611328, -2.8995151478325365, 0.0006551197083589867]]
[[-1.8287232232512718, -1.0476126238265833, 1.422929303126162, -0.005108225686099532, -0.20153304864960228, 0.017174250936655897]]	[[0.07281963167762155, -0.5708778859411904, 0.2059666728822053, 1.2089448421229012, -2.8995378558703817, 0.0006168696659862793]]
[[-1.8700767594617436, -0.9937947258668569, 1.2916589920800228, -0.006434788305248282, -0.20488883981063757, 0.01827347727877302]]	[[0.07283173059216631, -0.5708685220564287, 0.20595000379435585, 1.2090534197301577, -2.899506294147032, 0.0006154712422252392]]
[[-1.9457313418003719, -0.9037923138711448, 1.1688023288364482, -0.007183895949245789, -0.20668338118540747, 0.01866106087409778]]	[[0.07282141759245567, -0.5708688990640307, 0.20593553198839798, 1.2091022101708004, -2.8995262554464185, 0.00056112044316361]]
[[-1.9286971420210595, -0.8326458312595849, 1.0713754601689107, -0.009586699734014825, -0.20926211432571457, 0.018090601674234038]]	[[0.07283044207178832, -0.5708739222452776, 0.20589064942769492, 1.2091018885747324, -2.8995278668052977, 0.0005218487933103624]]
[[-1.9228586275146395, -0.7303610097841761, 0.9948727774824426, -0.01133768873712973, -0.20985911600074159, 0.01880155898454714]]	[[0.07280281598890818, -0.5708668559392918, 0.20587896599105138, 1.2089769104549546, -2.899619317898032, 0.000506611649864922]]
[[-1.9213889378602669, -0.5846212282577194, 0.934561383511089, -0.012838405739278524, -0.21030530995626592, 0.01904042518926849]]	[[0.07281040608691405, -0.5708617498640082, 0.20583592316731875, 1.2089773935067072, -2.899569787133702, 0.00042965719958006635]]
[[-1.936395320591244, -0.4845857491187259, 0.8777010839884184, -0.015188125858621893, -0.21030194109671896, 0.019236647325615707]]	[[0.07282493224179622, -0.5708658367670306, 0.2058273480178559, 1.2090588830302362, -2.899522079809131, 0.00046646281354430344]]
[[-1.9872113154733555, -0.4004472522656225, 0.8191158058469302, -0.016793908988629827, -0.21134350866919027, 0.020048734094387368]]	[[0.0727992615082678, -0.5708728980236336, 0.2058104856792708, 1.208998708550722, -2.899623556314648, 0.0005258060867210554]]
[[-2.0233439019511215, -0.3297650281105545, 0.7707435011198731, -0.01780677720765221, -0.21278881148082357, 0.019887091421496333]]	[[0.0727974924950759, -0.5708683318348033, 0.20578231082862175, 1.208998659732908, -2.899623487774529, 0.0005082840930633116]]
[[-2.0049510883373856, -0.29548575069828686, 0.7389434973477033, -0.017521771583682816, -0.21290797597558025, 0.019097362970231596]]	[[0.07278762164926038, -0.570855709897481, 0.20574939647604912, 1.2090152415109265, -2.899565540012421, 0.0004488538982221784]]
[[-1.973349792192891, -0.2715812561954696, 0.7138927168542023, -0.017009836893549415, -0.2132843853505275, 0.019987427957129482]]	[[0.0728117671653158, -0.5708556956090645, 0.2057171601678708, 1.2090262119490143, -2.8995883741072555, 0.0003746796239576389]]
[[-2.0061292404752895, -0.26628489118757237, 0.6598110293466932, -0.018898100955996797, -0.21322039240738833, 0.020312304087188277]]	[[0.07280008363965124, -0.5708633884329577, 0.20570166986624597, 1.2090418531857876, -2.899581370105774, 0.00039245374092001893]]
[[-1.988401017458001, -0.24281759091824673, 0.6417151458738394, -0.01938011367522227, -0.2121513661887836, 0.020020533381735865]]	[[0.07280304095320893, -0.570859002306298, 0.20568087837022175, 1.2089987059223308, -2.8995731439913643, 0.0004091720691025511]]
[[-1.9267733472732664, -0.20986388499528863, 0.6300288909716103, -0.019864281600008554, -0.21360933746949456, 0.020431355924398233]]	[[0.07281705936244662, -0.5708577168367412, 0.20563022229072758, 1.2090861356160663, -2.899539891612296, 0.00027742919223151986]]
[[-1.981390432578074, -0.18408160109384952, 0.5975770540076012, -0.021727409773906123, -0.2139006073961764, 0.01995408055041399]]	[[0.07280895795970786, -0.5708612070195889, 0.2056261453794468, 1.2089995436908347, -2.899626438084437, 0.0003567802125568732]]
[[-2.0003889080762134, -0.21338075784567767, 0.5863938944644259, -0.022021330829723282, -0.21356935131215324, 0.020236952476846135]]	[[0.07281883715012148, -0.5708557405955922, 0.20557613801959285, 1.2090262258688693, -2.899591251444824, 0.0002605335993859245]]
[[-1.9409067938946505, -0.2365238751205736, 0.5890361477413263, -0.021947024421549055, -0.214369584125445, 0.019932871591760007]]	[[0.07282454458327889, -0.5708518380965651, 0.20557115835460432, 1.2090255265105045, -2.8995895032572165, 0.00035364533335633974]]
[[-1.9450321884667523, -0.24159656792606243, 0.5710163746287771, -0.021532203650663356, -0.21404895282031994, 0.018843727700964]]	[[0.07280795945919565, -0.5708422530425925, 0.20553563026604163, 1.2090480609959917, -2.8995948907069864, 0.0002803537739253754]]
[[-1.9723615067739726, -0.2142656847819968, 0.5602549858089031, -0.02101629968785826, -0.21390951443372644, 0.01950570817461392]]	[[0.07281500069647888, -0.5708522159599755, 0.20550280623320405, 1.209016969266642, -2.899569254210364, 0.00027867547175872094]]
[[-2.03792875852268, -0.18435315284317932, 0.5491144546385195, -0.021447137354264553, -0.21377012758177244, 0.019080366268417377]]	[[0.07282207544089997, -0.5708487418081863, 0.20546310782295307, 1.2090739893319464, -2.8995602946514403, 0.00020332551503104176]]
[[-2.076324417420653, -0.19738019367865667, 0.5524588458493048, -0.021951472876513917, -0.21388063452951545, 0.017232820925753126]]	[[0.07280040964434237, -0.570845405870634, 0.20542641082228336, 1.2090265167838874, -2.8995945020141494, 0.00014594130824592313]]
[[-2.096030371517606, -0.2439401676350278, 0.5485771428511076, -0.021179408065983826, -0.2146303055394529, 0.01717620837727304]]	[[0.07282804699583055, -0.5708509915628864, 0.20543716135325318, -1.209075174449481, 2.899610339639911, -0.00026106311592175523]]
[[-2.1023286324273185, -0.30655534397812223, 0.5266161222500036, -0.02018246340845338, -0.21604958337597413, 0.01697704853632386]]	[[0.07280941858066131, -0.5708556738124833, 0.20538816114229141, -1.2090337835596805, 2.899612718333659, -0.00020669866639305554]]
[[-2.148155367925811, -0.4051919450381881, 0.528031761202277, -0.018748002478208056, -0.21563686988700925, 0.016636211566336667]]	[[0.07283321925724753, -0.5708526871799863, 0.2053870317318181, 1.209083421349073, -2.899581693266505, 0.00024267801333538818]]
[[-2.2215338858808433, -0.5084415267488461, 0.5162668820373731, -0.018249565689304012, -0.21497291792901382, 0.017522760719761478]]	[[0.0728186879510128, -0.5708572049836411, 0.2053756789804829, -1.2090312769389724, 2.899602999435864, -0.0003006141408788665]]
[[-2.277826176654698, -0.5329993141212682, 0.4944099578827729, -0.016937588826731007, -0.2147643523182189, 0.018146097285363857]]	[[0.07280281313054562, -0.5708605591421072, 0.20534660456199805, -1.2090050792423879, 2.8996395027727897, -0.00029953925475815856]]
[[-2.308386981847569, -0.5707940118505728, 0.4941101593717818, -0.0167420277018467, -0.21503429452947503, 0.018027992789495198]]	[[0.07281733092649455, -0.5708483716830026, 0.20530446502380595, 1.2090657328032723, -2.8995902201690624, 0.00020526258119173103]]
[[-2.2754294251717067, -0.6204368288574522, 0.4733288123824768, -0.017043213331756124, -0.21568514189612673, 0.017389137102600725]]	[[0.07281268731019362, -0.5708584779474477, 0.20526335930999864, 1.2090440779929308, -2.8995873739000255, 0.00016599937999091607]]
[[-2.2582697886418477, -0.6478150377939802, 0.4694768271645084, -0.01653028248897105, -0.21441298127078595, 0.017561642411832952]]	[[0.07282504203509665, -0.5708601329703944, 0.20525116419286843, 1.2090346211757355, -2.8995647062391874, 0.00020274802215899514]]
[[-2.2845985803615108, -0.6389665124216378, 0.4535398624074798, -0.016713326641630805, -0.2128481257556702, 0.01825529524311914]]	[[0.07281635262815694, -0.5708458119005073, 0.20521183047074426, 1.209066324294308, -2.899592150094368, 0.0001293954541570514]]
[[-2.2241493984056078, -0.5595714860721153, 0.43266019553168583, -0.016287455006156706, -0.2125337063118929, 0.018399798457144657]]	[[0.07281903987093519, -0.5708563394063952, 0.20521607649340098, 1.2090781890351738, -2.8995721118352664, 0.00022356162885157525]]
[[-2.1789141854217, -0.5049735420583165, 0.4213399520143456, -0.01626563957637933, -0.21105292393354963, 0.018397172977968702]]	[[0.07280549748508214, -0.5708590410617947, 0.2051797174128317, 1.2089739365545922, -2.8996162155589325, 0.0002033586711841557]]
[[-2.1314941260833704, -0.48152601932057015, 0.41630910116588365, -0.017227970955189575, -0.2104581423178174, 0.018513160535494823]]	[[0.07280612026849995, -0.570864145515998, 0.20514113158012698, 1.2090214406043984, -2.899584482279393, 0.00016652803796757384]]
[[-2.075570236197618, -0.4597686050344939, 0.399584981354603, -0.01815939232993284, -0.21036398916391136, 0.018235687944476955]]	[[0.07281770101472754, -0.5708718499990607, 0.20512094041489326, 1.2090085784061375, -2.899600750906896, 0.00025979759076228716]]
[[-2.0409793474525673, -0.4129611304309073, 0.39037368904730263, -0.018149700044008746, -0.21052469352789233, 0.018643227669240904]]	[[0.07282787798050097, -0.5708576484477205, 0.2050779127977451, 1.2090837045533098, -2.8995863392184593, 9.31188754718971e-05]]
[[-2.005075715423413, -0.360665919091154, 0.39509806992030255, -0.018673755893850688, -0.21073287171507155, 0.018445100046642127]]	[[0.07279138116800095, -0.5708594825608174, 0.2050437449842234, 1.2089572015730965, -2.8996255451624733, 0.00012918606362730153]]
[[-1.9731621891709434, -0.29735252396641065, 0.40070031894333946, -0.018483166231436435, -0.2114658619114493, 0.017953313425163164]]	[[0.07282881121231878, -0.570856530222085, 0.20503846613791044, 1.2090711115336121, -2.8996031121370986, 0.00018829132893176064]]
[[-1.9639415906054274, -0.2695051792882882, 0.38860913025301075, -0.019420440063488045, -0.21266065479193808, 0.018137974524239653]]	[[0.07281160297263069, -0.5708486744260183, 0.2049969044060136, 1.2090883939413872, -2.8995978661697905, 0.00011166343762777011]]
[[-1.9610706936142361, -0.2531366379203187, 0.3972183237089058, -0.020379919334131774, -0.21334096443266265, 0.017774375091448722]]	[[0.07279775483354507, -0.5708575043684267, 0.20495277645295445, 1.2089576124733732, -2.899627067479965, 7.428024011205193e-05]]
[[-1.8880507865565876, -0.17554873636249724, 0.4066157554119183, -0.01857643964004005, -0.21493201817548815, 0.01749378621084114]]	[[0.07281314663834813, -0.570859752034007, 0.2049349752318369, 1.2090443765271799, -2.8995901355333835, 0.00011143377740126565]]
[[-1.893473412502222, -0.15454356857191498, 0.4262901604809908, -0.018910205766786703, -0.21516082241596202, 0.017777497133262262]]	[[0.07282350783728042, -0.5708613760287663, 0.2049451694807751, 1.2090871812695245, -2.89959560439802, 0.0002448350282109377]]
[[-1.9058092213527464, -0.11253226442995168, 0.4262197926264014, -0.019642727713812314, -0.21599705988134152, 0.01759564776545053]]	[[0.0728406007246946, -0.5708534525027514, 0.20487851712777222, 1.209101036832397, -2.8995784396333595, 0.0001694365097045514]]
[[-1.9123941087049658, -0.08966970801859431, 0.43545829932518326, -0.019893437137649628, -0.21615207608285963, 0.017930696633165218]]	[[0.07281040798639764, -0.570868870010823, 0.20484784493523633, 1.2090478272518246, -2.899601174864299, 0.00014950856617651818]]
[[-1.944975898408907, -0.10354614393787531, 0.453484388526979, -0.020559407825800832, -0.21541134232283277, 0.01767539156800037]]	[[0.07280893100474088, -0.5708750488998448, 0.20484623928261103, 1.2089817835256549, -2.899588695299588, 0.00020499914936011535]]
[[-1.999131714187336, -0.1332054535372239, 0.47458860099250433, -0.021158296097706808, -0.21433946930215866, 0.01830147396686398]]	[[0.07283420325753379, -0.5708709691667546, 0.20482328701228858, 1.2091044583106574, -2.899589412678915, 0.00022530606909852745]]
[[-1.992395526725654, -0.11143872455173931, 0.48479218716926553, -0.020547198027672756, -0.2153504067732741, 0.018303493284133793]]	[[0.07282492621050518, -0.5708774050310588, 0.20477820155711535, -1.2090327845969213, 2.8996107446340735, -0.0002289267565239749]]
[[-2.010331032321644, -0.11614743950739048, 0.48405440913128195, -0.020198241484240834, -0.21643194116965286, 0.01794792762658421]]	[[0.0728481189079817, -0.5708769994575843, 0.20476444187454096, 1.2090775646242078, -2.8995739872313915, 0.00024425420525546563]]
[[-2.0458329988577675, -0.1329350333181436, 0.4975860079879486, -0.01908423179688934, -0.21696637253748047, 0.017830736150525134]]	[[0.07281625254563977, -0.5708645996017587, 0.20473763943078355, 1.2090822884801649, -2.899585128518272, 0.0002446058775447245]]
[[-2.058799496088958, -0.1848958610831427, 0.5025489199527515, -0.018557568625806584, -0.21826754740633814, 0.017402545212486683]]	[[0.07282724318824257, -0.5708626109944005, 0.2047055254040993, 1.2090903142077272, -2.8995557659459843, 0.000259929504106604]]
[[-2.111832460715908, -0.25406998048653473, 0.5195073430033147, -0.017756726859178798, -0.2181177486616849, 0.017759738497249673]]	[[0.07282032568146875, -0.5708755016452185, 0.20468337655825947, 1.208995438579115, -2.8996207330756705, 0.00028232995258899445]]
[[-2.135462975401068, -0.33119842538710054, 0.528674842750973, -0.017383184094524967, -0.219599840905025, 0.017779025952554085]]	[[0.07284184161201128, -0.5708758331469178, 0.20466444025687835, 1.2090823630344376, -2.8995841673993317, 0.00030048835018314427]]
[[-2.1824159254778897, -0.3811371621629701, 0.5474791204562272, -0.016618512841039684, -0.22132395813879657, 0.01735746572923233]]	[[0.07285618453308629, -0.5708779542387417, 0.20464122652299432, -1.2091264661942258, 2.899546507014805, -0.0002840053070769853]]
[[-2.234408437802929, -0.44182702353773784, 0.5636867485442648, -0.015528249444141037, -0.22221559073597869, 0.01647968903327894]]	[[0.07283196299521323, -0.5708874711018879, 0.20463808667686306, 1.2090805308708765, -2.899582117933441, 0.00043000301427133046]]
[[-2.2475020685139406, -0.4949872713082608, 0.5803253112219368, -0.014543807328031108, -0.22243653973991678, 0.017139540950743173]]	[[0.07283822593574416, -0.5708851809060083, 0.20459183482645876, 1.2090642431659502, -2.899590019679453, 0.00039146196643153404]]
[[-2.2687656201254804, -0.5079272737930991, 0.5746340512023943, -0.013970806476846037, -0.22318256279640458, 0.01668628091186302]]	[[0.07280891998888732, -0.5708905370518179, 0.20459924188287273, 1.2090011479483507, -2.8995884073964526, 0.0004818198445060381]]
[[-2.2716951482722085, -0.5071770564306372, 0.5495765682043113, -0.014207958796611436, -0.2244511660261562, 0.01702759870569563]]	[[0.07284525968208008, -0.5708849268577986, 0.20456241158945065, 1.2090981151892353, -2.8995760866775644, 0.0003895042244779477]]
[[-2.309019523544118, -0.5149910214773772, 0.5329071773914531, -0.01489692687817186, -0.22399465331471907, 0.01679103123568204]]	[[0.07284908742143795, -0.5708725964997355, 0.20452714316613774, 1.2090862736312133, -2.899596343268533, 0.0003158647803223745]]
[[-2.2788479043910908, -0.501934126606353, 0.5113742276126109, -0.015617198782490196, -0.224495219311603, 0.016928667974597352]]	[[0.07282624075055978, -0.5708843321917969, 0.2045218226503569, -1.2090545778032622, 2.899617940628902, -0.0004091303096491741]]
[[-2.2785143199317375, -0.5062100662736924, 0.5029634393071745, -0.01643586382564402, -0.22454081876579132, 0.01703472589844362]]	[[0.07285284807430281, -0.570882591175723, 0.2045083213575996, 1.2091032601113447, -2.899586836581621, 0.0004264761342592634]]
[[-2.232810662471046, -0.510875132822822, 0.48345454115821784, -0.016967111337661184, -0.2251065792111871, 0.01681440442489875]]	[[0.07283589848015992, -0.5708857289682067, 0.204471796531059, 1.2090889541857062, -2.8995545347613954, 0.00038902614966168365]]
[[-2.2706369940275852, -0.5112644436916792, 0.46737987431557554, -0.016735826530343, -0.22373236870170166, 0.017443585435779493]]	[[0.07282745333844755, -0.570884071361291, 0.20444719242479792, -1.2090493227681944, 2.8996058681172108, -0.00038902161722992285]]
[[-2.219122130178119, -0.5012997169996105, 0.4513912993182244, -0.017673424324633605, -0.225840105248092, 0.016457297893063914]]	[[0.07282434608097349, -0.5708739033996073, 0.20441868549938197, 1.2090549666320058, -2.899570333633344, 0.0003309314444422611]]
[[-2.246100453599048, -0.5135527047982033, 0.4537901605638752, -0.019119449224261398, -0.2262178311302426, 0.016376636902084973]]	[[0.0728169273606735, -0.5708731590270796, 0.204387167978486, 1.2090379869651002, -2.8995784254334565, 0.0002931344530424728]]
[[-2.267243402063569, -0.48096317201470706, 0.4556051922394154, -0.01911411512447063, -0.22695094822349016, 0.016884765740508203]]	[[0.07283739010648102, -0.5708829013921306, 0.2043937794365727, 1.209080508096862, -2.8995834701954415, 0.0004265106991062214]]
[[-2.298249537444517, -0.4231939984808568, 0.4301114910501036, -0.018802899824104713, -0.2275994769478352, 0.017405516096790884]]	[[0.0728199008141275, -0.5708777091539871, 0.20434039729086306, 1.2089903336780603, -2.8996105800873155, 0.0003314822631442048]]
[[-2.2459830118935966, -0.37574460637544016, 0.40858000206390127, -0.018272979348867693, -0.22922161261203156, 0.016904372474675917]]	[[0.07283389918461161, -0.5708631110578944, 0.20434827543822615, -1.209100779963691, 2.899583412068756, -0.0003705224330445817]]
[[-2.2275537357664335, -0.384102237321449, 0.4121646308984017, -0.018051041867053808, -0.22854589777815737, 0.01668508044318536]]	[[0.07280960280909898, -0.570871890053279, 0.20428928068225427, -1.208938908870189, 2.8996356487763855, -0.0002775802251550365]]
[[-2.1936681213011253, -0.3611218595321467, 0.38608231149350414, -0.017590907722991156, -0.22888963943362295, 0.016042186688247848]]	[[0.07282499948775101, -0.5708722579827304, 0.2042748007104064, 1.209076777026571, -2.8995749005690326, 0.0003308440626341326]]
[[-2.221754467819005, -0.33653941832613077, 0.37925717583489504, -0.017293524804970484, -0.22855498264392732, 0.016499244061353363]]	[[0.07280513286348275, -0.5708736704343945, 0.20427306865386563, 1.2090112430996927, -2.8996143419031117, 0.00036730909229053813]]
[[-2.250645000531497, -0.31416292166748017, 0.38786286379807156, -0.01773784064848602, -0.2281689339692764, 0.015919343553614615]]	[[0.07282557040039596, -0.5708738257098138, 0.20423207689362424, 1.2090251927290159, -2.8995974674561595, 0.000293143929845603]]
[[-2.231511671215009, -0.28449832098691596, 0.3939689118858811, -0.01797726486794088, -0.22844203927230938, 0.01601201218129063]]	[[0.0728428042791158, -0.5708850956708296, 0.2042237989018807, 1.2090540200481408, -2.8995695961749943, 0.0004236208332768989]]
[[-2.231437564836439, -0.3110977723438937, 0.39814475247369874, -0.019006949712376417, -0.2280067643299294, 0.01655433073427823]]	[[0.07282445793029312, -0.5708796137492432, 0.20417942712748718, -1.2090180559366424, 2.8996296717112484, -0.00033098672596853867]]
[[-2.221521249467108, -0.3612451499505477, 0.40246815983164524, -0.0196413935435929, -0.22796331586780227, 0.016182573916321]]	[[0.07283035750379845, -0.5708727437183104, 0.2041946747268748, -1.2089963790759894, 2.8996261495333018, -0.00036850019427004657]]
[[-2.241046616342823, -0.39856459926043253, 0.40724184477924, -0.019249701547660328, -0.2271301758608039, 0.01648822947122871]]	[[0.07283285562286497, -0.5708604149039364, 0.20413604278502143, -1.2090817443880533, 2.8995876869916337, -0.00025454018781410226]]
[[-2.2673090643215668, -0.439725056360051, 0.4320445516899666, -0.018468797474278334, -0.22670593190717175, 0.016388319124739138]]	[[0.07283847690500313, -0.5708668005782435, 0.20411326213682957, 1.209064345828931, -2.8995947224616354, 0.0002918347103496848]]
[[-2.303601752919234, -0.4430217888092295, 0.4368226444751465, -0.017650826643862666, -0.2273555290406744, 0.01643771613512777]]	[[0.07280371845670065, -0.5708700114191092, 0.20408277671354436, 1.2089778369536548, -2.8996326495437192, 0.0002156697912706522]]
[[-2.3323556249497504, -0.4844697949417084, 0.4410686733412356, -0.01778396382304316, -0.22794439726114646, 0.016486570374675304]]	[[0.07281082330604151, -0.5708663603148516, 0.20407916600173232, 1.2089994489533025, -2.8996358364418087, 0.00027256084178860717]]
[[-2.3630177921760467, -0.5078158942618904, 0.4360600067588656, -0.017475877066168155, -0.2276784727134633, 0.017289570217844098]]	[[0.0728116671955822, -0.5708624677391323, 0.20405073854498665, 1.209017138830379, -2.89957686881461, 0.000252454363915725]]
[[-2.360409138662275, -0.5234669317340946, 0.4451650632859888, -0.017506708180320518, -0.2280173228368283, 0.0171669084327899]]	[[0.0728487915841828, -0.5708717869423255, 0.20404582118231107, 1.2091378460429043, -2.899577012325762, 0.00032824604460913976]]
[[-2.3413496147846926, -0.5202490688675551, 0.4376014383710061, -0.017159526620441914, -0.2283525766698108, 0.016673577169689414]]	[[0.07281197937425954, -0.5708625811508525, 0.20399364574273313, -1.2090283491703926, 2.8996084248059657, -0.0002183624359607313]]
[[-2.3511219107701886, -0.502072290249202, 0.4151292534869138, -0.01586595563941129, -0.22829062749147302, 0.017005484427933724]]	[[0.0728117922446093, -0.570856092644341, 0.20396267024006984, 1.209009065647456, -2.899608647620888, 0.0001586523884082392]]
[[-2.3215572501428587, -0.505616400330666, 0.39151511416865803, -0.01605868060807175, -0.22846754933175134, 0.016776330350791104]]	[[0.0728148761902261, -0.5708573886614897, 0.2039420680058212, 1.209052476887162, -2.8996157478018434, 0.00021485996026933638]]
[[-2.2790049079955437, -0.4757911375937047, 0.36518441852960914, -0.016366456653486045, -0.2287770386195447, 0.016356902088508506]]	[[0.07281051435899953, -0.5708594779199612, 0.20392071821363966, 1.2090346127036473, -2.8995728135835517, 0.00013794999358482973]]
[[-2.2690262252058684, -0.4579645005138393, 0.36066229432101465, -0.01733767828148082, -0.22847989670395563, 0.01704958339760626]]	[[0.07282310658032688, -0.5708481921329643, 0.2039020256923981, 1.209026397946562, -2.899601772912089, 0.00015801491087314486]]
[[-2.2090188898463303, -0.40219378351058166, 0.3391426287986889, -0.016730537822102154, -0.22865337173599126, 0.015856398654891517]]	[[0.07283171860594016, -0.5708643119715696, 0.20387782240349206, 1.2091040379778168, -2.8995940629108716, 0.00023611665614038237]]
[[-2.170631160306406, -0.3605947774007635, 0.33247030099967984, -0.015622551267813575, -0.22846536940068685, 0.01649437144654671]]	[[0.07284003120607553, -0.5708519555963049, 0.20384201512375427, 1.2090654292018128, -2.899598661986759, 0.00015977554173155417]]
[[-2.1618798988729058, -0.3700400974795489, 0.32431977685033353, -0.01500277453336711, -0.22822548812947926, 0.017069654090795836]]	[[0.07281589344808635, -0.5708548325124003, 0.20379684900751666, 1.2090357349291514, -2.8995742385571086, 8.211799911762487e-05]]
[[-2.1549633910899213, -0.3810915022769873, 0.32033848016831085, -0.0147974659804182, -0.22800114993100606, 0.016470354069164198]]	[[0.07281441820329115, -0.5708631094121843, 0.20379881984328724, 1.209077750835318, -2.899579951019148, 0.00019705819921374563]]
[[-2.168564910766575, -0.38579436929298905, 0.3079624271278705, -0.014528780209562664, -0.2273373451605079, 0.016111539503847066]]	[[0.07283803815659633, -0.5708552410287372, 0.20377134547139408, -1.2090805646058875, 2.899585079282856, -0.0001994225110833003]]
[[-2.170644907685584, -0.3884271732147325, 0.2937641652711372, -0.014613914198556913, -0.22681443621834993, 0.016157737480030514]]	[[0.07283446317020635, -0.5708526116457541, 0.20374499344097757, 1.209088112302135, -2.8996031355039382, 0.0001596996128145858]]
[[-2.2338690805920387, -0.38963132261967226, 0.2983160779300499, -0.015600688676319543, -0.22589045109247408, 0.016434361166152742]]	[[0.07280872591235835, -0.5708608149081325, 0.2037208589400122, 1.2089489399477056, -2.8996608280687655, 0.00017935610661801957]]
[[-2.246521417112535, -0.38801480882883477, 0.3095539484245134, -0.016192780897304748, -0.22542622993503642, 0.016506925743438136]]	[[0.0728131554707842, -0.570840699220518, 0.2036755053436215, 1.2090789755522406, -2.8995831090439834, 6.505727554315035e-05]]
[[-2.2333567596266124, -0.3639780935635386, 0.3235596641933822, -0.016702961754299236, -0.22480942406746507, 0.01650420469349622]]	[[0.07282552258442695, -0.5708477275924579, 0.20366260107737036, 1.2090527265775237, -2.8996178861972774, 0.00017984131918304244]]
[[-2.228936238122183, -0.3693572327351524, 0.33875205972141137, -0.017776486388173154, -0.22392710413590206, 0.016451935866322553]]	[[0.072830637435087, -0.5708459090129068, 0.20362419486601094, 1.2091175570763237, -2.8995788947995425, 0.00012240073564747536]]
[[-2.234250967214459, -0.33793593782852716, 0.35624421618916763, -0.018954377265490208, -0.22294348196655941, 0.01719846825463015]]	[[0.0728209740221577, -0.570854550574821, 0.2036315532913232, 1.2090344744776276, -2.8996230972430475, 0.00029317073946785857]]
[[-2.18743791460989, -0.33389582857399014, 0.3734477461997082, -0.020573552947229443, -0.22217370506654627, 0.016962536309504023]]	[[0.07282100819873888, -0.5708355884982047, 0.20358739785796987, 1.209104527226919, -2.8995962939517983, 0.00019895314173480518]]
[[-2.1645799714809595, -0.294207012065018, 0.40466877335465434, -0.020882011459847055, -0.22141203389420389, 0.016546857809066003]]	[[0.07281006156004131, -0.5708506520992135, 0.20353751291554006, -1.2090172354444153, 2.8995844497927776, -0.00020063658404818668]]
[[-2.18481852848008, -0.25694346696735004, 0.4049622997110117, -0.02089364571925005, -0.2207888974209291, 0.016755286887176757]]	[[0.07280150685855977, -0.5708535844148931, 0.2035311678480728, -1.209009443089982, 2.8996143579902927, -0.00023850800595711229]]
[[-2.2194388942975642, -0.2787906186556963, 0.40045411853308277, -0.021165592049650087, -0.21977315678856638, 0.01690521197865207]]	[[0.07281198046657289, -0.5708496290625437, 0.20349076437128044, 1.2090524891936392, -2.8996183935144635, 0.00020056563333861833]]
[[-2.1934390421382677, -0.2526772422588167, 0.4042829507325763, -0.019617606848605543, -0.2203501704534582, 0.01671744275743888]]	[[0.07281094923361582, -0.570839961353788, 0.2034571213012042, -1.2090438919319082, 2.8995978855973603, -0.00016291831183793206]]
[[-2.3067732773191674, -0.28255679530275835, 0.4259151975282948, -0.01864974618160696, -0.21853448439520257, 0.017016206919835783]]	[[0.07284217302018431, -0.5708471025284756, 0.2034461878540494, -1.2090795129480527, 2.8995863179114707, -0.0003117996286762449]]
[[-2.3361491818513667, -0.328383641831691, 0.4079313750826332, -0.018729637677180694, -0.21878369585423746, 0.01711429811214481]]	[[0.07282664553441194, -0.5708472424552224, 0.20342176199066725, -1.209049514134616, 2.8996117254735982, -0.0002932865245483386]]
[[-2.316218464533498, -0.34287000697181924, 0.4025647299941029, -0.017347323744244303, -0.2194289727381332, 0.01654029666736049]]	[[0.07281777472100963, -0.5708528283727599, 0.2034029148830506, 1.2090424841945477, -2.8995929347799447, 0.0003662561778122235]]
[[-2.288617202618176, -0.3990433198035569, 0.3993766558667713, -0.01654638578256014, -0.21997395367945324, 0.016502964713774017]]	[[0.07281837899417193, -0.5708372720191319, 0.20334203957813768, -1.2090569908240516, 2.899581364150123, -0.0002736172487691925]]
[[-2.2972440712262387, -0.4373916828640798, 0.39378487800857603, -0.015039908349578315, -0.21971498554720226, 0.01665587979248851]]	[[0.07282365926651649, -0.5708494048600906, 0.2033685764245185, 1.2090590626910234, -2.8995841707459435, 0.0004573163000843304]]
[[-2.324310715629815, -0.48647781929360423, 0.37109936413674544, -0.014041000076071078, -0.21854062887425263, 0.01708263619305275]]	[[0.07281176536178523, -0.5708455904682855, 0.20330536488108164, -1.2090143283665136, 2.899625299061504, -0.00027104540399361604]]
[[-2.3086052418646554, -0.5318601244571665, 0.3658349641520897, -0.013173947621610851, -0.21799303633684086, 0.01742775104666516]]	[[0.07280279764534107, -0.5708517001839283, 0.20327961199023037, 1.2090075346777398, -2.899609079890188, 0.00032445870462051554]]
[[-2.2945957446424523, -0.5633599850307868, 0.3429623169089509, -0.01253082857143005, -0.2170310469255109, 0.018490824577375966]]	[[0.07281879275730525, -0.5708432794905505, 0.20325660101071857, 1.2091023286120068, -2.8995443428191616, 0.0003026299118657408]]
[[-2.2101266535072743, -0.5605662288231593, 0.306260665624166, -0.011637485889076343, -0.21746603685635685, 0.01757216656500243]]	[[0.0728388230334287, -0.5708417401087996, 0.20320842086866847, -1.209082587966487, 2.899594994891407, -0.00021043111186632037]]
[[-2.1571114136430483, -0.5559883067918252, 0.2894223756244588, -0.011201825277072142, -0.21709904972157856, 0.01770289452210623]]	[[0.07282928312677983, -0.5708489290727061, 0.2031982412027788, 1.209055113994655, -2.899577690121867, 0.0002818404770897493]]
[[-2.0982017959271415, -0.5477282131623042, 0.26643853435218956, -0.011642466380595518, -0.21758209415365062, 0.017625893113163614]]	[[0.07280370438291649, -0.5708410667589175, 0.2031696341252887, 1.2089815229333618, -2.899595651247247, 0.0002815060514026816]]
[[-2.0396146507745163, -0.5297014447521435, 0.23953570737431407, -0.012425414680593161, -0.21809084223197678, 0.01624126232224441]]	[[0.07282026530726378, -0.5708439271983103, 0.20311721453506873, 1.209056429971399, -2.899579267254745, 0.00020615790384314093]]
[[-2.018235696810006, -0.5167664149909426, 0.2276236608525661, -0.012098276067531596, -0.21720973395838827, 0.0160655324857389]]	[[0.07281902259614823, -0.5708372256647196, 0.20310226774408746, 1.2090952223126359, -2.8995769313309308, 0.00016963635183770434]]
[[-2.0154568760199645, -0.5532437256935949, 0.2401612621095411, -0.012411850493805845, -0.21542765177363543, 0.016527743126887134]]	[[0.07280789043362475, -0.5708386128017343, 0.20307945691114945, -1.2090520867638461, 2.8996197156306267, -0.00024474806007101444]]
[[-2.00996183731729, -0.5334967360402649, 0.22738964937759293, -0.01161646494059354, -0.21411898537418317, 0.016068772106230488]]	[[0.07279285308757678, -0.5708218313040636, 0.20302873786462824, 1.2090654409425323, -2.8996048409646176, 7.464607694807523e-05]]
[[-1.9812669827857543, -0.5168741222745334, 0.21942444131771482, -0.011237299107560966, -0.21316118983356658, 0.016326660568262336]]	[[0.07280760546317598, -0.5708310360304139, 0.20301289041135412, -1.209025185492207, 2.8996023052665882, -0.00011427903432736312]]
[[-1.9653724184302455, -0.5220684326574755, 0.21693186944434745, -0.01191899066335722, -0.21174178379262967, 0.01581425221088661]]	[[0.07280230199993683, -0.5708237979148943, 0.20298119069697934, -1.2089986730426656, 2.8996378526199247, -3.909137479375233e-05]]
[[-1.9310508542878528, -0.483794621472854, 0.2354290194845869, -0.011576076264577753, -0.2100780660748347, 0.015577173019276155]]	[[0.07278904768330072, -0.5708272899129668, 0.2029239391888698, -1.2090319988118792, 2.899622827058601, -1.0195123389421306e-06]]
[[-1.9216864473582875, -0.4879817848970778, 0.2575261750590644, -0.013164744778976653, -0.20810166744439768, 0.01586716610586147]]	[[0.07278869033995801, -0.5708263303855997, 0.20290040212550334, -1.20901463229284, 2.899629956852482, -1.5870863366002048e-06]]
[[-1.9583048131454717, -0.46776053686976105, 0.29183423193916147, -0.014765264494392805, -0.2059858493217131, 0.015713793660125173]]	[[0.07281156059905626, -0.5708105215931801, 0.2028712943245491, -1.209066935422523, 2.8996054143254426, 0.00011210025677503852]]
[[-1.9819908758124827, -0.4156955017337087, 0.3272632110483668, -0.01607883470559973, -0.20414199969927072, 0.016234270131548763]]	[[0.07278798352413555, -0.5708123672901719, 0.20283958639434374, 1.20908064875967, -2.899591622349045, -0.00015173066118266056]]
[[-2.0056816749755, -0.35926951181573796, 0.36258260180036234, -0.017174192963014104, -0.2019095803465467, 0.016635622578042183]]	[[0.07279371317430106, -0.5708145929404654, 0.20283439510016513, 1.209019886692314, -2.899589871877906, -9.523754375289152e-05]]
[[-1.965103732866626, -0.33424764203812973, 0.39894269213413075, -0.01825462340213739, -0.20095950115750777, 0.016877462042389175]]	[[0.07281273686621142, -0.5708206510887905, 0.20280123082689966, 1.2090639093322497, -2.899598719507001, -0.00015059943411080407]]
[[-1.9431371041772918, -0.31975036009937985, 0.43005908046454705, -0.01859048851411843, -0.19967713914065785, 0.01738846435985108]]	[[0.07279055053054058, -0.5708260450491653, 0.20275851655772573, 1.2090020646852837, -2.899598498695819, -0.0001337748092641821]]
[[-1.9493106833811025, -0.30125505806137076, 0.45699007631379607, -0.018215430801095972, -0.19766057034341367, 0.017807014743770368]]	[[0.07280099878021042, -0.570817115165525, 0.20273681564124202, -1.2090604453071627, 2.8995928715941055, 0.00018667923815820435]]
[[-1.9541343919722298, -0.3352283554717925, 0.4851638260396131, -0.018926104859676787, -0.19588528868088811, 0.017735998185265018]]	[[0.07283041115194588, -0.5708194966587966, 0.20271457378984795, -1.2091470495434888, 2.8995575815574917, 0.00014596931773365267]]
[[-1.959188853668934, -0.38774391968265476, 0.5240498282457206, -0.018898867437463523, -0.19411200729889896, 0.017171361573467894]]	[[0.07280807562323109, -0.5708048598244467, 0.20265689321419433, -1.2090515979290932, 2.8996203944664782, 0.0002796363590963163]]
[[-1.9903939614662818, -0.4209919878003082, 0.5280348569355178, -0.018092060683916403, -0.19124575334414645, 0.01740291201071842]]	[[0.07279714114513383, -0.5708136923292374, 0.2026570643692623, 1.2090342193669459, -2.8996255964634012, -0.00018680821779694617]]
[[-1.9302142179017392, -0.48397236361221685, 0.545704168945555, -0.01787708054582321, -0.19014117870839484, 0.01726534727849064]]	[[0.07281168069884685, -0.5708179428624153, 0.20259787082726488, 1.2090468961437235, -2.899609761915621, -0.0002815562587342551]]
[[-1.8529945210820427, -0.5334019868287748, 0.5601976017773166, -0.017090196453021678, -0.18977367859549343, 0.01713393347550494]]	[[0.07280276623259033, -0.5708198560927893, 0.20259709514964644, 1.2090377175111733, -2.899585663233651, -0.00018744542130686662]]
[[-1.8017529339899476, -0.5568186475317678, 0.5666672061489345, -0.01585151500563252, -0.18876843185630282, 0.01721634615561866]]	[[0.07281845609490781, -0.5708134929693262, 0.20258552820741327, 1.2090678833777615, -2.8996114815912444, -0.00016751355728152498]]
[[-1.7453427480933645, -0.5736776034295512, 0.5787389205206448, -0.014908038116472733, -0.18853471500407754, 0.016698144244853295]]	[[0.07279631483016165, -0.5708114950511348, 0.2025501374331208, 1.2090509373788172, -2.8996196068235123, -0.00020605762805486993]]
[[-1.7601132215064867, -0.6013645646641425, 0.5734637719248636, -0.015173950039600786, -0.18788237847259628, 0.016595670572747523]]	[[0.07280848824216334, -0.5708127724590353, 0.2025090799556611, 1.209060326256731, -2.899591717671764, -0.00028159322965500363]]
[[-1.768546977561535, -0.6158536701035654, 0.5947264827764668, -0.015674273139509712, -0.18750775050349067, 0.01608029393726193]]	[[0.07282239655624428, -0.5708015075987527, 0.20248385306262462, -1.20911523453677, 2.89957953146953, 0.00027978526536065744]]
[[-1.7450231419055997, -0.5929225841716868, 0.5868784371189434, -0.015169968574574852, -0.18755873193636388, 0.01574608974608403]]	[[0.07280991524926254, -0.5708131377986753, 0.20247209734278598, 1.2090290207533887, -2.8996162093241806, -0.00020638002475716551]]
[[-1.7480877771447858, -0.5713203462347063, 0.5744381114864716, -0.01479690007212972, -0.18716916757913638, 0.015590409515724279]]	[[0.07281584285688712, -0.570822156034316, 0.2024403050781964, -1.2090460765421973, 2.8996090678793673, 0.00024234737015774407]]
[[-1.7664999959807859, -0.5692506234864493, 0.5560499566118083, -0.01564692800962464, -0.1870111992399935, 0.015615296737781214]]	[[0.07280821215350874, -0.5708085999249876, 0.20243707703858116, 1.2090984751150244, -2.8995882654491925, -0.00024314675042145227]]
[[-1.781601475198486, -0.5692489311889952, 0.5198864438957781, -0.01688863964971138, -0.18668870528356257, 0.015445786550047356]]	[[0.07280136162532275, -0.5708093820654876, 0.20238507943763867, 1.2090123361698288, -2.899625296341942, -0.00028159385296113126]]
[[-1.8020427374405594, -0.5610720006399119, 0.5084912116717253, -0.017069540165917788, -0.1859547881052499, 0.015280665972165491]]	[[0.07278725401816699, -0.5708071632566002, 0.20236594422806123, -1.2090668445702235, 2.8996121001235955, 0.00029968130910751556]]
[[-1.8112571266498922, -0.5610529413526968, 0.4968426071671106, -0.017244381039188614, -0.18524259396293846, 0.015672077317832888]]	[[0.07281490255243937, -0.5708265166648022, 0.20236206952406782, 1.2090639287574776, -2.899601725116789, -0.00018698474911218674]]
[[-1.8644435313152663, -0.544859060866969, 0.4858136380620526, -0.017222086907373577, -0.1840370877664157, 0.01667108385098747]]	[[0.07281700809780216, -0.5708286666181882, 0.20235663586188524, 1.2090323108029792, -2.8996253044844162, -7.247676186458837e-05]]
[[-1.9331241829244066, -0.5405573249158634, 0.4623143019982106, -0.017752855723655245, -0.18289760695133306, 0.01775489916518645]]	[[0.07278712845928302, -0.5708067598537753, 0.20230491183430743, -1.2090160405844697, 2.8996346466700547, 0.0002248970832522446]]
[[-1.9247670435782547, -0.5203898943403065, 0.4292883593328896, -0.017704343554261953, -0.18402721469736544, 0.01774422584345741]]	[[0.07281347918496096, -0.5708158505745932, 0.20226133935219243, -1.2090969517713908, 2.8995860969624734, 0.00027888894234206845]]
[[-1.9485947526467922, -0.5224529723264975, 0.3966175997219537, -0.017583350592151978, -0.18526720479574602, 0.017836837556963442]]	[[0.07279340231257916, -0.5708105003433176, 0.20226510398765749, 1.2090591187141762, -2.8995922121192526, -0.0002242617802995754]]
[[-1.981217523262079, -0.5575418083238556, 0.36955353359541077, -0.01775593134400895, -0.18565150826815752, 0.01888712460959261]]	[[0.07279567933452372, -0.5708131976686427, 0.2022465124119981, 1.2090807598031292, -2.8995957234926983, -0.0002031415947091248]]
[[-1.9579470900923406, -0.5802657980970946, 0.35355169682994797, -0.017429810368786755, -0.18719628458211302, 0.01785036801832502]]	[[0.07280375801746317, -0.5708122851869555, 0.20222391666929704, 1.2089983146556829, -2.8996414867548985, -0.00012905420387206577]]
[[-1.9795256143541953, -0.5330812073784835, 0.33476985755580996, -0.015874448442052616, -0.188012249818507, 0.017807549036678586]]	[[0.0728204590814023, -0.5708133795770803, 0.20218241400038434, 1.2090497464180634, -2.8995702739605953, -0.00020667500350066544]]
[[-1.9781946820291316, -0.5640645696689645, 0.3154386980528009, -0.016461426172867208, -0.18892536701776946, 0.018114484268115964]]	[[0.07280836522252727, -0.5708247098006856, 0.2021655275687264, -1.209050908261451, 2.89962041967763, 0.00018322387269967337]]
[[-2.0168318988419194, -0.5937188650660513, 0.2993756953813281, -0.01717230611781838, -0.18895615447413594, 0.017995783001899003]]	[[0.07281003111139163, -0.5708065101302469, 0.20212922022940924, -1.2090454016890795, 2.8996090143629303, 0.00018340438968338682]]
[[-2.026449192935158, -0.6236183274887399, 0.29439799825547724, -0.017091043229707323, -0.18941038866456378, 0.01806023138724868]]	[[0.07282483251393501, -0.5708045799824616, 0.20209953764626187, -1.209127066342612, 2.899561854355796, 0.00018492523868724996]]
[[-2.068059346191327, -0.6512550886682525, 0.3000542322534854, -0.016623823645787697, -0.1893893803755452, 0.018562334173780785]]	[[0.07281068338267488, -0.5708117834534614, 0.2020754193184458, -1.2090680512742107, 2.8996131330183967, 0.00016654135694666307]]
[[-2.0813502279296445, -0.7007527404459449, 0.3174628713410004, -0.017323451005396215, -0.18966012162185253, 0.019249537625803666]]	[[0.07279554891908656, -0.5708257264630872, 0.20206735626129535, -1.2090277828976823, 2.8996181814950392, 9.084338917898884e-05]]
[[-2.091286087368064, -0.6720009237282769, 0.3265467457664581, -0.01627237160405691, -0.1902015178528178, 0.019610460396292172]]	[[0.07280011226556046, -0.5708283388319347, 0.20205421597668216, 1.2090399119218789, -2.8995966016220254, -1.6750705356916468e-05]]
[[-2.084099059480055, -0.6592872361749279, 0.33600178037366085, -0.016154399888484453, -0.1909210453884414, 0.01922907597729449]]	[[0.07281026365490627, -0.5708228321456399, 0.2019920730920942, -1.2090751125902608, 2.8995843164298356, 0.0001277250021170562]]
[[-2.1054502404776203, -0.6364598004987445, 0.34641320432268896, -0.016720179442544378, -0.1919797822499466, 0.018447632092616427]]	[[0.07280875186909845, -0.5708221230914573, 0.2019823757269393, -1.2090628352983044, 2.8996034837641487, 7.481980489582876e-05]]
[[-2.1402543304696007, -0.6075168089056873, 0.35904960713059975, -0.01740288490053457, -0.192464699636959, 0.01857558332474821]]	[[0.07282681585986786, -0.5708269055318282, 0.2019597069624186, 1.2090700124484914, -2.8995720692233444, -3.784174936820806e-05]]
[[-2.172383846405307, -0.617653930438252, 0.38477383530926934, -0.018820336826940953, -0.19241309919012367, 0.01851134474449993]]	[[0.07279949289022922, -0.5708164539679904, 0.20192284324157128, -1.209044922794078, 2.8996094009152853, 0.00012954614560613812]]
[[-2.1584288053623775, -0.602747965770448, 0.37982496514415287, -0.019201144477565546, -0.19351825022567465, 0.018056516777517954]]	[[0.07280133382194055, -0.5708308336376573, 0.20192459187616463, -1.2090140206899118, 2.8995864374945146, -2.1321525954885447e-05]]
[[-2.1297215836130428, -0.584898975098777, 0.3695154585456951, -0.018911988700594212, -0.19497331420583602, 0.017852777020816616]]	[[0.07280993240512698, -0.5708252822137525, 0.20186714363525038, -1.209062490699642, 2.899603480098081, 5.579498196569977e-05]]
[[-2.1416713121592625, -0.5647124744073678, 0.3640825345269011, -0.018006029133287707, -0.19479407199211138, 0.01799486913698696]]	[[0.07280786426944047, -0.5708233349628692, 0.20182787241770755, -1.2090319791687376, 2.899627752181732, 0.00013120195961526193]]
[[-2.180573098537553, -0.6169164384882446, 0.3874198446424138, -0.018446164866088063, -0.1935031707049754, 0.01776909677375062]]	[[0.07280324779409589, -0.5708300643039331, 0.20179793434849913, -1.2090146728829565, 2.899635248635983, 0.00011294794067996968]]
[[-2.2010756824885145, -0.6629246820133741, 0.3886108323268892, -0.018559248832398276, -0.1932936487714752, 0.018404056222955406]]	[[0.07280522778639156, -0.5708352787836641, 0.20179586212336786, 1.2090487135671595, -2.899619708372567, -1.2161363640569895e-06]]
[[-2.158106754767916, -0.6453110901275069, 0.3750143367860797, -0.01786152126997531, -0.1949636292391578, 0.01819045704635455]]	[[0.07282942892014249, -0.5708201691092796, 0.2017670243988937, -1.2091489535044195, 2.8995681318256468, 7.453680337098968e-07]]
[[-2.1619676998360737, -0.646848643003575, 0.37878142684017846, -0.017212813734110932, -0.1941447904799391, 0.017948538990114307]]	[[0.07280042572672711, -0.5708259096345482, 0.20172541838436805, 1.2089934208654356, -2.899633220707376, -0.00013526134759548965]]
[[-2.137837452788951, -0.6205868988991433, 0.37475616956577357, -0.01549558502403331, -0.19393044531748785, 0.018275536096130328]]	[[0.07280581426241726, -0.570824569775889, 0.2017086852185152, 1.2090574023529277, -2.8995920504159804, -6.0549999643779984e-05]]
[[-2.0944939704219188, -0.6180264266952618, 0.37253008465026477, -0.01463298634833024, -0.194129232302104, 0.01820345802255396]]	[[0.07278594030176512, -0.5708327925140193, 0.2016632559478522, 1.2090175033349961, -2.8995959848136548, -6.107055230381679e-05]]
[[-2.0445186555546124, -0.6167747514849304, 0.36679794768890417, -0.013485527942170825, -0.19432489357654414, 0.01822214944358476]]	[[0.07278427810243099, -0.5708113200309328, 0.20162534628563888, -1.2090559210205112, 2.8995889509008834, 0.0001921956955107201]]
[[-1.969044744642633, -0.6463551554975328, 0.34606106106601847, -0.013288536011370214, -0.19480924581285228, 0.018494958256971453]]	[[0.07281573962690069, -0.570828688978705, 0.2016336375790561, 1.2090446020745917, -2.8996107020423545, -6.21545978842297e-05]]
[[-1.9459858943104176, -0.6764347924737486, 0.347890776947193, -0.013713702493321558, -0.19368444199426343, 0.018793344286339716]]	[[0.0728188691122371, -0.570811070700679, 0.20160694302033205, -1.2090956043438117, 2.8995869466864215, 0.00011636478248367123]]
[[-1.9512514580718385, -0.6908510262209022, 0.3475430856941993, -0.01390422974762924, -0.1921344624981875, 0.019525385284392023]]	[[0.07282797746131134, -0.5708266559614232, 0.2015729752810661, 1.2090924164564854, -2.8995777671894833, -4.479475971184918e-05]]
[[-1.9201481264371951, -0.6882520661965424, 0.3402715944137157, -0.01397233703158697, -0.19106423311989085, 0.01930200424485925]]	[[0.07281045314379185, -0.5708302932242127, 0.2015319292236351, -1.2090487925149813, 2.8996195697471716, 0.00011774677018320265]]
[[-1.9031696906735058, -0.700429300217104, 0.3598356821545411, -0.014591521177558353, -0.189554156484757, 0.018561114326306815]]	[[0.07281720621658781, -0.5708102341919866, 0.2015026111761828, -1.2090826359756817, 2.8996031436831404, 0.0002112196805654802]]
[[-1.8946508076191897, -0.6766025074536912, 0.3682621466202133, -0.014681340388527253, -0.18812568851255793, 0.01880423584087999]]	[[0.07279270469389107, -0.5708148357089823, 0.2014680144624274, -1.2089852711366016, 2.899617221984147, 0.00021068657907739782]]
[[-1.8800604928126445, -0.655200338160283, 0.3572821157181659, -0.014390957315799938, -0.1871285089119283, 0.018580946411877606]]	[[0.0728008036784202, -0.5708045091057001, 0.2014489657901661, -1.2090814651185735, 2.8996024390413675, 0.00025078773200905725]]
[[-1.8393468180084176, -0.6040414798801134, 0.354518424724673, -0.013965119128859102, -0.18609334558078927, 0.01824848902391094]]	[[0.07279496747218099, -0.5708114122221087, 0.2014193260192515, 1.208977337209492, -2.8996449264391155, -0.00028780644183773723]]
[[-1.7802518875038373, -0.578725252384897, 0.3529183244037896, -0.014351900501735626, -0.1858231422480585, 0.01817645197333847]]	[[0.0728198042483487, -0.5708083109513211, 0.20140354432148663, 1.2091061865266066, -2.8995646445299554, -0.0002519895290934232]]
[[-1.786434292645755, -0.568262535995167, 0.3457677922824172, -0.014304700261490555, -0.18431484298881898, 0.017841226987088996]]	[[0.07279712436073839, -0.5708068911001929, 0.20137103590524608, -1.2089848641342413, 2.8996147614985346, 0.000305080310380978]]
[[-1.7487422121253378, -0.5840666244088496, 0.36028098540269515, -0.01421431814323619, -0.18323052703925635, 0.018061945876808337]]	[[0.07279839067694839, -0.5708135717924779, 0.20137009309343443, -1.209042308345996, 2.8996066414770074, 0.00017572607062750712]]
[[-1.7811921113988394, -0.627838163615752, 0.3770551087559191, -0.01482208771536074, -0.1801961763723674, 0.0183625770842336]]	[[0.0728075163882572, -0.5708067827254029, 0.20134877468896878, 1.2091151593272684, -2.899586587593942, -0.00023154770420811697]]
[[-1.7981353682492083, -0.607527360372656, 0.3935050859019837, -0.014206571057120157, -0.17834099762458155, 0.018730581638975917]]	[[0.07279385478972421, -0.5708050866432502, 0.20128666614565366, -1.209045486162697, 2.899614526754446, 0.00034423065629411096]]
[[-1.774364745368029, -0.613212415444792, 0.3974335670758018, -0.014600920398966377, -0.17722194974730665, 0.018582529763822995]]	[[0.07279750835499209, -0.5708059755190837, 0.2012652911352616, 1.209072500544959, -2.899581949351846, -0.0003662127087783511]]
[[-1.7494245051264556, -0.614490900850419, 0.4065477266619102, -0.014383842537351574, -0.1752653306949216, 0.018008770911567037]]	[[0.07278796646834425, -0.5708091657990887, 0.2012534205459905, -1.2090447820640604, 2.899615081978592, 0.00032550719640665174]]
[[-1.7075000307365373, -0.6233521317990829, 0.4093839942266965, -0.013841379308568533, -0.17350044552771768, 0.017265250501738428]]	[[0.07280085097488478, -0.5707924169131399, 0.20121238651954682, 1.2090605806803625, -2.899600161261371, -0.00036622908886045673]]
[[-1.6741376779130497, -0.6170280370925914, 0.40327362654377147, -0.01261065696626884, -0.17179261032567153, 0.017050470452698727]]	[[0.0727944043216602, -0.5708064997762645, 0.20120593314060836, -1.2090457403486936, 2.899615687915669, 0.00026953536721833587]]
[[-1.657227624508336, -0.6461246147597223, 0.40122981754644776, -0.011348020988177665, -0.1693798522495651, 0.01698715379263489]]	[[0.0727897866264747, -0.5707941881515515, 0.20116934836166736, -1.2090449356855384, 2.8996136857726253, 0.000363288219258917]]
[[-1.6343893619302108, -0.6639637947156654, 0.40039760410226133, -0.009890124222250607, -0.1673129478801883, 0.01691689675157541]]	[[0.0727980590904799, -0.5708006313941992, 0.20114027626088665, 1.2090813193746932, -2.899603929009476, -0.000328159665626053]]
[[-1.5990843538903563, -0.6835780519530062, 0.40676086667470457, -0.00980036261484131, -0.16598295479320815, 0.016756607811197016]]	[[0.07278191903353301, -0.5708052108558048, 0.20112314125158598, -1.2089997001910247, 2.899605175046456, 0.0003998085234805995]]
[[-1.5815928253771512, -0.6753439967862405, 0.39965931463869947, -0.009514660784377238, -0.16468623366786522, 0.01663386429045799]]	[[0.0727835832208418, -0.5707939754199731, 0.2010952910303767, -1.2090046661943123, 2.8996149714075856, 0.0004386041400325441]]
[[-1.5951517169640912, -0.6446736762016823, 0.4049886054138085, -0.009537367166788102, -0.16291341137341397, 0.016561351029150094]]	[[0.07277827888626201, -0.5707867553038127, 0.20105631353905823, -1.2089952431267625, 2.899642884578408, 0.0005342878079483091]]
[[-1.6336614734089645, -0.6136662217059459, 0.41293671751092725, -0.010152053188413016, -0.16060393885967145, 0.016874283442437087]]	[[0.07279347176366323, -0.5707951865377777, 0.20105922971766288, 1.209038933933808, -2.8995978756917666, -0.00040415020675398604]]
[[-1.6172174790844713, -0.6040808591821415, 0.4455476735571824, -0.010786497436246573, -0.15972475760997318, 0.016980741687039547]]	[[0.07278887663829749, -0.5707952250504525, 0.20102233645528628, -1.2090476326163648, 2.899621071352369, 0.0004397673612953893]]
[[-1.607662671485245, -0.6332938895059096, 0.4519409781500443, -0.012109352371247578, -0.15812940456478963, 0.017501718323084628]]	[[0.07279613480267375, -0.5707921616054981, 0.20100514609411768, -1.2090444943429912, 2.8996117323719837, 0.0004214517174501068]]
[[-1.6225925332735807, -0.6559648562996536, 0.4472780274395345, -0.012680085150676354, -0.15565483257117801, 0.017770635493634477]]	[[0.0727770247463384, -0.5707901753177741, 0.20097027063255657, 1.2090211716908934, -2.899608239794602, -0.0005159522921632509]]
[[-1.5968905422943134, -0.6826992814942308, 0.46010960504125165, -0.013359123145449445, -0.1548393494572483, 0.01836107807732592]]	[[0.07279355374304924, -0.5707886844774887, 0.20094908127018038, -1.2090996234054552, 2.8996001256823094, 0.0004765238281671769]]
[[-1.6234384602945533, -0.7063039607067706, 0.47782561556357334, -0.014317308903344386, -0.15224213041102855, 0.01885793390983092]]	[[0.07277179774157233, -0.5707937204279343, 0.20092324937023243, -1.2090108457197366, 2.899584329789416, 0.0004749939081829266]]
[[-1.5981152877532705, -0.6498052196118145, 0.48846139635968605, -0.013887074927105558, -0.15173697237306025, 0.018386979617402224]]	[[0.07277975388422071, -0.5707906576889342, 0.2009121643590421, -1.2089952321013258, 2.899643893990862, 0.00045751817799956335]]
[[-1.616693601354581, -0.6363675458033246, 0.5026038759004195, -0.01447396129767857, -0.14999202828328842, 0.018599290504602493]]	[[0.07278817489969354, -0.5707864342769359, 0.20087922574523376, -1.2090555288747828, 2.8995922282815987, 0.0004567950475276705]]
[[-1.5968094444360468, -0.5947897560778568, 0.48933895700248453, -0.014511070144884342, -0.1499209737724179, 0.018614484412712528]]	[[0.07278455468427278, -0.5707837372899149, 0.20083850985779741, -1.209030164530137, 2.8996268034937507, 0.0005523860695012385]]
[[-1.5812002174283026, -0.5642777421084691, 0.4916072021799299, -0.014517294468595315, -0.1495073454529463, 0.017427426132321684]]	[[0.0727996702772011, -0.5707790081559032, 0.20085004924012229, -1.2090901820389302, 2.899578061999727, 0.0004365741278135932]]
[[-1.5517386169664318, -0.5319440281295125, 0.48505947395723964, -0.013411990094518975, -0.14947521294692637, 0.016800646367186853]]	[[0.0727756340323922, -0.570795324796968, 0.20082050806970694, -1.2089558032561971, 2.8996474250130135, 0.00043712588035423354]]
[[-1.581510491558003, -0.5419432283636845, 0.46751729071305836, -0.013626084300632765, -0.14766235751000134, 0.017619769227226696]]	[[0.07280290098292225, -0.5707774243122897, 0.20077591140267148, -1.209041391144474, 2.8995571244279854, 0.0005090493295318041]]
[[-1.5526137948072194, -0.5418024160382521, 0.45132054711306574, -0.01391165514039397, -0.14800816548570545, 0.017657996080342204]]	[[0.07280194412153645, -0.5707851371895412, 0.20076856455846687, -1.2090896556813953, 2.8995774997332813, 0.00045424091264822274]]
[[-1.6190179450833382, -0.5652625415245652, 0.4616393309975662, -0.014968451423532786, -0.1452571720927058, 0.01789522725765445]]	[[0.07279476714054747, -0.5707986178945559, 0.20076574426225732, 1.2091072642599603, -2.899569133567445, -0.00032603397914086505]]
[[-1.6165110400127678, -0.5907545904788372, 0.45863474929931614, -0.016353546669913732, -0.14484580123562985, 0.01829849383811445]]	[[0.07277701599091949, -0.5707989560030495, 0.20074985566669062, -1.209025367340318, 2.899620180935147, 0.00034296925919930784]]
[[-1.596005308825933, -0.540184609423366, 0.44565398513810317, -0.01584891026735448, -0.1448040322340874, 0.018001370653017084]]	[[0.07281736007487034, -0.5707812910856368, 0.20070009830877047, -1.209097569086648, 2.899548378721894, 0.00041458307830018843]]
[[-1.617172692363324, -0.5570794842397558, 0.46622807664038385, -0.016945016390901596, -0.14461314656317587, 0.017628220777827473]]	[[0.07278550877919077, -0.5707861539048126, 0.20068453846349932, -1.209064363303736, 2.8996145075201096, 0.0003790410847256487]]
[[-1.636456609725695, -0.5687804082360759, 0.47925301728808545, -0.017101660482585893, -0.14381433883154243, 0.017642484684500956]]	[[0.07278834690284153, -0.5707971777885222, 0.2006604987139045, 1.2090258035078294, -2.8996177649454697, -0.0003804079458838132]]
[[-1.618135876476836, -0.5389012230736054, 0.48684105209363704, -0.01564784474965697, -0.14459179739403688, 0.01807255091119571]]	[[0.07278786469228739, -0.5707855341518828, 0.20063263664511385, -1.2090034442906954, 2.8996148625562053, 0.00036006760461056056]]
[[-1.6243167019829596, -0.5412395368797451, 0.4923209273360239, -0.015954439135356602, -0.14548848845557588, 0.018174406433511998]]	[[0.07279511457104948, -0.5707927821828008, 0.20061192549533197, -1.2091164966184595, 2.8995922944419203, 0.0003424352859968839]]
[[-1.6495802399677495, -0.5040155214061383, 0.5127772927388663, -0.01553286332170263, -0.1462294033152659, 0.01828255129146722]]	[[0.07279877700296555, -0.5707800790580881, 0.20059772398395803, -1.2090608231867677, 2.89960460380099, 0.00034124334513334684]]
[[-1.6770146890671258, -0.5144798200639891, 0.5332018478856633, -0.016109114101500732, -0.14695905253382852, 0.01806728943181525]]	[[0.07280410488174488, -0.5708010647067991, 0.20057681910616854, 1.2091626277742922, -2.8995573400254684, -0.0002100767219388836]]
[[-1.73195168236644, -0.5149298572583177, 0.5292554015819823, -0.01603721233454583, -0.14764292206864893, 0.01933050803891963]]	[[0.07280280206835134, -0.570794205912348, 0.20054705311045873, 1.209115011041915, -2.8995911538695536, -0.0002487475372182183]]
[[-1.7400177532191592, -0.5493980451002138, 0.5191392154364644, -0.016269963979930233, -0.14895172188004605, 0.019752592839811775]]	[[0.07279710619484242, -0.5707979126864162, 0.20056385046478858, 1.2089928414667113, -2.8996386943752883, -0.00010005639654451919]]
[[-1.7453231239835776, -0.5586846776613966, 0.5230655203154013, -0.015419251152381838, -0.14997494978200782, 0.019430651270934744]]	[[0.07280461762985012, -0.570795596715832, 0.20052648164088693, -1.2090785012060887, 2.8996011429767607, 0.0001530437050457534]]
[[-1.762109322943781, -0.5824848252799499, 0.5264502438265429, -0.015584859903889012, -0.15046741664424068, 0.019498174269435713]]	[[0.07277776281006357, -0.5708075388017563, 0.20052039592996918, 1.2090046054853363, -2.899620589641438, -7.886696728500027e-05]]
[[-1.7347414942422152, -0.5722546819444074, 0.531901711173255, -0.015503096081192644, -0.15272232187830015, 0.019527365483785742]]	[[0.07281945271797087, -0.570793676782878, 0.20046800647308427, -1.2091075695888889, 2.8995740173741686, 0.00021002432051431732]]
[[-1.7474025877878718, -0.5741718112156022, 0.5408306292990922, -0.015685104636518704, -0.15417424183626985, 0.019136325136162022]]	[[0.07279489113968145, -0.5708077499601838, 0.20046513560239915, -1.2090782872616823, 2.899601308164285, 0.0001376835078511913]]
[[-1.7952628543410687, -0.5982217757305325, 0.5635819063536093, -0.015679102582826704, -0.15442838711393592, 0.019149003388081204]]	[[0.07280059815145253, -0.570800367379077, 0.20044243864558253, -1.2090564642780508, 2.899597679088322, 9.950309346288172e-05]]
[[-1.7923274787378103, -0.6443863420064522, 0.5739375117297719, -0.015893662348154605, -0.15588362818639417, 0.019699769940830683]]	[[0.07279383859199681, -0.570811621456592, 0.20043114227036682, 1.2090918682825844, -2.8995834364987547, -2.522587126579908e-05]]
[[-1.7443489948781543, -0.5949460556079695, 0.5742154725817833, -0.014534290443584397, -0.1595531840756597, 0.0190573890184368]]	[[0.07280663108340016, -0.5708111312467176, 0.2004027455823798, 1.2090696202325573, -2.8995808308880724, -6.570510768230193e-05]]
[[-1.777020158513248, -0.6011460440607697, 0.5772089758113682, -0.01452916964583767, -0.1606526874200168, 0.019370216195718215]]	[[0.0728058158186781, -0.5708020904545246, 0.2004073328817913, 1.2091129511268899, -2.899587313468157, -6.908033730961426e-06]]
[[-1.7998452106380598, -0.6192698011433073, 0.5734372622423368, -0.015173425300599244, -0.16209236145363254, 0.019720483504661733]]	[[0.07282625056040012, -0.5708083713943388, 0.20038158997861455, -1.209138506613089, 2.89955190812573, 2.671865658422472e-05]]
[[-1.8548957420480845, -0.6451645514465137, 0.5660040323267165, -0.015796601455342826, -0.16269489225393818, 0.02005106949030427]]	[[0.07280040872776448, -0.5708223697318514, 0.2003927601275463, -1.2089759512066383, 2.899648646653432, -8.551488129004698e-05]]
[[-1.8563417880816067, -0.6819485044757971, 0.5587824256036394, -0.016222350594244386, -0.1644648688407631, 0.020005328486698767]]	[[0.07278421058384003, -0.5708214256330975, 0.20034570421206482, 1.2089227868867227, -2.8996672921713182, -2.7015113130036404e-05]]
[[-1.86573624664064, -0.6738684510689892, 0.557973233342729, -0.015593002332494457, -0.16613789398599063, 0.020539210798359207]]	[[0.07281335311585352, -0.5708222860987143, 0.2003503842142766, 1.2090777076477828, -2.8996010056155974, 4.709645496801631e-05]]
[[-1.8574311792764164, -0.6428496602283256, 0.5582607496265952, -0.014668463656871647, -0.16854939871689484, 0.020745973419088598]]	[[0.07281326614334406, -0.5708030052323745, 0.2003060480246279, 1.209079330816688, -2.89960277157079, -4.889907521967386e-05]]
[[-1.8457117952897968, -0.6237816504834516, 0.5480044819210321, -0.014336463739760122, -0.17066503225659369, 0.02110410403653336]]	[[0.07280037846346546, -0.5708119842737164, 0.2002946081700352, -1.2090291953190346, 2.8995823528941913, 8.32231477026979e-05]]
[[-1.8566404561961045, -0.6261966809805962, 0.5583302114047327, -0.014210581273785633, -0.17134367761466485, 0.02110397418529306]]	[[0.07281390299926423, -0.5708114621088418, 0.20030786371832993, 1.2090862750959477, -2.8995727710575006, 5.812016145256899e-06]]
[[-1.859149760972577, -0.656335316087927, 0.5534816051463519, -0.014527522351828456, -0.17199245665718116, 0.020760983754057306]]	[[0.07281667975282967, -0.5708242573111634, 0.20029449390426263, -1.2090744029241771, 2.899593649100784, -8.422160097497122e-05]]
[[-1.8844890761106243, -0.6245059590235502, 0.5385353531476306, -0.014359359659550486, -0.17317622221685153, 0.021402296304333077]]	[[0.07279911432219599, -0.5708120937991822, 0.20026460941686725, -1.20896503220373, 2.8996232100288903, 4.6528062855062856e-05]]
[[-1.9191400255300097, -0.6095533515569163, 0.5189456902667618, -0.014613910400070693, -0.17353150896305802, 0.021205173141254103]]	[[0.07281441499013336, -0.5708217653453587, 0.2002621953272692, -1.209095924207596, 2.8995966857760505, -2.790361808055462e-05]]
[[-1.9409305018036447, -0.6339198485554041, 0.5320315773476197, -0.01471669509775371, -0.17329254286111148, 0.021228082615241395]]	[[0.07281930688659499, -0.5708191974435001, 0.20024490047037055, 1.2090954167835926, -2.89959546883771, -1.145613675769281e-05]]
[[-1.9715796632143014, -0.596201956356987, 0.5253343725818252, -0.013418415874256406, -0.17352771402370898, 0.02102911803179898]]	[[0.07281460149800192, -0.5708222861666302, 0.20024090068403524, -1.2090438277933968, 2.8996178701915727, -8.444473882530023e-06]]
[[-1.951298808059987, -0.5749358639362845, 0.5001300490105878, -0.012783869857575778, -0.174845039431904, 0.020065632566527887]]	[[0.07281413060758118, -0.5708278931273665, 0.20020300946049885, 1.2090739079395707, -2.8995929564517646, -6.821711793780395e-05]]
[[-1.9578645605007454, -0.5828895505195872, 0.5054609976111443, -0.01266052067218898, -0.17462944405578043, 0.020604795515495045]]	[[0.07280046498200454, -0.5708260633699493, 0.2001915425144032, 1.2090092204833718, -2.899632497753208, -4.906205312548771e-05]]
[[-1.967251075784537, -0.5721745903462488, 0.4920050692135301, -0.012920216173306354, -0.17466577879741246, 0.020246315404087254]]	[[0.07278572341805697, -0.5708255421755692, 0.20018150316422098, 1.209025974800725, -2.899625977951243, -6.72134490799906e-05]]
[[-1.9915129877168303, -0.5804375777840062, 0.47597162713892344, -0.013505641889815373, -0.17459455152953374, 0.02025467628202591]]	[[0.07281498685254224, -0.5708285456828815, 0.20019012131544628, -1.209059781522404, 2.8995595956764526, -6.808133350568187e-05]]
[[-1.9953725739457164, -0.605805256240327, 0.46458408165473186, -0.013636696423368358, -0.17476719689110698, 0.021454737248589463]]	[[0.07281602516901622, -0.5708191818211593, 0.20017909717328747, -1.2091212869537724, 2.899558895870262, -8.890794942481375e-06]]
[[-1.9976854481017894, -0.667039727379872, 0.4572154244606441, -0.014417784483583204, -0.17405218262272631, 0.021151397730019943]]	[[0.07282386055678025, -0.570824464394663, 0.20016388715050978, -1.2090906837706066, 2.8995849431954692, -2.754609517428586e-05]]
[[-1.949692479881263, -0.6774573669938262, 0.44953689849554174, -0.014032103590102901, -0.17479048416237558, 0.020699826333782194]]	[[0.07281638709952401, -0.5708305265818455, 0.20013266000331537, 1.2090615144142942, -2.899610551208544, -3.0519983415992686e-05]]
[[-1.9209898483686145, -0.6709804527311342, 0.4327545553622409, -0.013688750003008968, -0.1756562542576457, 0.01968839572303978]]	[[0.07280118001476373, -0.5708279551209778, 0.20012711913253184, 1.2090959681136353, -2.8995957890413835, -1.0585822632033674e-05]]
[[-1.9390426498547555, -0.6996295118801446, 0.44568901499062985, -0.014259802670269675, -0.17592055072224028, 0.019712955488278415]]	[[0.07280151865660699, -0.5708322642180478, 0.20013933751961935, 1.2090388427669276, -2.899606658459998, -1.2897486597423766e-05]]
[[-1.931265757010021, -0.6550234782433613, 0.4446608931895175, -0.01320267143651957, -0.17604221362753858, 0.02003487557609497]]	[[0.07281615281385867, -0.5708399914381861, 0.2001346382908929, 1.209115977766839, -2.8995465487480776, 8.07414339806508e-05]]
[[-1.8930112811982294, -0.6293891219073146, 0.4424182930392342, -0.012756184149769728, -0.17677409422175022, 0.01965193592176363]]	[[0.07280265383678755, -0.5708353495410049, 0.20009217655680966, 1.2090915964619944, -2.899585661283106, -4.769763366079608e-05]]
[[-1.9409067064767087, -0.6602578184870457, 0.4337471069907074, -0.013528548297613116, -0.17693221373957035, 0.01979995602039856]]	[[0.07281566932435227, -0.5708252212529598, 0.20009019933744598, -1.209094576293938, 2.8995946973955413, 4.822616142960818e-05]]
[[-1.9645809290997813, -0.6261536413858416, 0.44357086251938677, -0.01336591168343855, -0.17722545939958964, 0.020021107079735808]]	[[0.07280447705984311, -0.5708298612741801, 0.20009378188644017, -1.20907293805818, 2.8995915824815492, -8.754929671672301e-06]]
[[-1.942528716472153, -0.644083620604097, 0.449076491055974, -0.01409188472582068, -0.17772041317813123, 0.01986020115065923]]	[[0.07280504293777215, -0.5708244971559379, 0.20008164919454408, -1.20901193056655, 2.8995893932527586, 4.443161891163518e-05]]
[[-1.9646742596243625, -0.6211266124549633, 0.45730779031397883, -0.01426662896919896, -0.17778871675614605, 0.019953520525042803]]	[[0.07281337517757035, -0.570838063393644, 0.2000890931006417, -1.2090611163871139, 2.8996120656960676, -0.0001031807532040709]]
[[-1.9495199866518387, -0.6104646563852969, 0.45650364344712513, -0.015737736888695036, -0.17860478879984404, 0.019950850968302566]]	[[0.07281459410190726, -0.570825788872601, 0.20004668992156605, 1.2091312313507303, -2.899583583073052, -0.00010451757312707559]]
[[-1.9442644582426745, -0.621274773133563, 0.48122288423177895, -0.016538110064652875, -0.17850068136409436, 0.02013531090115731]]	[[0.07279111225863442, -0.5708276496517096, 0.20005898783355952, 1.2089998705697451, -2.899610818238429, -3.081106040080206e-05]]
[[-1.954333702375959, -0.5730775603001693, 0.49166862292016383, -0.015882617418142134, -0.1781723399243086, 0.020184255801198762]]	[[0.07280358406074121, -0.5708412176433285, 0.20005432405737347, 1.208999558819709, -2.899610482038631, -1.1722842381116534e-05]]
[[-1.915788823166825, -0.5110786496808322, 0.4632772712413281, -0.015105670147879724, -0.17994434783049254, 0.019955025019665805]]	[[0.07280566997945061, -0.570826185723315, 0.2000468820314951, -1.2090283560625916, 2.8995823529608487, 4.545215073141062e-05]]
[[-1.9341972279544, -0.5016258537763418, 0.4750681253373535, -0.014877083351158782, -0.17986991994193266, 0.019147122001464657]]	[[0.07279553799849393, -0.5708395190710711, 0.20003663498375088, 1.2090334432406593, -2.8995964299777826, -1.0595943523714016e-05]]
[[-1.9615989313250024, -0.5327355696510382, 0.48939884916795634, -0.01591069326867163, -0.17963212031477965, 0.01993587611018981]]	[[0.07281948576028024, -0.570847506607459, 0.20004985926538155, -1.2090172144515772, 2.8996047427772047, -0.00014310615878854324]]
[[-1.9445410398540468, -0.5013700159847224, 0.4900718474721544, -0.015993770449598585, -0.1814320566333722, 0.0194314683847419]]	[[0.07280662801613759, -0.5708391448177601, 0.20003092866656577, -1.209008571360625, 2.8996324167669805, -4.629979237594749e-05]]
[[-1.9788922795682797, -0.4772906724472685, 0.5074606762039013, -0.015619073055393215, -0.18154395771124554, 0.02008788735788662]]	[[0.07281105277880123, -0.5708405399286832, 0.20002669445701127, -1.209029059141032, 2.8995845315184794, -6.730988210114159e-05]]
[[-1.9887911429919898, -0.4696959256849298, 0.5026729784032046, -0.015434148098338499, -0.1820862449809851, 0.020211017034378068]]	[[0.07283259229797166, -0.5708547716800653, 0.20003014030602279, 1.2091111417071627, -2.8995868756916656, 0.00012165802943431063]]
[[-2.0010405184305413, -0.47162771075705445, 0.4979357542763967, -0.015007129324648621, -0.18297852094952696, 0.020428366512843285]]	[[0.07281252640689291, -0.5708493882154015, 0.20002731891182277, 1.2090458442978063, -2.899575854799494, 0.00010069936406570214]]
[[-1.9521968309822104, -0.4253512648482276, 0.4858852739619197, -0.013104127493537926, -0.1851206313815883, 0.020845270773897775]]	[[0.07282080429972884, -0.5708510677681007, 0.20001788493134615, -1.209086038772064, 2.8995754897976385, -0.00012458614105411412]]
[[-1.9184016006713085, -0.43247431920231205, 0.4787583286931008, -0.012731775118107774, -0.18669822135773412, 0.020714441872236092]]	[[0.07281242801473309, -0.5708546680000173, 0.2000203964918155, -1.2090088711779354, 2.8996336079484255, -0.00010478531528107036]]
[[-1.903282204875567, -0.42379275754127255, 0.46931771155287727, -0.012225842806357218, -0.18780421196863034, 0.020969800484085567]]	[[0.07281331128780004, -0.5708379190432873, 0.2000009160307528, -1.209077880611609, 2.899604200565048, -8.392601178923889e-05]]
[[-1.9023274478291508, -0.43425839362190877, 0.47318506540039307, -0.012753987000066566, -0.1889792594485547, 0.020943442866773514]]	[[0.0727831501390114, -0.5708430170988963, 0.19998192734411485, -1.2089418648880803, 2.8996189777990224, 8.100314514351654e-06]]
[[-1.9359018037704654, -0.4444294141188174, 0.4538951458311593, -0.013241176130966217, -0.18916068310668555, 0.02084921099047199]]	[[0.07280809317791609, -0.5708498289587888, 0.19999862054440237, 1.2089858103249191, -2.8996268268342225, 0.00010289019611878968]]
[[-1.9600205680436487, -0.4455673746279589, 0.44053831701806273, -0.013374905871008563, -0.18931172596512685, 0.020797910244592228]]	[[0.07281430156994287, -0.5708439627974905, 0.19998559276113853, 1.2090941306281473, -2.899594702202109, 0.00010136553223267017]]
[[-1.9536935019974515, -0.44985171969358795, 0.42190719754476197, -0.014142404923868507, -0.19065223211958737, 0.0208708267043221]]	[[0.07280155253184832, -0.5708487755178749, 0.19998935696421294, 1.209024270879434, -2.8996237845111392, 0.0001020189202588878]]
[[-1.9487827464878575, -0.45180936720879017, 0.4085648870386511, -0.014513938411386706, -0.19150633292933916, 0.020396458357189094]]	[[0.07280343174329611, -0.5708469061370509, 0.19997354026562852, -1.208968523639194, 2.8996362640572158, -8.439179703401763e-05]]
[[-1.9444097597872734, -0.4536587330130313, 0.39664082461146066, -0.014834070007451794, -0.19226597482753938, 0.019973715131994352]]	[[0.07279488797790121, -0.5708466391422302, 0.19997925850998166, -1.209007920459944, 2.899633292079374, -8.402374730299229e-05]]
[[-1.9404491562944068, -0.4312024689138454, 0.3827200134975695, -0.014740761763316734, -0.19367455805680633, 0.02054176108964829]]	[[0.07281712797061816, -0.5708480836146007, 0.19999047322924718, -1.2090612185007652, 2.8996132211276193, -0.00017759805496005276]]
[[-1.96539677732792, -0.4846487331757747, 0.3939042747609572, -0.01564471265379759, -0.1949921120940555, 0.020846172385437487]]	[[0.07281316857414379, -0.5708409011737787, 0.19998926291886096, 1.2090075905852458, -2.89963032743748, 0.00012185918094619133]]
[[-1.9719836511331414, -0.509092303001759, 0.3994247011208556, -0.01586902931442058, -0.1967344769571875, 0.020405131027151198]]	[[0.07283034152165983, -0.5708487004317196, 0.1999783128646708, 1.20909360949269, -2.8995936648614022, 0.00015807437807634217]]
[[-1.9778568372288836, -0.5306135403426544, 0.4044669331989058, -0.01608671127995699, -0.19828104369591917, 0.02001160205662269]]	[[0.07280833691630796, -0.5708497117683784, 0.19995610499027316, -1.20900656397775, 2.8995819349651213, -0.0001241890897641556]]
[[-2.052099082487613, -0.5500329871208133, 0.38310430951822966, -0.016129164008670496, -0.1979455456975867, 0.020993347412842187]]	[[0.07279824534298109, -0.5708589165711812, 0.19999247451759727, 1.209058388735585, -2.8996065584089163, 0.0002336796149925354]]
[[-2.107889365882559, -0.6005679772730088, 0.3893925877856045, -0.016972538885778612, -0.1975807265025557, 0.02124020394246096]]	[[0.07281443053626874, -0.570856397433015, 0.19997757588048304, -1.20903947100363, 2.899610070406549, -0.0002339260839708794]]
[[-2.1363638225305777, -0.6350990138026227, 0.384192780214577, -0.017261553623329456, -0.19807137440462227, 0.0217294899030247]]	[[0.07280958612254775, -0.5708469918553676, 0.1999661025139746, -1.2090962501939502, 2.8995980915685236, -0.00015991845092443573]]
[[-2.1384108900002214, -0.5962845576644084, 0.3754558480804944, -0.016261449763839406, -0.19914151804229518, 0.02165485105127985]]	[[0.0728194918644459, -0.5708474812798192, 0.19996847520097966, -1.2090173158104704, 2.8996055177651847, -0.00019852462859318377]]
[[-2.1741670410413567, -0.5835899321392832, 0.36635513271023534, -0.01645466275879795, -0.19963451903163382, 0.02154195749843028]]	[[0.07282182610127055, -0.5708641211739697, 0.1999436658349617, 1.2090422786878714, -2.8996151734557456, 0.00015845428023228221]]
[[-2.1719646411585973, -0.588672701320601, 0.3473507294348979, -0.01727148063081825, -0.2006159023936184, 0.02111741402959622]]	[[0.07281267239781704, -0.570855176986929, 0.19996776856920648, -1.2090099756742083, 2.899636597677387, -0.00027220998569028697]]
[[-2.1774546392911107, -0.5874843743060566, 0.3349701561782927, -0.01780969157174979, -0.20156283824735888, 0.021406369151242725]]	[[0.07284528077968479, -0.5708591682647861, 0.19998472622288424, -1.2091048629533199, 2.8995724452762555, -0.0003469312264424619]]
[[-2.2069933816383935, -0.5293434099501241, 0.28000801876001474, -0.01703190473233157, -0.20229602184122075, 0.021100844460924865]]	[[0.07282337760190574, -0.5708422284534436, 0.19994126347929903, -1.2090905275778527, 2.899586478573166, -0.0001410151537155127]]
[[-2.192309439469359, -0.46725346263573275, 0.2347732627851074, -0.016262145463503144, -0.203794442327673, 0.020710792257465544]]	[[0.07279866160940626, -0.5708566551694627, 0.19995350337748025, -1.2090087895581212, 2.89963579419699, -0.0002168154117300686]]
[[-2.2129450606882233, -0.4765593350538635, 0.20165780774062808, -0.017162827086360716, -0.2043175945147182, 0.020680915804269187]]	[[0.07282968564253073, -0.5708521087500026, 0.19996800680958432, -1.2090649235038262, 2.8995739368901865, -0.0002745007325484253]]
[[-2.2196950338772923, -0.49957097387737504, 0.17538853117033132, -0.01779059860557622, -0.2055539397201106, 0.020480878313860498]]	[[0.07280961986520378, -0.5708538146038936, 0.1999509631103042, 1.209036557558919, -2.8996029741444236, 0.00023353498056470176]]
[[-2.2505527397929206, -0.5033797112283571, 0.1337992435325764, -0.01769438306425826, -0.20639863840064843, 0.020704265344849437]]	[[0.07282283669850823, -0.5708577678178882, 0.1999634982809827, 1.2090615048808278, -2.8995654129567328, 0.00028861598312550493]]
[[-2.2822293226030577, -0.4724004288251148, 0.08756483291575519, -0.01725927139885182, -0.20658485458831727, 0.019469279573879263]]	[[0.07281554954938417, -0.5708524359806111, 0.19994415302319246, -1.209064831513662, 2.899573838232835, -0.00027385346695066483]]
[[-2.2994614225465466, -0.4602763258249727, 0.05587150295859813, -0.01654747827770578, -0.2066150682834159, 0.01985774258206344]]	[[0.07281438254836527, -0.5708561651228754, 0.19996908715644973, -1.2090237500371077, 2.899619109772414, -0.00034809335107213187]]
[[-2.3334779556897463, -0.4605467969846906, 0.0012267838173091927, -0.016865854765508892, -0.2072207464915488, 0.021196421326935527]]	[[0.07281285175031539, -0.5708521439395278, 0.19994292350929713, -1.2090567960409233, 2.8996030804734767, -0.00025321302537174324]]
[[-2.3298814011149944, -0.45016453856823047, -0.051801840671441765, -0.017451928112761125, -0.20832165020955778, 0.020841116047622735]]	[[0.0728234670788839, -0.5708544855244629, 0.19995440252113283, -1.209048162060026, 2.8995825106287243, -0.0003488045650222584]]
[[-2.3099596982581394, -0.4688670028455644, -0.08760988640319746, -0.017899671899340178, -0.2088426691180112, 0.02138370927145788]]	[[0.07282604458483159, -0.570856169721334, 0.19994107370174535, 1.2090923250374468, -2.8995909887441265, 0.00030892952242921783]]
[[-2.321872951102822, -0.4637901646135294, -0.13717048744721563, -0.017351268462629507, -0.20934902788642695, 0.021222491517787594]]	[[0.07282604458483159, -0.570856169721334, 0.19994107370174535, 1.2090923250374468, -2.8995909887441265, 0.00030892952242921783]]
[[-2.3567588887846167, -0.4844865715486639, -0.18592567584160896, -0.017571573946608895, -0.21018252767876258, 0.02093580983577156]]	[[0.07282684520468514, -0.570854867863935, 0.19994679289635492, -1.2090964543832436, 2.899600881824775, -0.00036626111274934577]]
[[-2.378150376096743, -0.5349232701776784, -0.1966710170787099, -0.018386153822634504, -0.21067319225787287, 0.020797050891571568]]	[[0.07281406609762832, -0.5708681524560992, 0.19996766557213558, -1.208997468202368, 2.8996070974468835, -0.0004992713881375053]]
[[-2.3601492903659342, -0.5448672398250554, -0.22642597340622903, -0.018622436412104745, -0.21215444700474864, 0.020968288852540148]]	[[0.07282968054171936, -0.5708624305385812, 0.19994824789877072, 1.2090786510777116, -2.8996070235532136, 0.0004217507518477736]]
[[-2.398426267998407, -0.5226891871530831, -0.270195090878544, -0.018532504181054538, -0.21329963781664088, 0.0212514631427583]]	[[0.07281849953797355, -0.5708671721133006, 0.19994531580778166, -1.2090406041337736, 2.899613261439133, -0.00040452454075564834]]
[[-2.4035007914810094, -0.5122389248606511, -0.3079006552613743, -0.019024934990055642, -0.21458240570575346, 0.021239092105790502]]	[[0.07282968185211709, -0.5708588806043898, 0.19995156748568088, -1.209075541954365, 2.8995995195254785, -0.00044195550453214936]]
[[-2.402792053080863, -0.49387099645282695, -0.3387751140645044, -0.01885774333955348, -0.21568116132118473, 0.02088717320474403]]	[[0.07282968185211709, -0.5708588806043898, 0.19995156748568088, -1.209075541954365, 2.8995995195254785, -0.00044195550453214936]]
[[-2.400396898298531, -0.4880910746861771, -0.36612472644021865, -0.019297391417423745, -0.21698216232829698, 0.020508167240356766]]	[[0.07282955518758069, -0.5708688750185487, 0.19994763754689598, 1.2090347439636442, -2.8995990685442194, 0.0004395901390279749]]
[[-2.373766784940128, -0.46251908297261723, -0.3995064376467226, -0.019501111481817962, -0.21901252010433608, 0.020963791867315954]]	[[0.07282006149454753, -0.570852261968812, 0.1999283047076183, -1.2090057617904482, 2.8996267604123442, -0.0003650416371326081]]
[[-2.370815690478711, -0.4670465635253267, -0.4395692713834429, -0.019811988281608767, -0.21984514612842423, 0.021537118218596937]]	[[0.07281324076933612, -0.5708566246145315, 0.19991735331639637, -1.2090100364977805, 2.899637105590886, -0.0003644905970596209]]
[[-2.3783925886106667, -0.4835874313478986, -0.478626729951882, -0.02026295120976296, -0.22001322830564446, 0.021872934307120583]]	[[0.07281324076933612, -0.5708566246145315, 0.19991735331639637, -1.2090100364977805, 2.899637105590886, -0.0003644905970596209]]
[[-2.3935348549965196, -0.4488843297984657, -0.5083768682315671, -0.01949672608487124, -0.22095568169202795, 0.022056486659707414]]	[[0.07280349726224504, -0.5708570951550466, 0.1999297721752374, 1.2090341967545604, -2.899599440910009, 0.0004395964870712528]]
[[-2.3910700978065904, -0.4282391937344697, -0.5530175617656581, -0.019472568248899702, -0.22217337540605697, 0.02185798848331578]]	[[0.07282679806532644, -0.5708737640064323, 0.19994573408960953, 1.2090952196861444, -2.8995983862056796, 0.0004970790968992309]]
[[-2.3985966369366567, -0.4446004971737839, -0.5969717188458941, -0.020304360460964788, -0.22244998169344016, 0.02218910299224277]]	[[0.07282664737354333, -0.5708733415762188, 0.19995239890985134, 1.2089913866434214, -2.8996412441766313, 0.0005156997250728614]]
[[-2.394862812794742, -0.45664195707850397, -0.6435371172955904, -0.02066799486605264, -0.2231799905653689, 0.02231502480367214]]	[[0.0728110927667982, -0.5708671408339522, 0.19993624286623918, -1.2089711872168392, 2.899643378021216, -0.0004600186986926537]]
[[-2.3896520232078555, -0.4316612692335442, -0.7072641224569091, -0.020254807949964065, -0.22471696134193664, 0.022279334003473046]]	[[0.07282626672404183, -0.5708619215329346, 0.1999258468857266, -1.2090141564492112, 2.89959863657325, -0.0004420125458417962]]
[[-2.412002512001571, -0.3974468337998436, -0.7593089664761928, -0.019335216854838896, -0.22516055239315097, 0.02261436274883431]]	[[0.07281634814128218, -0.5708682645194514, 0.19992277376971423, 1.2090224293032195, -2.8996164122245505, 0.0004771843181730526]]
[[-2.413581496311135, -0.4354243260890971, -0.8096459161123276, -0.019814418083883234, -0.2254304107850162, 0.02236734415761361]]	[[0.07281396728271584, -0.5708652534837954, 0.19992571796767225, 1.2090177605431829, -2.899605046060744, 0.0004946195362235865]]
[[-2.3943565420495774, -0.41274891100494504, -0.8756376580985634, -0.019634705663699695, -0.22712878635745987, 0.022308236604116665]]	[[0.07280330910677439, -0.5708653311410711, 0.19993238382847947, -1.209040765077936, 2.899615567741167, -0.0005152319637266528]]
[[-2.3811282866493286, -0.41168026890902343, -0.9324115482730795, -0.019880222148392857, -0.2278282024559301, 0.022314705786672603]]	[[0.0728129451351609, -0.5708720670509251, 0.19991940050747603, -1.2089542292932591, 2.8996515982317024, -0.0005150457646144978]]
[[-2.402990490623675, -0.41017505974893753, -0.9768282337069114, -0.020425832956972756, -0.2281825963090455, 0.022347216144775556]]	[[0.07282284584490976, -0.5708664661418562, 0.19994263720512467, 1.2091245679403344, -2.899571209433013, 0.0005889102466144088]]
[[-2.3874686160322995, -0.3978216042275876, -1.0344331883855291, -0.020934744052142226, -0.228948672952014, 0.022168089928948503]]	[[0.07280302397558867, -0.5708681381885794, 0.19991329183791207, 1.2089565013304133, -2.899656897131367, 0.0004763148350276323]]
[[-2.387522124888466, -0.35514120737670973, -1.0825994047392427, -0.020818571648808334, -0.22951240104923193, 0.023152896934387962]]	[[0.07281432499773521, -0.5708627799379072, 0.19993017536959762, 1.2090220540218874, -2.899615311291441, 0.0005326751036588402]]
[[-2.4076782050474628, -0.33278789149943155, -1.1440793456896439, -0.021873598701570685, -0.23042417491456402, 0.02332746589770913]]	[[0.07282296524008873, -0.570856578368123, 0.19989610892679321, -1.2090881423243878, 2.8995814354073683, -0.0004591556264325063]]
[[-2.4074272778185133, -0.3103969275484839, -1.1854082370813988, -0.02266685875749609, -0.23065795979887305, 0.023459152104389206]]	[[0.07280909617377197, -0.5708617314407067, 0.19991426461300704, -1.2090234210643587, 2.8996226768389457, -0.0005146754549631196]]
[[-2.380675736779593, -0.2606634935561982, -1.2498284541001317, -0.02255011556305636, -0.23118119895285202, 0.02339063403147777]]	[[0.07280862856273543, -0.5708640276817052, 0.19991674973770293, 1.2090946462702448, -2.8995988468207035, 0.0004956852428192258]]
[[-2.4099764681420934, -0.24784082911568905, -1.301107009533107, -0.023094164995478617, -0.23127350793713897, 0.023146460935291147]]	[[0.07282794429345306, -0.5708610696195643, 0.19991547088689068, 1.2090732067236374, -2.8995940670989704, 0.0005323046889024762]]
[[-2.3616434768353236, -0.24619111572421515, -1.3572556167435694, -0.023055318433021055, -0.23260794461141177, 0.023111478710643226]]	[[0.0728165729016559, -0.5708584828919758, 0.19992643096209803, -1.2090895476799723, 2.8995826719290996, -0.0005342911365330573]]
[[-2.359060680645133, -0.2341117415591758, -1.402391901429254, -0.02270086846548809, -0.23251897460248472, 0.022887738453695187]]	[[0.07280957053768317, -0.5708630591499833, 0.19989405711552383, -1.2090228813581845, 2.8996215609502727, -0.00045834616484295807]]
[[-2.3953203541236245, -0.2480755748184369, -1.447724502502643, -0.022699015550436782, -0.23172576867256534, 0.022977963616043307]]	[[0.07281277874134036, -0.5708586282992669, 0.19991765452596866, 1.2090732417992858, -2.8995940262334736, 0.0005334274162053003]]
[[-2.386444262044554, -0.2480133653002392, -1.4912117465458437, -0.02288000979929561, -0.23262713778291366, 0.022987558872859845]]	[[0.07281396574576464, -0.5708652355007159, 0.19990311481171227, 1.2089650670718464, -2.899626734402635, 0.0005125928501441853]]
[[-2.3899003459103954, -0.2623164459831311, -1.5462786133166329, -0.023759157021087593, -0.23296590714277302, 0.022282259613730714]]	[[0.07282797440637721, -0.5708542703542806, 0.19989362709282416, -1.2090756121895396, 2.8995999475383605, -0.0004768758585317945]]
[[-2.4014684451391606, -0.3471773895948185, -1.5922281126887519, -0.025137121588662617, -0.23248617584699668, 0.022457645011502894]]	[[0.07282701982693063, -0.5708654053212251, 0.19989758955913953, 1.2090814622379915, -2.899565312701012, 0.0005117806617963848]]
[[-2.3873058488387984, -0.32546520408330304, -1.6583349127228313, -0.024701564283681005, -0.2337471208683314, 0.02245361156527542]]	[[0.07281772125893955, -0.5708685061510591, 0.1998932845289086, 1.2090085658631553, -2.899634030141822, 0.0005321855965843693]]
[[-2.3339162364219512, -0.33167772842211907, -1.725408274918936, -0.025035010027919746, -0.2351932000721707, 0.02224111871952464]]	[[0.07281780134616674, -0.5708597580112915, 0.19990388943248266, 1.2090121089670942, -2.8995933890115397, 0.0005493991451382747]]
[[-2.3569421982765095, -0.37844068049106006, -1.7716591807583504, -0.025508544720144688, -0.23356480669878393, 0.0229296700420164]]	[[0.0728128744884906, -0.5708724325717717, 0.19991710373099417, 1.209037123316071, -2.899556157371654, 0.00058641297106387]]
[[-2.310000597645953, -0.3378878008813644, -1.852823275115172, -0.024951427151984715, -0.2347118577820478, 0.02320206176515928]]	[[0.07281474645138389, -0.5708604815129258, 0.1999050818172916, 1.2090602072653278, -2.8996116165215176, 0.0005700832758256825]]
[[-2.2833245123440964, -0.35134564112564715, -1.9233388500239732, -0.025509966909315507, -0.23536921623208618, 0.02259404584462276]]	[[0.07281820135930969, -0.5708574682680804, 0.19988719179075937, 1.2090861047363242, -2.899576350408901, 0.0005133457925754535]]
[[-2.2381203058532924, -0.3568879631877878, -1.9771906622372037, -0.025061645135941668, -0.23603996617173417, 0.022175700158497028]]	[[0.07281694168088203, -0.5708765757697937, 0.1998939791733267, 1.208994490708255, -2.899600276557099, 0.0005687680080497944]]
[[-2.250636598573041, -0.34115179299877707, -2.0451206329745792, -0.024793928176314886, -0.23537279942520556, 0.022837523349451067]]	[[0.0727987589273465, -0.5708600007864638, 0.19988703604092756, 1.2089685546764863, -2.899637028662461, 0.0005694628384728774]]
[[-2.273787772602481, -0.34089492424203405, -2.10671225127997, -0.02501286129789472, -0.23523328259351498, 0.023483551277139764]]	[[0.07280809291394649, -0.5708520876642386, 0.19989553484471856, -1.2090141596125983, 2.89960046952678, -0.000534010795750603]]
[[-2.331211273157926, -0.32131254579639834, -2.1624786302972443, -0.02556362961850145, -0.23454073886438226, 0.024383247380408687]]	[[0.07282638098719917, -0.5708568569042918, 0.19989503407300585, 1.2090730920962498, -2.8995938151631875, 0.0005511198890464531]]
[[-2.3245486520874605, -0.3085922284051732, -2.220910084920713, -0.026138882279094555, -0.23478622485978182, 0.02361163960719069]]	[[0.07281735466632197, -0.5708585591928476, 0.1998950313077485, 1.2090466782132483, -2.8995790120830973, 0.0005497752268928271]]
[[-2.3098116701210394, -0.30151429674828645, -2.276922364233116, -0.026317586608805038, -0.23539572109623916, 0.023684790169772405]]	[[0.0728017004416766, -0.5708609821147358, 0.19988949221845637, -1.2089717749381825, 2.899644900159888, -0.0005520196907690528]]
[[-2.314041716713803, -0.28513724486953707, -2.3585304639177664, -0.02638627055602985, -0.23551150144358815, 0.02385461537581932]]	[[0.07280951767387489, -0.5708696986514847, 0.19989220686442383, 1.2090198460219992, -2.8996143095460503, 0.0006254181923565953]]
[[-2.3060915310843884, -0.3047410050982562, -2.4296369188328937, -0.02672753693072527, -0.23534222734547972, 0.024396026414182793]]	[[0.07283064341807576, -0.5708580079868634, 0.19986127332592607, -1.2090711313998952, 2.8995895783682304, -0.0005144678003734568]]
[[-2.308977056230235, -0.2961332467114861, -2.4927306144174484, -0.02651900497677416, -0.2348089035579426, 0.024145235312165766]]	[[0.07283154642087714, -0.5708549893755828, 0.19987089325997542, 1.209138363119357, -2.8995538527570517, 0.0005487224798903915]]
[[-2.314913030115283, -0.3118932448292939, -2.573493582753899, -0.027701261888049805, -0.23493186312839343, 0.024026470718832668]]	[[0.07280311036080082, -0.570861334058883, 0.19989715682216036, -1.2090711935118872, 2.899591416489949, -0.0005898841078820957]]
[[-2.311507667507122, -0.2860998836470159, -2.6377315777378167, -0.02721015758239309, -0.23500465666555181, 0.02402810660608659]]	[[0.07279778812700935, -0.5708574132648905, 0.19987636507184667, 1.208968737265403, -2.899637471941225, 0.0005492534437152645]]
[[-2.283593509167363, -0.27917054258668705, -2.7209420450875346, -0.02710933168777578, -0.23544484427427476, 0.024620720363900107]]	[[0.07283506344796044, -0.5708541177982331, 0.19986420601026894, -1.209076606708537, 2.8996005935375937, -0.0005317198694190367]]
[[-2.2539086139174977, -0.2733862840619179, -2.805563743087338, -0.027176977806893904, -0.23586183604515365, 0.023764436607474154]]	[[0.07283487428588131, -0.5708571255243089, 0.1998748606827196, 1.209094918629352, -2.8995977365414487, 0.0005510014175316273]]
[[-2.247980409322633, -0.26512100356397583, -2.8789505179750012, -0.026824747110326577, -0.2357154018495282, 0.023990845278199998]]	[[0.07281337623633141, -0.5708669528137827, 0.19987415089380933, 1.2089941462278386, -2.8995993239052655, 0.0006239854708274534]]
[[-2.216682610124838, -0.2260925294115047, -2.952303032825845, -0.02620835666541735, -0.2365206293473595, 0.024049081073587764]]	[[0.07281665641013031, -0.5708533416784071, 0.19986726020933382, 1.2090863107661536, -2.89957687094486, 0.0004916419271814333]]
[[-2.192061996147005, -0.24138202894373828, -3.0310876433710985, -0.027306434581303565, -0.23737623019964504, 0.024247396148789395]]	[[0.07279238011288247, -0.5708551157549868, 0.1998663128365919, -1.2089888596063292, 2.8996371980252764, -0.0005321887225245753]]
[[-2.2018886914223037, -0.22319930301899304, -3.107188630207089, -0.027279156313712402, -0.23652828373538648, 0.024539239807724104]]	[[0.07281707467919378, -0.570851103004228, 0.19983589471393215, 1.2090566069714734, -2.89960316692587, 0.00045521934588732945]]
[[-2.2103861412017762, -0.2752379676592007, -3.1852473099303014, -0.029070486348555413, -0.2355736589462758, 0.02485176249404074]]	[[0.07280287451218141, -0.5708572037548781, 0.19987085555920076, -1.2090141628693944, 2.8996007511791517, -0.0005514220858456922]]
[[-2.209082813916117, -0.25826484860797316, -3.26755376685603, -0.028738718426854784, -0.23524115546773033, 0.025498948464829606]]	[[0.07280358906923573, -0.5708538510001805, 0.19985829444353898, 1.209020607939094, -2.8996159542034623, 0.0005488841907618506]]
[[-2.2148438965466166, -0.25096724675449245, -3.3383498265298335, -0.028930964766080744, -0.23427929633759564, 0.02539200079848385]]	[[0.07280001474695884, -0.5708599945441089, 0.1998656358538648, 1.2089912355414691, -2.899641034041786, 0.0005500682058872256]]
[[-2.1526299311583648, -0.245015517903013, -3.410412983035687, -0.029632664369230857, -0.2349463630320223, 0.02492849528103947]]	[[0.0728026131199045, -0.5708546452820227, 0.1998663057088434, 1.2089995962743125, -2.8996121741826912, 0.0005301026877601715]]
[[-2.13072696190354, -0.21675249688012244, -3.4926726864633255, -0.029988675728548325, -0.23528722593437185, 0.02481479759238243]]	[[0.07281485252195781, -0.5708552643690878, 0.19984613154083095, 1.2089904471399835, -2.899590295056912, 0.0005280162119269507]]
[[-2.131934926573342, -0.2265725416823421, -3.571835143369993, -0.031872982561543944, -0.23456403059210526, 0.024872247262097934]]	[[0.07282115088301483, -0.5708586145263914, 0.19984535134097436, 1.20899166591313, -2.8996422428842585, 0.0004930842639535873]]
[[-2.1254513611313945, -0.2137316361713163, -3.640669879608897, -0.0318361421298439, -0.23351189815398155, 0.02402774701781721]]	[[0.07280923335126924, -0.5708586916605863, 0.19985868337949453, -1.2090712765285214, 2.8995898892678604, -0.0005316884219687965]]
[[-2.0982576882030854, -0.19408185754631924, -3.7225115698365765, -0.0316462170218379, -0.23402259999144817, 0.024285343084123286]]	[[0.07281263230874897, -0.5708608858443036, 0.19984772142390894, -1.2089574188561332, 2.8996109747011456, -0.0005329566906120621]]
[[-2.0565678991179617, -0.20255527199086, -3.809641234165755, -0.031939044063711425, -0.23522042217025668, 0.023764666088119567]]	[[0.07281321499083593, -0.5708598287332349, 0.19983770414864196, 1.2090387895699228, -2.899609280327475, 0.0005118313519791405]]
[[-2.0589143918847626, -0.2221483489138687, -3.877479580361531, -0.03217066498474337, -0.23460316821951682, 0.023952608284527294]]	[[0.07283152406516422, -0.5708515857938758, 0.1998382769713826, 1.2090562904041953, -2.899602445896817, 0.0004926497953799138]]
[[-2.05677446280545, -0.2626237781380948, -3.949520264132458, -0.03306664081510753, -0.23436288954171286, 0.023734077721091647]]	[[0.07280605164109234, -0.5708673011779742, 0.19983007339919406, 1.2089950312088602, -2.899601736375117, 0.00050992603043869]]
[[-2.0443550372418056, -0.26177098833032075, -4.0239911000374295, -0.03332207146374516, -0.23465294682639676, 0.0232045425931482]]	[[0.07280697654813655, -0.5708629495364693, 0.19984008083236543, 1.2090038999288202, -2.899622955205139, 0.0005497290686855968]]
[[-2.01980056656027, -0.2662299344108181, -4.09424945239698, -0.03307134042081768, -0.2345591835995588, 0.02256980901998068]]	[[0.07281051198660303, -0.570869010891344, 0.19984037808647023, 1.2090246937307545, -2.89962633475847, 0.0005871291327511554]]
[[-2.0105842590945153, -0.2923876195700924, -4.173371163734653, -0.03360244041554822, -0.23429435307153035, 0.021670642004179123]]	[[0.0728148943181436, -0.5708609395576681, 0.19983222909321316, 1.209043334014284, -2.8996203125792324, 0.0005125513463072338]]
[[-1.98273270301983, -0.2790863311677575, -4.248432611987894, -0.033198904853896885, -0.2347314068017732, 0.022057330167880092]]	[[0.07280752627271338, -0.5708610108706421, 0.199823277297846, 1.2090774505448938, -2.899604851483855, 0.0005693553870222288]]
[[-1.9554495750337053, -0.3084792610417225, -4.327640759536138, -0.03473776054100029, -0.23544213204891606, 0.021599713971980777]]	[[0.07281302333328231, -0.5708503886842105, 0.19982572071655244, 1.2090260392894745, -2.8995764084240614, 0.0004908716851628864]]
[[-1.9347046023920695, -0.2682382141883204, -4.411990605849828, -0.034819232731290506, -0.23489115802087351, 0.02126290749383966]]	[[0.07279833837307778, -0.5708589489367175, 0.19982724701925497, 1.2090382748896453, -2.89960999447867, 0.000492089205056306]]
[[-1.8913811174292179, -0.21589690295622543, -4.482842771691068, -0.03476517190999333, -0.23505032454578006, 0.021409257354736963]]	[[0.07279960873384536, -0.5708589787763354, 0.19982061628500433, 1.208956566192512, -2.8996574302859446, 0.00047409474737108705]]
[[-1.8848142728009334, -0.2028500251010552, -4.585462075592669, -0.036284648718051385, -0.23474646216283962, 0.021519113348943252]]	[[0.07280042932642232, -0.5708542644659013, 0.19981601432375332, -1.209018008861641, 2.899610210091472, -0.0004571186956994246]]
[[-1.8946516562881088, -0.18469104556090155, -4.6623540313298335, -0.03705177215769927, -0.2332656991072286, 0.021940894784945528]]	[[0.07283031631898666, -0.570864017132465, 0.19983027582218327, 1.2091119686501914, -2.899590425617803, 0.000568510351495012]]
[[-1.8718447840420946, -0.1607033871929412, -4.727747200407326, -0.037115206980932555, -0.23262399542991916, 0.02143154562310746]]	[[0.07281316735928058, -0.5708562856788382, 0.19982628526882734, 1.2090432349768487, -2.8996199892018155, 0.0005310823951422498]]
[[-1.8839959886042261, -0.1164967298517321, -4.820037666002442, -0.03750877584324047, -0.23193135895176545, 0.02166593375776611]]	[[0.072814049761554, -0.5708551549985565, 0.19981842194896526, -1.2090581617963243, 2.8996072301647597, -0.0004943008700522163]]
[[-1.8595662002094149, -0.08030812787071451, -4.918483492893807, -0.0381502136971556, -0.23178522617428426, 0.02243829720103095]]	[[0.07281899732133681, -0.5708528178816021, 0.19981588755370353, 1.2091298234601537, -2.8995843757521618, 0.0005117150067863402]]
[[-1.8635317676486227, -0.09475671127674767, -5.0032488239405835, -0.03870829457321005, -0.2298191289041307, 0.023299607482001303]]	[[0.07279440538325024, -0.570848495180352, 0.19977827397403072, 1.2089880991112807, -2.8996337455950485, 0.00037924993322873633]]
[[-1.8256210675665967, -0.08780436919122148, -5.093264254328225, -0.038657504487813604, -0.2297338104792334, 0.02293020836656367]]	[[0.07281111296239352, -0.57085425866625, 0.19979441963914157, 1.2090919688833484, -2.899589056430391, 0.0004354839587803941]]
[[-1.813953540888794, -0.06691320974942827, -5.194032482692212, -0.03815324250142706, -0.22940878293390948, 0.023364652060890227]]	[[0.07281241078236005, -0.5708610899732994, 0.1998017987675219, 1.2090177533498505, -2.8996057470226497, 0.0004923124834451186]]
[[-1.816030221272519, -0.08057659606471224, -5.268911205152374, -0.03769451405034187, -0.22782206589073706, 0.022677842575469048]]	[[0.0728372877543559, -0.5708669423413345, 0.1998339043655638, 1.2090896399220927, -2.8995855345123593, 0.0006243105696670796]]
[[-1.828938061781189, -0.10263692010950543, -5.336339281896156, -0.03809801914961275, -0.22633349189472246, 0.022828965432775638]]	[[0.0728021030285128, -0.5708567350503477, 0.19980233180883855, 1.208977459710592, -2.899610106773986, 0.00047185012764097874]]
[[-1.8127672606939047, -0.12626936879141237, -5.423935625109735, -0.03922414335599421, -0.22593180011551794, 0.022837648240928984]]	[[0.07280065380967723, -0.5708460628330004, 0.1997903411943592, 1.208986841383306, -2.8996325445122513, 0.00045401593533129494]]
[[-1.8030330889040225, -0.1320843434949348, -5.512321641414421, -0.03903754184564773, -0.22507605522675295, 0.022648424408104034]]	[[0.07280120204910287, -0.5708633131213195, 0.19978940257526692, 1.2090087956446536, -2.8996370536766576, 0.0004175806510161038]]
[[-1.8136464651488737, -0.14281947547584206, -5.592562817772358, -0.03936267056848834, -0.2234415962097679, 0.023014151204604576]]	[[0.07281295533871623, -0.5708453365051394, 0.19979285286308812, -1.2090143999718916, 2.899597702820436, -0.0004382140540419981]]
[[-1.8096582502746925, -0.1584039479873055, -5.670341064815695, -0.03951900949159712, -0.22220195057914732, 0.022926462150777527]]	[[0.07284192127198402, -0.5708637850080233, 0.19978752334381883, 1.209138121080806, -2.899556038566448, 0.0004728509030485684]]
[[-1.7816228802977054, -0.12535342567577235, -5.750484358494714, -0.03822703338438056, -0.22189750029313438, 0.022795603376518127]]	[[0.07280239680897378, -0.5708575598521322, 0.19978898479580048, 1.208977740478138, -2.8996108944580556, 0.0004343290144144174]]
[[-1.7731544975889038, -0.12752867114047417, -5.834667938016095, -0.03811736073857393, -0.22120142097743817, 0.022639252176956275]]	[[0.0728007398823925, -0.5708565110056019, 0.19977980385443111, 1.2089911625111973, -2.899592447264415, 0.000433425448689573]]
[[-1.752185745019045, -0.13013884807541076, -5.924491135266788, -0.03821264113384154, -0.22021453679221864, 0.022762241631393385]]	[[0.0728140615596148, -0.5708587263202355, 0.1997925533953797, 1.209026904300551, -2.899627829148296, 0.0004923492166888374]]
[[-1.6820433529045287, -0.12325277687045344, -6.0144218351650975, -0.03851584674419242, -0.2208972118904053, 0.022393592067048267]]	[[0.07281528915866467, -0.5708498023852157, 0.19976071750641378, 1.208983632899592, -2.899623187850647, 0.0003604758913079069]]
[[-1.664655294201188, -0.07950148894298836, -6.11150944286167, -0.03863334596449458, -0.22078554173664378, 0.02257370964877122]]	[[0.07279340964871046, -0.5708545957863458, 0.1997785972612542, -1.209035526456797, 2.8996018625280864, -0.000418387745733517]]
[[-1.692389495355017, -0.06737633104378071, -6.187851293499805, -0.03929995362488403, -0.21900527962473432, 0.022128339401552975]]	[[0.07280663643105734, -0.5708490213865016, 0.19977935599777025, 1.208995651236189, -2.8996031089467236, 0.0004523003273807587]]
[[-1.6945779802551402, -0.0989476958053026, -6.279789448597021, -0.04078068810143648, -0.21778343658303304, 0.02271546546392524]]	[[0.0728035159324162, -0.5708571681402548, 0.1997742914337004, 1.209000275890048, -2.8996144958206984, 0.00043420890455619574]]
[[-1.6999561319661773, -0.1076732575624515, -6.379034147303869, -0.04166465194912998, -0.21679679586576162, 0.023049475469041587]]	[[0.07279785982709489, -0.5708420824322159, 0.19975670427748884, 1.2090179054801227, -2.899609797900707, 0.0003226725267007629]]
[[-1.6774336645151693, -0.05138163248787486, -6.4626606170026175, -0.04120184641455793, -0.2163892641846069, 0.023233416195671486]]	[[0.07279697539055371, -0.5708484828059143, 0.1997426613497037, -1.2089351922581204, 2.899655156631044, -0.0003622828252097383]]
[[-1.6422143749580642, -0.049591084212489034, -6.554807235210215, -0.0425054076083831, -0.21556052095909067, 0.022727147661393984]]	[[0.07281851320665034, -0.570848111006142, 0.199752661869033, -1.2090570293698006, 2.89960480828127, -0.00037987259620229994]]
[[-1.6187351393986456, -0.0512166160077282, -6.631229271947017, -0.04402220436458891, -0.2148347147820831, 0.02345409892845564]]	[[0.07281893238289837, -0.5708527701311411, 0.1997652534596902, -1.2090451201113654, 2.8996229226994084, -0.0003795958952271585]]
[[-1.6003086801369713, -0.07467799374856843, -6.705277803894783, -0.04584079338364877, -0.21379308908651654, 0.023257435419728058]]	[[0.07281382384960294, -0.5708477078137034, 0.1997593291881148, -1.2090830716253531, 2.899568067953756, -0.00039985658536543725]]
[[-1.6303514686783325, -0.09488224322755445, -6.775360006671438, -0.04675034488622626, -0.2109930895267567, 0.02348096284080692]]	[[0.07279535156906598, -0.5708612187270771, 0.19977018371674254, 1.2089561500270005, -2.899607902953323, 0.0003965578792464273]]
[[-1.626080889784555, -0.10238381956805309, -6.859084056509001, -0.046684120186482325, -0.20952899058436136, 0.02307576521328748]]	[[0.07279823871015124, -0.5708532814055152, 0.19975409327705776, 1.208969385801267, -2.8995908451700476, 0.00033998066757202786]]
[[-1.6177373086860105, -0.12480842238973644, -6.946374682336405, -0.04773591732930724, -0.20817130153635985, 0.023233821608559715]]	[[0.0727920775726516, -0.5708490812195297, 0.19974149426417293, 1.208995838249087, -2.8996057216239794, 0.0003407653035054551]]
[[-1.579772055829352, -0.11373102235641308, -7.030446362008651, -0.047930348393193545, -0.2083125881711101, 0.023414889868225697]]	[[0.07281430724585408, -0.5708471847938773, 0.1997503024317648, 1.2090875057906216, -2.8995803717823865, 0.00034082658427312984]]
[[-1.5710858596264992, -0.14028250347586357, -7.120188232836853, -0.048580893437259576, -0.20679412542731238, 0.022818875618453305]]	[[0.07279344158451047, -0.5708425810475702, 0.19973537488753645, -1.2090086838481884, 2.8996366142480854, -0.00030446293489056104]]
[[-1.5412323876691474, -0.10534129500002132, -7.1959414431013595, -0.04765513915813448, -0.20572333201691273, 0.022715188045030296]]	[[0.07280129417196232, -0.5708513262449479, 0.19973150563433464, 1.2090352259406763, -2.899603096011977, 0.0003032124970705649]]
[[-1.5432006596745251, -0.09635322638490373, -7.282743959222419, -0.0473441575224742, -0.20424433641306727, 0.02296866086471861]]	[[0.07281428642996768, -0.5708437136197162, 0.19973897334591603, 1.2090919476350848, -2.8995910760621135, 0.0003603577543075384]]
[[-1.492278671862216, -0.08935346705175018, -7.371699050666643, -0.04780602366490454, -0.20396982522600496, 0.022100653338330053]]	[[0.07279957255409596, -0.5708466839537754, 0.1997403016405545, 1.2089141493922266, -2.899653127987465, 0.00032267691261604197]]
[[-1.4504873965046043, -0.08025651451038607, -7.463647247886463, -0.04778586044899208, -0.20304114183205568, 0.021716777695287983]]	[[0.07280247429917866, -0.5708414025491991, 0.199734214092415, 1.2089924800572833, -2.899595548005398, 0.00028362505310945886]]
[[-1.4792656789292207, -0.08369059393243472, -7.5476472733217985, -0.048281614927739636, -0.2000863274089223, 0.02229230334026325]]	[[0.07281101644133249, -0.5708438266572102, 0.19972578734187313, -1.2090341852780975, 2.8995988093801097, -0.00026942594592871855]]
[[-1.4031960842388642, -0.02640135904267893, -7.649594563805343, -0.047704578559800356, -0.19983623754836938, 0.022664253229440875]]	[[0.0728220766631859, -0.5708421449759167, 0.1997244399728545, -1.2090957226472512, 2.899600284601541, -0.00030483934069766095]]
[[-1.35428337963896, 0.023095811618799922, -7.7457632902537785, -0.04699876389624964, -0.19893432236525005, 0.022370903918611813]]	[[0.0728208470010564, -0.5708389691417555, 0.1996846832324459, -1.2090772451690424, 2.8996048270724657, -0.00017196890016731478]]
[[-1.2986857146236797, 0.03349767028945494, -7.842635743944507, -0.04712178694247679, -0.19791149207191133, 0.022332072172503586]]	[[0.07279333481745463, -0.5708490759356079, 0.199734822244988, 1.208983950744953, -2.8996240384928518, 0.00032267666281816546]]
[[-1.317580900337091, 0.03856535531538863, -7.9116285462357085, -0.04764553833651483, -0.19608120743460347, 0.022283461547760217]]	[[0.0728089023151828, -0.5708485033400972, 0.19970809159494002, 1.2090582068144544, -2.8996077913961624, 0.00024825860020379287]]
[[-1.277221281688353, 0.02853731793818992, -7.992278386556308, -0.048546373463734166, -0.19501459039226263, 0.02252898286225949]]	[[0.07282092750510269, -0.5708546120076774, 0.19973878298037623, -1.209056780946075, 2.8996044795641764, -0.0003621883472199586]]
[[-1.2535658684930544, 0.025756820481674714, -8.077307335823438, -0.049250681548783676, -0.19360455931701379, 0.02256453753497117]]	[[0.0728104821596912, -0.5708527475643482, 0.19970569895665646, 1.2090063225361598, -2.8996294547278003, 0.000246761221644935]]
[[-1.2334095781766417, 0.04468609103535348, -8.167678758105987, -0.049063245574987605, -0.1922213663242926, 0.02244879193161421]]	[[0.07280613750657522, -0.5708512235978989, 0.19973146150982146, 1.209044074337922, -2.899573595430037, 0.00030177609619500684]]
[[-1.1355076017231411, 0.056567452943046326, -8.255896599750084, -0.049325466280078556, -0.1930417344778117, 0.021906059176322684]]	[[0.07277446309734034, -0.5708524791054473, 0.1997144952154899, 1.2089709641446678, -2.8996437300146547, 0.0002662235545678298]]
[[-1.1359048063630586, 0.04070607945695737, -8.339049456269406, -0.049866894424927505, -0.1912838747132734, 0.021607018819808747]]	[[0.07280296344556855, -0.570849135198808, 0.19968662095001133, -1.2090419487558677, 2.8996196203696374, -0.0001732769388111155]]
[[-1.100698641964812, 0.04431582443826276, -8.424322369985378, -0.04979063703188688, -0.18984361316624548, 0.021714023007233633]]	[[0.07279321294173247, -0.5708488038926879, 0.1997055755735489, 1.2089843851380637, -2.8996252747399014, 0.0002659762800150519]]
[[-1.0459967435087854, 0.06705120235579765, -8.522202860686791, -0.04983251804179868, -0.1894161675771332, 0.02145665871020323]]	[[0.07279362829135541, -0.5708465731314751, 0.19969623104514914, 1.2090060069278115, -2.899630502193249, 0.00020933399563987574]]
[[-1.0526665406691569, 0.09249771986612154, -8.603838379477086, -0.050237769928142995, -0.18715404945416858, 0.021432536072694797]]	[[0.07279093139404055, -0.5708393293771121, 0.1996949151779175, 1.2089203533584012, -2.8996662325432245, 0.0002104593009165313]]
[[-1.0107024509594236, 0.12323959599912127, -8.684783330119531, -0.050237446454366425, -0.1859596042627402, 0.021236926859076452]]	[[0.07280515804248347, -0.570845334800209, 0.19969639386214175, 1.209032578976447, -2.8995948446763276, 0.00015268793252500671]]
[[-0.9383840633177719, 0.14201849128998856, -8.791252875153646, -0.05093045127819061, -0.18557677848801313, 0.021634018221786233]]	[[0.07280230810677116, -0.5708376489882145, 0.19967914834968686, 1.209066919925401, -2.8995798018914156, 0.00019049864330992033]]
[[-0.8806124713568813, 0.16864175267539638, -8.883485965366946, -0.05137083674046376, -0.18479162164072294, 0.021723498067483197]]	[[0.07281890142980847, -0.5708439064330214, 0.19969623423402633, 1.2091012693486345, -2.8995649650631807, 0.00020808558795916172]]
[[-0.8471462587079059, 0.17323401204277683, -8.939975219055587, -0.0516434864891064, -0.1829410454584896, 0.02160388246438075]]	[[0.07280016248979268, -0.5708285043800526, 0.1996906377880916, 1.209037177144507, -2.899605537837657, 0.00017128412312251767]]
[[-0.8726182124852078, 0.13738354221872245, -9.012446962157295, -0.05280781236364385, -0.1797595911242555, 0.022058000564090262]]	[[0.07279129479305108, -0.570850488285928, 0.19969197112989925, 1.2089921340711078, -2.8995971443765867, 0.00022655058934493205]]
[[-0.8360602912002786, 0.13324542346585044, -9.111046535479531, -0.053344957651497, -0.17836060878122412, 0.022531195292294776]]	[[0.0728258239520613, -0.5708366270894615, 0.19966796711786278, 1.2091110294722394, -2.899588543931484, 0.00013485473220677092]]
[[-0.7975575482098543, 0.1693381200324791, -9.209754267940436, -0.052686879864802395, -0.17641223208667892, 0.02288184609721421]]	[[0.07280176360426918, -0.570836257028636, 0.19966342600958692, 1.2090675172744474, -2.899581309463947, 0.0001156412233515335]]
[[-0.7091565121126355, 0.20071242446496163, -9.299522409830443, -0.05243986807496089, -0.1759179844033649, 0.02258512587640019]]	[[0.07279224874175869, -0.5708463052329782, 0.19967365660439598, 1.2089851463837937, -2.8996272579551867, 0.00017072308298270395]]
[[-0.6654487663621534, 0.22710793108932523, -9.394706993975474, -0.05218550810317769, -0.17468892516699117, 0.0222191385311572]]	[[0.07280656548255393, -0.5708456843247397, 0.19967489484894485, 1.20903683474365, -2.8996052736279396, 0.00018962536023476892]]
[[-0.6602721207486772, 0.22241893835269214, -9.46039257907036, -0.05269985329727721, -0.17227657669154162, 0.02265873728777643]]	[[0.07281666301229228, -0.5708412785409169, 0.1996849091413554, 1.2090965784493974, -2.8995536487874207, 0.00022692883577187265]]
[[-0.6657820899055853, 0.2155315365282102, -9.552298645894409, -0.05360033071731643, -0.1700256011064856, 0.022641322913033186]]	[[0.07279973196900594, -0.5708438592730685, 0.19966484591281516, 1.2089717344304998, -2.8996457851952266, 0.00017247298100851404]]
[[-0.6688855107862273, 0.18997498801253904, -9.617707315320926, -0.05451510997500424, -0.16728476817770965, 0.02307458532053778]]	[[0.07281447758084955, -0.5708375067172212, 0.1996679639237402, -1.2090202596629984, 2.8996142596408254, -0.00013612557484239316]]
[[-0.5889414816409825, 0.19133201862386826, -9.69332880480782, -0.05527032313388302, -0.1659205272956128, 0.02269527840447857]]	[[0.07279415568623653, -0.5708391514651413, 0.19966556638850896, 1.209045120512225, -2.8995781639909115, 9.517746860506831e-05]]
[[-0.5621783669279441, 0.17447405997111326, -9.763240944163043, -0.056469966333998034, -0.1633848987869619, 0.02278518096848354]]	[[0.07279695228499718, -0.5708431929659834, 0.19967035207969652, 1.2089799123366174, -2.8996165411060253, 0.00017103663380290944]]
[[-0.5242007353649298, 0.14270240953974242, -9.825672726139958, -0.05787417276240811, -0.16095282494867083, 0.02268587096374912]]	[[0.07279581279172043, -0.5708367867838983, 0.19964875734781817, 1.2090029426389528, -2.8996212266299937, 0.00011589510242743229]]
[[-0.5488624756202949, 0.11524908882211218, -9.896630025492414, -0.05893433524562809, -0.15693053797853163, 0.023406389408930944]]	[[0.07278789623147686, -0.5708380688071301, 0.19964875299479903, 1.2089631230724005, -2.899624922935647, 0.00011517760976024774]]
[[-0.5080230593448999, 0.12501466063291283, -9.974533191726254, -0.059293160892922074, -0.154785451312004, 0.022917671163467504]]	[[0.07280781297427198, -0.5708423060343446, 0.19965037762335627, -1.2090075198802432, 2.899632510244411, -0.00011685962977970702]]
[[-0.4778218759529938, 0.1591942518493648, -10.042497716228054, -0.05879976083507102, -0.15257982348679128, 0.02273032572919194]]	[[0.07280554173329681, -0.5708374261301215, 0.1996566663708722, 1.2090362393567966, -2.8995548296112137, 0.0001509219042274378]]
[[-0.45366332265543763, 0.116806294627887, -10.106238390741694, -0.059713581859017345, -0.15044283346064458, 0.022334229901381928]]	[[0.07281599438975793, -0.5708395919052945, 0.19963236360903305, 1.209046296513233, -2.899577394256217, 0.00011474509249472149]]
[[-0.4539977588614339, 0.08550944466898427, -10.16197915324004, -0.06050734963872437, -0.14760934913734441, 0.022165280392380415]]	[[0.07280949834319189, -0.5708446693294719, 0.19965160031285617, 1.2090062983360277, -2.8995806321894566, 0.00013283109403717359]]
[[-0.425925310532631, 0.07922345832993344, -10.205277484352477, -0.060305435393848986, -0.14574859253104547, 0.022425838146537903]]	[[0.07281555115295561, -0.570854125614742, 0.19964224368031633, 1.2089980232858437, -2.899609901031982, 0.00013407872329929338]]
[[-0.4080806107447371, 0.09906776569735842, -10.246713553243854, -0.05822074430711664, -0.14316477588532278, 0.021408832166982843]]	[[0.07279442038391593, -0.570836482552135, 0.19964086806377296, 1.20901527358647, -2.8996040643977805, 7.737426472735833e-05]]
[[-0.39835523587954025, 0.05727130307961145, -10.251057618133082, -0.05528244129846949, -0.13961376518612395, 0.022149717087907972]]	[[0.07279303707121468, -0.5708328037078475, 0.19962932242922155, 1.209068146663167, -2.899582938962993, 3.938485233297592e-05]]
[[-0.3871011848063652, -0.010789482131140227, -10.299632602306206, -0.053492160405988656, -0.13775086891700875, 0.021412820946513488]]	[[0.07279395638184881, -0.5708284396266937, 0.19962459235160557, 1.209024471587054, -2.8996261692279734, 7.825357648927816e-05]]
[[-0.3593697328465744, -0.03275110817107865, -10.389031112831285, -0.05185293328231322, -0.13716873951174913, 0.0220291816776068]]	[[0.07279875891233852, -0.5708379180406812, 0.1996366458455927, -1.2089893837885823, 2.899639571816689, -9.852304060707818e-05]]
[[-0.27977470440663227, -0.07260826353395844, -10.453947332493685, -0.0523948973232018, -0.1356019569266203, 0.020777949927981893]]	[[0.07281392015720621, -0.5708375088388636, 0.1996154521342509, 1.2090424894066396, -2.899568253870526, 2.054969121515071e-05]]
[[-0.25797698089690646, -0.003988637904019321, -10.523688743685051, -0.05204006569968533, -0.1327608333094444, 0.021929844502310513]]	[[0.07282137648111135, -0.5708315391243787, 0.19963172787659034, 1.2090685174403477, -2.899581921776386, 7.719111465136162e-05]]
[[-0.1793329541119782, 0.04924506810687061, -10.597258262083255, -0.051453041187829986, -0.13150226097672818, 0.02075535715748909]]	[[0.07279793311499212, -0.5708358060995022, 0.19961303876557535, -1.2090575386565177, 2.8996085192713688, 1.4138101820176946e-05]]
[[-0.12250572339025226, 0.053981398919894556, -10.65815079861198, -0.0511586386862936, -0.13032154492273246, 0.020477515362790546]]	[[0.07279195955067223, -0.5708388696042914, 0.19963011119269697, -1.209023330559759, 2.899623729290947, -2.40368944739702e-05]]
[[-0.08105197694660607, -0.00402401744523008, -10.716087393708559, -0.051219758146723415, -0.12898377737663605, 0.019427779525786608]]	[[0.0727794642999954, -0.5708414363120803, 0.19962265605649, 1.2089891075445998, -2.899590026636095, 4.075712242452895e-05]]
[[-0.05919267050001996, 0.024840308482256167, -10.754901177812679, -0.05007381949932466, -0.12696601215887116, 0.019618432630497066]]	[[0.0728134905790286, -0.5708384641365554, 0.19961835935891847, -1.2090588277780114, 2.8996097358148942, -6.259321773031494e-05]]
[[-0.047209232582257905, 0.0024312353555054726, -10.81420084310104, -0.051189387528210784, -0.12379018159864666, 0.018895811073588977]]	[[0.0727852354206663, -0.5708310636515134, 0.19960530152807937, 1.2089297776904664, -2.899642382150573, -3.322295561619751e-05]]
[[0.009895138468622505, 0.018283645018153254, -10.859641947005214, -0.0513653394618208, -0.12079038073787132, 0.019222430051519253]]	[[0.07281124127557004, -0.5708358213024456, 0.1996295867278824, 1.2090943197996873, -2.899597324209198, 6.27162113458557e-05]]
[[0.11473752961258482, 0.05687294764736839, -10.888579386699295, -0.05034326172372162, -0.12033508738980592, 0.019578224772104944]]	[[0.07279440243662917, -0.5708330882240874, 0.19960884871362583, 1.2090202778611652, -2.8996162708626394, 2.3731912956583908e-05]]
[[0.1453733572037541, 0.07220753243351498, -10.88540288740652, -0.04923750255029339, -0.11968740247188428, 0.019803840188471995]]	[[0.07277637413574824, -0.5708508920438181, 0.19961324539990508, -1.2089328233477294, 2.8996484373475244, -4.433906767637059e-05]]
[[0.14861674463663355, 0.040055090529180305, -10.873426652447895, -0.04917335191905231, -0.11856110097932343, 0.020141279246259542]]	[[0.07279392898763551, -0.5708353055022405, 0.1995896151648076, 1.2089645835628533, -2.899628788160141, -7.196123914369802e-05]]
[[0.1606432471919041, 0.09217255143309644, -10.85689281005765, -0.04728094359090687, -0.11794105005154228, 0.020775494917975874]]	[[0.07278636123415612, -0.5708306158599681, 0.1996266197370176, 1.2089683237500357, -2.8996374289756845, 4.300532952569745e-05]]
[[0.13264408590270188, 0.11391577073388072, -10.832127611238052, -0.04777928954857039, -0.1157246710400241, 0.021273732097486692]]	[[0.07280068458151956, -0.5708334298236528, 0.1996391441916101, 1.2089989857709358, -2.899611669064993, 4.172305908306657e-05]]
[[0.08651111047091742, 0.12072784825654945, -10.83980393790808, -0.049887458702926664, -0.11210130440025878, 0.02163790386337815]]	[[0.07279893070020915, -0.5708234195561539, 0.19960475116690432, 1.2090506752559962, -2.899540703625285, -7.382558641801393e-05]]
[[0.09719020989659094, 0.18507246014876433, -10.858306020663758, -0.0496589159971441, -0.11106028593896124, 0.02167697088635367]]	[[0.07278806515407694, -0.5708318813696182, 0.19960753749162008, 1.2089736034323846, -2.899650339083631, -5.134833944120653e-05]]
[[0.0959080077686228, 0.20006532883285053, -10.856078540837595, -0.048920708552117304, -0.1093625895006155, 0.02134530652698251]]	[[0.07278726986938229, -0.5708398381148707, 0.19962944885848463, 1.2089416788309515, -2.899622254832681, 6.0377582599129064e-05]]
[[0.0742751857872225, 0.18817161973330146, -10.840167068394484, -0.048369067824631316, -0.10733640997193489, 0.021720891872425895]]	[[0.07282663375047024, -0.5708265130551725, 0.1996345118165015, 1.2090858277236975, -2.8995746523430586, 7.97182267319464e-05]]
[[0.10437598439047333, 0.13557631505282622, -10.8536620822116, -0.04871259837103849, -0.1062754686955593, 0.021291212563609094]]	[[0.072793680920477, -0.570828375733707, 0.19961625545221243, 1.2090326112388965, -2.899546064731699, 2.030730019534731e-05]]
[[0.10839563998668801, 0.11386753783732641, -10.861464970392971, -0.04847927459446191, -0.10450660798675845, 0.021522258053301716]]	[[0.07277067415438021, -0.5708301904422126, 0.19961625479365835, 1.2089639368628498, -2.8996268467433417, 2.291976476432526e-05]]
[[0.13631653343262357, 0.09437662785482806, -10.834619590840987, -0.047649398952469, -0.10429968179267518, 0.02210483864321987]]	[[0.07281689550616027, -0.5708163008477312, 0.1995865277669267, 1.209091421718705, -2.8995901380796325, -0.00012738707196849306]]
[[0.21715264108705737, 0.13242168908428067, -10.830946026648798, -0.045749186419675555, -0.10477120702027234, 0.021948635480220618]]	[[0.07279276500134832, -0.5708286907682778, 0.1996107738196008, 1.2089857625529143, -2.8996306764614213, 2.3545560992486117e-05]]
[[0.2631742141432946, 0.14156775707812808, -10.83868230123729, -0.043910250964434565, -0.10453227927020675, 0.02185730548631278]]	[[0.07278082172458489, -0.570831500033787, 0.19961997743324844, 1.2090075917402432, -2.8996344149077773, 2.482127946834639e-05]]
[[0.2940070705040176, 0.10137831689341674, -10.851325419486503, -0.04320423038569732, -0.1040764005771306, 0.02192089266165612]]	[[0.07280730742984379, -0.5708443463996284, 0.1996455872230501, 1.2090073911511163, -2.8996322135698613, 0.0001184830823562816]]
[[0.2839721117220151, 0.0922121272167388, -10.863866315783396, -0.04355411510875602, -0.10218272567006302, 0.021779232072568967]]	[[0.07279683592006095, -0.5708328588836432, 0.19960997069622857, -1.2089711421586602, 2.899644539236545, 1.3014098274348058e-05]]
[[0.2514692719121252, 0.08307510223811738, -10.890128120718375, -0.04529840772728349, -0.09941446441091226, 0.022346124046522094]]	[[0.07278343602052749, -0.5708262133316843, 0.19961384942915017, 1.208982232391721, -2.899620082796225, -1.4883595653369817e-05]]
[[0.21778609223636947, 0.07468211232034727, -10.893596005212567, -0.04686181257135155, -0.09669620858070956, 0.022170140337707922]]	[[0.07280463566052725, -0.5708406414093843, 0.19962648339118574, 1.20898616673417, -2.8996299314481977, 4.3283869324217726e-05]]
[[0.24961412626976354, 0.08141386597400525, -10.915963149914818, -0.047700345390235724, -0.09546239398112119, 0.022152573640558296]]	[[0.07282376930207102, -0.5708311821370123, 0.19962571219631464, 1.2091289250464077, -2.899582954309624, 6.150148963588428e-05]]
[[0.2679561476841474, 0.13673485177277295, -10.929450964791213, -0.04666368739749328, -0.09458282662997355, 0.021565417289446408]]	[[0.07281084982404618, -0.570832626461118, 0.19963119969943371, 1.2091068207205757, -2.8995276070086, 5.8381144656555576e-05]]
[[0.2711492411052755, 0.13996407382532866, -10.946993605848096, -0.0470348025150463, -0.09260118342394644, 0.021854007226526688]]	[[0.07277898967552221, -0.5708299612044542, 0.19963210476407833, 1.209002913376017, -2.899622995844907, 4.253580075729485e-05]]
[[0.2945463892073645, 0.18052490775999155, -10.948719095964218, -0.04627549941055338, -0.09205053118850806, 0.021996310681641002]]	[[0.07280766803456494, -0.5708330613394117, 0.1996178543329868, 1.2090343740450993, -2.899597439813233, 2.2825677709183456e-05]]
[[0.23870287176351518, 0.16067074873828124, -10.933482366629708, -0.047115691214333746, -0.08985225227248872, 0.021961387347903073]]	[[0.07279585798570429, -0.5708335788649455, 0.19962452138636724, 1.2090592604637824, -2.8996124306803526, 4.278623894451696e-05]]
[[0.27076280172567835, 0.2081086045351112, -10.937856051291284, -0.046549280729425144, -0.08972918737127655, 0.02157351122000825]]	[[0.07277720139950107, -0.5708286818334014, 0.19960182967106366, 1.2090166701157992, -2.899607438007262, -8.946308764136563e-05]]
[[0.3250537699030987, 0.20930417539764137, -10.939889601043793, -0.04662584336743647, -0.08978818926752048, 0.022325672857145814]]	[[0.07280255590555947, -0.5708384744971331, 0.1996161066495054, 1.2090336258915426, -2.899597723318527, 2.357320502172709e-05]]
[[0.3398732048465405, 0.24394968563048147, -10.91469187651861, -0.044366058098364254, -0.09039573853221272, 0.022428590313769856]]	[[0.07278235142001979, -0.5708369823264162, 0.1996245311873524, 1.2089107224896805, -2.8995963971077656, 3.902094123059364e-05]]
[[0.37316518432276224, 0.2353475029905741, -10.860266207855773, -0.04333519911318154, -0.09092470528728702, 0.022399433600138453]]	[[0.07277876171387579, -0.5708328020663316, 0.19962092841443038, 1.2089469169270746, -2.899634747716321, -1.498027071704077e-05]]
[[0.3658251509356208, 0.1935830421314762, -10.848674891276444, -0.043605959913730445, -0.08993301674494138, 0.022425914559208875]]	[[0.07280831320085848, -0.5708279942071659, 0.19961997743324844, 1.2090601325401136, -2.8996125079091644, 2.4821433798277646e-05]]
[[0.3911321424671812, 0.16883466031899125, -10.857608935461373, -0.04353843513084403, -0.08924392979590008, 0.021790661041936193]]	[[0.07278938216972858, -0.5708454932702123, 0.19962889206015308, 1.2089767201149217, -2.899607187897301, 7.983966201358889e-05]]
[[0.38559209844444764, 0.13673807151634867, -10.86011356703979, -0.04401843070136109, -0.08803926886351562, 0.02261478443999354]]	[[0.07281394098205282, -0.5708408902226623, 0.19964104519656634, 1.2090538894754361, -2.899548725426348, 9.730632496565765e-05]]
[[0.36495238167449473, 0.12441494351741629, -10.850795980980156, -0.04451452069298825, -0.08746214435069974, 0.02222644282432113]]	[[0.07280434152290578, -0.5708343264668313, 0.19961786517527352, 1.2090718422886562, -2.899543088262571, 2.104742710570523e-05]]
[[0.37715519156560795, 0.12020227726327717, -10.870907713143382, -0.04513967720973794, -0.08676223147280165, 0.022134554936246196]]	[[0.0727858609104612, -0.5708327607409384, 0.19960758801142764, 1.2090163272676675, -2.8996067044983396, -5.240853413011239e-05]]
[[0.3976881311189374, 0.1541045632679944, -10.878432856043743, -0.04541042033027036, -0.08657127238883136, 0.021632337701998173]]	[[0.07279621154720729, -0.5708249409079489, 0.19960731071656773, 1.208995535600179, -2.8996033181895635, -9.008537612131807e-05]]
[[0.3835538210026856, 0.18174769034544802, -10.856095427702828, -0.04542073582060918, -0.08612697920827055, 0.02198321383141338]]	[[0.07279316388890895, -0.5708264127963955, 0.19961638131407933, 1.2090253542940705, -2.899628300579563, -3.1698109669846386e-05]]
[[0.3815248186355916, 0.16687321456065535, -10.874225470725934, -0.04692568771834455, -0.08429206038494924, 0.021464857730613126]]	[[0.07278666209300833, -0.5708314598274189, 0.19961330287334467, 1.2089686028754745, -2.899638213778387, 5.3902695560112045e-06]]
[[0.3876400807287581, 0.16560924729173304, -10.877007939473994, -0.04730961224749439, -0.08255828290851423, 0.021155707507883943]]	[[0.07280263559536897, -0.570831905640483, 0.19963129754513254, 1.2090263847767693, -2.8996269440507674, 5.260098929442207e-06]]
[[0.38925987927248373, 0.19121128871722198, -10.875352626509589, -0.04668753891738129, -0.08087459608185629, 0.02144851595198531]]	[[0.07281117667720745, -0.5708166144944389, 0.1996077211016261, 1.2090615358659766, -2.8996137410031597, -5.2000647037308135e-05]]
[[0.4309333232145345, 0.18943500203126779, -10.876501303114356, -0.04722221671061945, -0.08022816590432395, 0.02085854302993053]]	[[0.0727655589026876, -0.570832282879286, 0.19961184538270588, 1.2089519394844235, -2.899646876904276, -7.096907730413304e-05]]
[[0.448945481916602, 0.19067640190964108, -10.868444388954902, -0.04698675280569334, -0.07861995605301851, 0.020660734124438758]]	[[0.07280925949627443, -0.5708249570099783, 0.1996295923780025, 1.2090589233542526, -2.8995605298508877, 5.900853083994094e-05]]
[[0.47655122365500346, 0.17152429218313686, -10.8730332745529, -0.04700290544370771, -0.0776643427553739, 0.02038100303696541]]	[[0.07279040213165777, -0.5708291953405098, 0.1996109067067003, 1.2089950561704368, -2.899602228732257, -3.356720348693415e-05]]
[[0.4928432861866874, 0.15663584484638304, -10.869380516192141, -0.04628440689538544, -0.07681352991860874, 0.01971425445998045]]	[[0.07278651700915122, -0.570831052197391, 0.19961997902026046, 1.209037595465143, -2.899608996105185, 2.4197182080511427e-05]]
[[0.4547325940447933, 0.14173160824469183, -10.856327136140022, -0.04573483760459165, -0.07504798270215939, 0.019907177747196393]]	[[0.07278608893226805, -0.5708299201257022, 0.1996187644225395, 1.2089865996702291, -2.8996306957037614, 5.108366626847815e-06]]
[[0.4591727860200574, 0.12385056326363314, -10.849539784337663, -0.04551683963179194, -0.07484193323293507, 0.01947079361749423]]	[[0.07278013183245959, -0.57083302970554, 0.19962116981662614, 1.2090028703830689, -2.8996230469270703, 4.291218631206697e-05]]
[[0.46548955983924156, 0.08434999370095303, -10.846301036839588, -0.04577856809831007, -0.07462377578363341, 0.01936896330656647]]	[[0.07280334882731178, -0.5708370976556484, 0.19965064736014432, 1.2090373342055134, -2.8996064126616603, 0.0001364814181164359]]
[[0.42042271837361145, 0.1100757946343674, -10.851126128829996, -0.04421569895872153, -0.07298079196299051, 0.019581935282302045]]	[[0.07278793285623224, -0.5708315079868856, 0.19961425502734134, 1.2090605701860109, -2.899613625670344, -3.244722245071309e-05]]
[[0.35628744179780714, 0.08955457202696543, -10.846324877543244, -0.044345188129797604, -0.0706978789588893, 0.019945321747755637]]	[[0.07282378282171495, -0.5708346856045391, 0.19962288722845234, 1.209090344201521, -2.8995877839041833, -1.3235430702430228e-05]]
[[0.37040127776613213, 0.08691997953580599, -10.852033219729412, -0.045011955036057365, -0.0698374200885574, 0.01979973815767669]]	[[0.0727884312726763, -0.5708272656280242, 0.1996297280320911, 1.209006827255023, -2.899583494626586, 3.2354176669629743e-06]]
[[0.33864647161118644, 0.12050285882511078, -10.834493630090599, -0.04453414322353304, -0.06895378350091277, 0.020651380221032665]]	[[0.07280003163505444, -0.5708351293470063, 0.19961918240240517, 1.2090294044242034, -2.899587417908221, -1.4855423326395352e-05]]
[[0.37751495833792054, 0.1694136838675699, -10.834629075538688, -0.04456769032058221, -0.06918377327943014, 0.020193921615873796]]	[[0.0727858757888908, -0.5708328728878025, 0.19958608415680817, 1.2089996296459404, -2.8996154684039483, -0.00012857492955914258]]
[[0.3606920219555197, 0.16648636957869084, -10.82267920262738, -0.04554572139011543, -0.06771507419437259, 0.020491073672743193]]	[[0.07279917959758493, -0.5708328762551409, 0.19961676518730026, 1.2090297270060526, -2.8995881509615837, -5.284658455506562e-05]]
[[0.3328359909708143, 0.15306908786084739, -10.827449422474505, -0.046509832718704305, -0.06605379677018547, 0.021754693585205476]]	[[0.07277685181172659, -0.5708345801346094, 0.19958608740142006, 1.2089566318875207, -2.8996075791909512, -0.00012982141616384044]]
[[0.37569493016472877, 0.1640808482974339, -10.799642458145703, -0.0470278375911049, -0.06633225226313005, 0.021757707518800663]]	[[0.07278918785955919, -0.5708327338593525, 0.19961425715018005, 1.2090025025176445, -2.8995732967603765, -3.565815686857804e-05]]
[[0.3645484565322853, 0.18047338423267506, -10.789507932665966, -0.04694209523083375, -0.06542670115906078, 0.021814078725102527]]	[[0.07280218835456972, -0.5708320968946109, 0.19962211984056477, 1.209016124540213, -2.8995533160594102, 1.1237971436261656e-06]]
[[0.3289639036889908, 0.13190868617105161, -10.764603746729348, -0.04828020145114496, -0.06442704110649644, 0.021577672484898596]]	[[0.07279917831640839, -0.5708328038052314, 0.19962331157835245, 1.2090125516615395, -2.899593618001334, 2.1826619143344745e-05]]
[[0.3031529118334337, 0.10598159096473694, -10.767682921033137, -0.048969299684912676, -0.06365616235781069, 0.021645453515685264]]	[[0.07279693250440945, -0.570826841128494, 0.19962402796421513, 1.209013207255002, -2.899595033433537, -5.303385785003369e-05]]
[[0.2889103658439172, 0.10681329014639818, -10.774349223362975, -0.04937153808546244, -0.06292595761198541, 0.021434100879568856]]	[[0.07281387469860384, -0.5708272402885938, 0.19960542406008805, 1.2091258325356837, -2.899573536224023, -3.2319537068400894e-05]]
[[0.29530740301688707, 0.08519884125595963, -10.757518577785946, -0.04997550405174802, -0.062379712815426924, 0.0206203802791199]]	[[0.07278340944702233, -0.5708194109345983, 0.19961456266683975, 1.2090258860985486, -2.8996293874191714, -8.84979381928096e-05]]
[[0.2860661103029066, 0.04106683903177073, -10.747512703578131, -0.05063208628599235, -0.06147255307356522, 0.021225320948843895]]	[[0.07281908829663308, -0.5708308696502556, 0.1996258506103099, -1.2090543606081932, 2.8995969342795, -7.093835237334616e-06]]
[[0.35937732998192917, 0.03441704505480642, -10.744548577968143, -0.05053146047602284, -0.061839956862238324, 0.019780947019136567]]	[[0.07279945053080265, -0.5708301697659451, 0.1996209343682313, 1.209051305697735, -2.899591220484389, -1.4886684877367142e-05]]
[[0.39942231335924616, 0.02020004679889123, -10.735066053107454, -0.05043060209254001, -0.061771329867000485, 0.019705452040984766]]	[[0.07277285468046005, -0.5708306893365177, 0.19961639706866627, 1.2089805153825934, -2.8995690273304913, -3.537247765647166e-05]]
[[0.3774434029866449, 0.019519916605624826, -10.714372229955535, -0.05031187317982345, -0.06050348520686611, 0.020281977888630752]]	[[0.07281333266463352, -0.5708291305267098, 0.19962879534340122, 1.2090682907403305, -2.8995832621425626, 2.254289225477327e-05]]
[[0.3907083393889193, 0.03156012861424359, -10.709443145503268, -0.05091333852423019, -0.06007179791583184, 0.020525421237266094]]	[[0.0728063172306515, -0.570819269567087, 0.1996248033558697, -1.209058402918955, 2.899608177226515, 1.3015060122736523e-05]]
[[0.43564291591092774, 0.04372130573322899, -10.709592972263328, -0.05119217804917454, -0.06044081331728006, 0.02007897736691755]]	[[0.07278879053880767, -0.5708371753786013, 0.19962037590752235, 1.2089865202744268, -2.899630685952731, 5.199879325910825e-06]]
[[0.4331919023368905, 0.0026617052494869176, -10.676125935452076, -0.05166177040296794, -0.05928963337236704, 0.020284081724102274]]	[[0.07280577464528085, -0.5708212125406336, 0.19961932559458634, 1.209060509031092, -2.8996132406858774, -1.3637482936084565e-05]]
[[0.41215503216878546, 0.0009215288624901674, -10.67905464872587, -0.05062405228416867, -0.05830141661356092, 0.0199096148457647]]	[[0.07279956501767389, -0.57082709469193, 0.1996251976253805, 1.208986917475022, -2.8996313908890823, -3.335292359576339e-05]]
[[0.4178708852160955, 0.03354050656963625, -10.686052417112288, -0.04970289262377618, -0.05805823455902716, 0.01996475074847589]]	[[0.07280787666891225, -0.5708247472458314, 0.19961518079012386, 1.2090552442295546, -2.8995517276571094, -5.380921482738995e-05]]
[[0.4373572643373927, 0.0016832736198484632, -10.672439033102647, -0.05037171052250759, -0.058314556103942664, 0.020303796425810827]]	[[0.0728063796452659, -0.5708263069806255, 0.19959637838797661, 1.209073747778854, -2.899596555279583, -8.836985597742333e-05]]
[[0.46600062812561677, -0.003118692335563722, -10.66253167270933, -0.05061968204450362, -0.0583038625367072, 0.01987262898313936]]	[[0.07279081309372719, -0.5708269520771734, 0.19960183562458308, 1.209033951912431, -2.899600228909045, -8.936880268872586e-05]]
[[0.43198098897213644, 0.013232461436539888, -10.654222934368484, -0.04970023554104452, -0.05616939553034098, 0.019796039934775314]]	[[0.07277386115940775, -0.5708286014745634, 0.19961638569493437, -1.2089883622857436, 2.899636960288113, 3.098056228358443e-05]]
[[0.47787649919322145, -0.006462734283088856, -10.661847936245174, -0.049240739247355544, -0.056135822986836656, 0.01949367770478914]]	[[0.07280285862470177, -0.5708426677307034, 0.1996353253465279, 1.2090288878077469, -2.899586265722144, 4.137855792617506e-05]]
[[0.45323678313871785, -0.005606206779384754, -10.6393133175497, -0.04768268287694285, -0.05561317916574922, 0.019324782906303854]]	[[0.07279522811802443, -0.5708421549267206, 0.19961957929939073, 1.2089949212816014, -2.8996021891105213, -3.3853087960458994e-05]]
[[0.46150212611661456, 0.01026989445046797, -10.640952213598878, -0.046737299350330504, -0.055145795407572945, 0.019211226244878282]]	[[0.07277492864754385, -0.5708449977428203, 0.1996264985158275, 1.208993631364794, -2.899600996326096, 4.2220983598184955e-05]]
[[0.4613425700086789, 0.018435892187963293, -10.64311084380979, -0.04692356948189725, -0.054891670983494276, 0.019571868088045414]]	[[0.07277833783673669, -0.5708316810608104, 0.19961972575389214, 1.2089650518886748, -2.8996276185567336, -3.388260560213256e-05]]
[[0.4554481246340718, 0.011968050594919566, -10.640686430895869, -0.047191745860378546, -0.05398241881031386, 0.020003599135582178]]	[[0.07280026769428334, -0.5708289288728194, 0.1996342791031721, 1.209055589476722, -2.899601443582475, 2.3258337697925792e-05]]
[[0.48091051863303125, -0.03176831502415692, -10.63193316113296, -0.04805784119305017, -0.054143407818425665, 0.020500267463333246]]	[[0.07279473090150734, -0.570823738517982, 0.19960731462652595, -1.2090349458504137, 2.899602800918226, 8.675651140585433e-05]]
[[0.4951219551221684, -0.03478644663782518, -10.641742304297043, -0.0480834698363167, -0.05435602705827803, 0.019748787036599928]]	[[0.07279669629549457, -0.5708325347690274, 0.19961011239717613, -1.2090225515265989, 2.899621862981714, 6.869266988080416e-05]]
[[0.47209850843249146, -0.0388277484554819, -10.635163970490536, -0.048666786615896594, -0.05434123178106589, 0.02012393403854031]]	[[0.07277627623954805, -0.5708350543400457, 0.19961664688251657, -1.2089367562365607, 2.8996593263457844, -5.793785261728618e-06]]
[[0.4769370296013855, -0.014370735620595931, -10.641733487495852, -0.0486529490221144, -0.05475480944007321, 0.019808031666731354]]	[[0.07278718045527097, -0.5708308958068907, 0.19960425344152793, 1.2089979165936695, -2.8995622383373023, -5.398937654038507e-05]]
[[0.48389521381751555, 0.040011468739077904, -10.65680606252815, -0.04829423871059893, -0.05446733564106375, 0.019037187194790937]]	[[0.07278117740016306, -0.5708168712792652, 0.1995819960546275, 1.2089879030158428, -2.8996337390091487, -0.00014516532930225335]]
[[0.4790458057851301, 0.08062801619177473, -10.67138272225708, -0.047751585289528754, -0.05433729293837008, 0.01936307768455503]]	[[0.07279856563371549, -0.5708210831703716, 0.19959691599118007, 1.2090273694329665, -2.899629263323101, -0.00010749022530037683]]
[[0.4616630953080568, 0.09273543423750447, -10.65539730961072, -0.047441713696150245, -0.0536618970853026, 0.018934508234960425]]	[[0.07277421452261038, -0.5708430611644247, 0.19963864835056316, 1.2089589460846186, -2.8996149885631746, 6.093447862154716e-05]]
[[0.4419136856930834, 0.09582565427600181, -10.634890801392855, -0.04728292391353663, -0.05308164822885258, 0.019656667520910626]]	[[0.07278669368696712, -0.5708316329221532, 0.19959971358327516, 1.2090039051515475, -2.89962567194191, -8.940089899096497e-05]]
[[0.4722211832491472, 0.1114775221669661, -10.639678702873638, -0.0470936390304072, -0.05283915887368068, 0.01933641855892876]]	[[0.07278279819740609, -0.5708313694108372, 0.19960519791370274, 1.2090248057336086, -2.899578211600534, -9.127298255506033e-05]]
[[0.48402005547109905, 0.1563622231111907, -10.643454367107966, -0.04655622462639594, -0.05299931591739776, 0.019032116485014794]]	[[0.07279283729767146, -0.5708261448930201, 0.19961386199547101, 1.2090502141455597, -2.899539584436122, -1.730981018109823e-05]]
[[0.49709344054481447, 0.15263320843248646, -10.63411000410576, -0.0468548683116143, -0.052181646973038315, 0.018280159339389743]]	[[0.07281350629657901, -0.5708364111283423, 0.1996295742720285, 1.208990101942974, -2.899590403757424, 3.797603080820608e-06]]
[[0.4762774505276236, 0.11717050137315577, -10.601331539166605, -0.047562186131276246, -0.050903208574506933, 0.018329441726461098]]	[[0.07280057004740328, -0.5708331752832512, 0.19962464836314123, 1.2090339882530836, -2.899598398557768, -1.4420170710685092e-05]]
[[0.536802109826201, 0.14240610127089703, -10.600276659649175, -0.04698920478033146, -0.05181740403292643, 0.017946915335475207]]	[[0.07278720854679724, -0.5708274368361429, 0.1996005200134654, 1.209037263703499, -2.899559306382769, -5.4089174939484336e-05]]
[[0.5391426322918811, 0.13513039478447633, -10.597367082367537, -0.04726660067421108, -0.05123612888688457, 0.017690697222798608]]	[[0.07277041150570068, -0.5708329191730133, 0.1996121093679503, 1.2089596383780896, -2.89961656453035, -1.4666639424895409e-05]]
[[0.5667633392591458, 0.10214714803139652, -10.578512635452274, -0.047816084020352534, -0.051213111941477305, 0.018109502921182793]]	[[0.07277996227851526, -0.5708270651534791, 0.19962053039219174, 1.2089504316834478, -2.8995941659295017, 2.053602267823817e-06]]
[[0.5553974045179759, 0.06326846367688274, -10.571303374732947, -0.0481029039230888, -0.04977448987383979, 0.018056128168346907]]	[[0.07280713507190165, -0.5708350988175038, 0.1996058537910495, 1.2090123976869525, -2.8995954006315405, -5.20948461383517e-05]]
[[0.5533888490245259, 0.08431347408669576, -10.57571129351747, -0.04720510546898964, -0.04886694394505877, 0.018376165526942045]]	[[0.07278419408797497, -0.5708317519474011, 0.19960654668289607, 1.2090296484715004, -2.899589906177044, -0.00012733213330479452]]
[[0.5451180050605666, 0.06339585596859593, -10.570838865243777, -0.04784167853938934, -0.047957896751421654, 0.018154256991054645]]	[[0.07280734415465437, -0.570825479685548, 0.19960305291543357, 1.2090263209216074, -2.8996287884843346, -6.893894829507853e-05]]
[[0.5638528332720103, 0.03457224578020124, -10.571736351039574, -0.048520680585739544, -0.04740820669700315, 0.017794278603677695]]	[[0.0728230672953349, -0.5708191374215935, 0.19959947608620837, -1.2090307068594086, 2.899590794848353, 0.00012318949005847454]]
[[0.5662932699754049, 0.05050333159039144, -10.572334924623759, -0.04830616611131686, -0.04687206418919882, 0.01816268923451396]]	[[0.07278504429304332, -0.5708373304981161, 0.199619195939501, 1.209042123408411, -2.899569201963061, -1.5294124114722466e-05]]
[[0.5572655678562812, 0.06414371234918109, -10.566888861255475, -0.04771149031857225, -0.04677617273664157, 0.018287990307927222]]	[[0.07279055347786799, -0.5708296195160912, 0.19960424844429114, 1.2089772191573795, -2.8996101095284676, -5.2093516356313946e-05]]
[[0.5503154830076533, 0.05542107613818717, -10.566020736666475, -0.047354832236250866, -0.04591417130269747, 0.01825283587297325]]	[[0.07280179647096287, -0.5708275789829648, 0.1996030609917521, 1.2090726424065619, -2.8995449318775726, -7.205573246469137e-05]]
[[0.5613216956740044, 0.04106532508736227, -10.564795145577174, -0.04792253485115386, -0.04512187953935054, 0.01872622239373511]]	[[0.07280594028141353, -0.5708250733512282, 0.19961639480856586, 1.2090041984992648, -2.8996242081077965, -3.213377989070759e-05]]
[[0.5678161459994124, 0.03887241342411529, -10.57243184362395, -0.048504101994850314, -0.045294385147576166, 0.018699973843737245]]	[[0.07277024590038188, -0.5708257274706501, 0.1996048021916556, 1.2090384085969748, -2.8996108712451316, -7.0311350693108e-05]]
[[0.5660666278851094, 0.055149738766257395, -10.579485125774687, -0.04863957775452318, -0.04501916180764832, 0.01853823379862504]]	[[0.07280440261129849, -0.5708243611137925, 0.19961518185543858, 1.208982515097082, -2.8996207758270955, -5.184570379082058e-05]]
[[0.5451387937085859, 0.059689304574077506, -10.587099799133199, -0.048905907214810904, -0.044500667578102615, 0.018611336126006905]]	[[0.07278057083517712, -0.5708239967426075, 0.1995981273080905, -1.208983066710989, 2.8996243703851294, 8.712793996569285e-05]]
[[0.5435426554798154, 0.05705779841163611, -10.579594924798238, -0.049133330285737, -0.04429174092162149, 0.01914885539764531]]	[[0.07280775291032786, -0.5708232307214728, 0.1995939759879272, -1.2090055045496984, 2.899627606092313, 0.00012483403219198559]]
[[0.522440132371051, 0.035415209365328854, -10.573827808880909, -0.05002415078276855, -0.044209976316400924, 0.019724081851143035]]	[[0.0727911164695208, -0.5708277480935194, 0.19961736810480818, 1.2090165241087276, -2.899607003259521, -7.093791511772237e-05]]
[[0.49686589139333326, 0.059745521485166625, -10.56693994226428, -0.04971508451428263, -0.043462337831727524, 0.020416323775349927]]	[[0.07279974699400853, -0.5708310016140952, 0.199607599918747, 1.2090342997363794, -2.8995992057267936, -5.222063439881516e-05]]
[[0.492750862326072, 0.08688228281862262, -10.548923913538928, -0.04948551686407165, -0.04333004652162276, 0.019899649246940612]]	[[0.07279595153326894, -0.5708242772840306, 0.19959948562719682, 1.20901380276528, -2.8995965636570182, -0.0001269530305827667]]
[[0.4871558753935784, 0.10109787632116862, -10.563383558095813, -0.04931879066335577, -0.043070036103753886, 0.020246873178527313]]	[[0.07278692494504475, -0.5708233807732136, 0.19958239157679156, 1.2090081766228469, -2.8995869548334054, -0.0001661256635890219]]
[[0.47486092671895763, 0.08604397697281352, -10.56945367369714, -0.0501571476624673, -0.043165231804977375, 0.02110162856230437]]	[[0.07280388869719064, -0.5708263975992753, 0.19961736972015007, 1.2089953699744893, -2.899602913598212, -7.155946620694176e-05]]
[[0.4810952343724527, 0.12013428540950272, -10.57850140956325, -0.04938051397022787, -0.043321558938241876, 0.02057855069924371]]	[[0.07280168508768436, -0.5708294428297099, 0.19959971199628312, 1.208974590996315, -2.899650800682273, -8.877745469262113e-05]]
[[0.508401948502773, 0.1274708365798078, -10.582036817249087, -0.04934707279988835, -0.04358554155073313, 0.020382986409384855]]	[[0.07278886079547374, -0.5708250742266884, 0.19960599613294344, 1.2089772759296231, -2.8996101140957786, -5.2841541551926205e-05]]
[[0.4856591275694526, 0.11946294393252954, -10.566253738149856, -0.048955625681752823, -0.04336416128588608, 0.021142965014052252]]	[[0.07277427250594648, -0.5708275964317263, 0.1996139943749874, 1.2089728595506435, -2.8995994138962415, -7.180972736909557e-05]]
[[0.4976004344864252, 0.14084023757989247, -10.548232356307658, -0.04808099740138705, -0.043501873079185446, 0.020585527501371922]]	[[0.0728013907892689, -0.5708286167069326, 0.19961305238108457, 1.2089915973648373, -2.89964281483937, -5.134919689848725e-05]]
[[0.5185044534878851, 0.15191956975431903, -10.544898755320204, -0.047289509893868105, -0.04280576067771888, 0.02055058251409237]]	[[0.0727909959091996, -0.570834137239607, 0.19962332511570813, 1.2090238877186434, -2.8995759782307515, 2.1388847916074182e-05]]
[[0.5072151107575089, 0.1583989904887292, -10.53824510322198, -0.04709880405213993, -0.042015856133110305, 0.020780996990969344]]	[[0.07280130375530373, -0.5708318371719306, 0.19958732086462633, 1.2090565666345943, -2.8996041918285673, -0.00010848793226993645]]
[[0.5016806140219761, 0.12915574022257542, -10.539289967984994, -0.04793624260701042, -0.04140164523630853, 0.02017359886587932]]	[[0.07278063333887451, -0.5708221528040481, 0.19962376079808203, 1.2089783111350287, -2.8996104341776494, -8.990242421541416e-05]]
[[0.47756870732558226, 0.1529551312346663, -10.53246665959751, -0.0472200920880606, -0.04004908796480065, 0.020509425026893745]]	[[0.07280529511468688, -0.5708301404819733, 0.19961427173831714, 1.2089777495145448, -2.8996094272726554, -3.41283066975605e-05]]
[[0.470687189266757, 0.13379138245181316, -10.518821092740275, -0.047701908265239824, -0.039022034167502405, 0.021124065625387396]]	[[0.07280945229643483, -0.570827742043571, 0.19960638061842678, -1.2090578110921224, 2.899607112386075, 6.943984993307647e-05]]
[[0.5070752492955526, 0.1333750164976165, -10.544957115410023, -0.047529863377519216, -0.03924012326733728, 0.02161685289489854]]	[[0.07279662499071927, -0.5708193052874553, 0.19959456004107684, 1.2090569965471833, -2.8996048473426987, -0.00014516945246226818]]
[[0.47888079307570164, 0.09024054764758774, -10.539434754692095, -0.04777586891655152, -0.03749103320098384, 0.02178372609619123]]	[[0.07280070936750571, -0.5708301686557332, 0.19961426852183178, 1.209004156857982, -2.89962423413078, -3.288309427090031e-05]]
[[0.5460919436422225, 0.05050732287570517, -10.559930404412164, -0.048094856556391265, -0.03740334709560755, 0.021222926013909814]]	[[0.07280188662738223, -0.5708176419094746, 0.19959988138098222, 1.2089828828905678, -2.8996215864715267, -9.039426085685652e-05]]
[[0.5893098981731619, 0.0078072868393310735, -10.574308932786558, -0.04781178687933994, -0.03696416677279843, 0.02171223146694331]]	[[0.07280710238214846, -0.5708316107193993, 0.19961678738659167, 1.2089997196512567, -2.8996135619269676, -5.1848017125709036e-05]]
[[0.5785642875991919, -0.014805908127901668, -10.58372478801904, -0.046132192429944936, -0.03582596597367649, 0.020967087257096687]]	[[0.07281726056282313, -0.5708329473414125, 0.1996205398696228, 1.2091125021255582, -2.899592295116907, -4.9481126116392336e-05]]
[[0.5398198329622365, -0.09515377937679412, -10.57425164881568, -0.04597225660740785, -0.03427213184027418, 0.02159917352416645]]	[[0.07279273211514095, -0.570821871891079, 0.19961146912969283, -1.209006194404898, 2.899629051002515, 5.034943283629141e-05]]
[[0.5573131559475962, -0.08983337424984472, -10.598155186629514, -0.04443738043625317, -0.0339122101168085, 0.021372697123814805]]	[[0.07281008984201784, -0.5708204931531659, 0.19961147389065606, 1.209034397935242, -2.899599183761577, -5.221863068499074e-05]]
[[0.5379150139720881, -0.10933807743729215, -10.600227663607916, -0.04464134105737721, -0.033571152181072206, 0.02192521261677463]]	[[0.0727909692652134, -0.5708273348705907, 0.19962403825617236, 1.2090163852393352, -2.8996066130265685, -5.2224004599903906e-05]]
[[0.5163002533473404, -0.08561274537431982, -10.601607329880046, -0.04482494253570464, -0.0338264060945285, 0.021535750383564953]]	[[0.07278402120240221, -0.5708311840289597, 0.1996121093679503, 1.208977612673299, -2.899609070120388, -1.4665565719485554e-05]]
[[0.5238653837709845, -0.09601874878551936, -10.600742755324195, -0.04617831449834832, -0.03385601705288282, 0.021412573647829992]]	[[0.07279194750387381, -0.5708299457277805, 0.19961972575389214, 1.2089816435207152, -2.899620700394563, -3.388184098833424e-05]]
[[0.5456242939009527, -0.04742695455312207, -10.599281419334423, -0.04621698444752377, -0.03473385183598875, 0.022197470360003337]]	[[0.07277425632844048, -0.570824154335498, 0.19961026096664697, 1.2090120244228664, -2.899596042213439, -7.193385964527154e-05]]
[[0.5613530619022529, 0.06517318958078627, -10.601910005851613, -0.045926708180587424, -0.03705001714444424, 0.02181093660477962]]	[[0.07278312275143975, -0.5708152774952004, 0.1996029745771748, -1.2089883314723262, 2.899634736613189, 0.0001259563286816297]]
[[0.5435643851070817, 0.10786377881683604, -10.574527106062192, -0.04806331106696084, -0.0377074268214945, 0.02155815489593526]]	[[0.07278857189548507, -0.5708209350908686, 0.19959440202653075, 1.2090340216734405, -2.8996002873540876, -9.039488481564045e-05]]
[[0.5265656804481288, 0.13028061356290538, -10.548181316312204, -0.05043186333490254, -0.03715827782694144, 0.022427012861252805]]	[[0.07278145656348439, -0.5708209306589815, 0.19962240876382278, 1.2089646177375675, -2.8996282464283576, -5.2596000072038495e-05]]
[[0.4968296624206878, 0.210483333514816, -10.521541334615385, -0.05085825373340248, -0.03737862327727589, 0.022428721064610215]]	[[0.07277749192508136, -0.570826098753483, 0.19958479186669104, 1.20895240820121, -2.899648070614127, -0.00012645238694809145]]
[[0.4746479323051679, 0.2439366587196898, -10.505918230930822, -0.05205821774655405, -0.03721582231021306, 0.023238655281127573]]	[[0.07278926962790659, -0.5708228253311622, 0.1995969191792223, 1.2090514297985153, -2.899593415679065, -0.00010873739803177956]]
[[0.4774727165603194, 0.29263122659145374, -10.479775996643648, -0.051707104748705, -0.03755977285320309, 0.022896901904445207]]	[[0.07280361024824468, -0.5708290150727566, 0.1996197289987074, 1.2090257507000832, -2.899576492509209, -3.512788219053059e-05]]
[[0.46437950425973634, 0.32328386757647737, -10.469839576519469, -0.051885106777317405, -0.03800801391017838, 0.022865761347402796]]	[[0.07277372979649578, -0.5708295392979408, 0.19960851660766996, 1.2089337117259722, -2.8996028479493283, -7.243109337796238e-05]]
[[0.46762248869647405, 0.3669443743600481, -10.473226908216485, -0.05196448246691517, -0.03932519692423674, 0.022787109599775646]]	[[0.07277941131245845, -0.5708277460419475, 0.19962306336676064, 1.2089387976730357, -2.8996639368631407, -1.2796907307423686e-05]]
[[0.3959561239302101, 0.320304870925598, -10.46227171752811, -0.05302490498229635, -0.037717343337071434, 0.022969844213118103]]	[[0.07278795611657829, -0.5708247573555084, 0.19958613738814845, -1.209034261534157, 2.8996013167292145, 0.00016123831280073173]]
[[0.41196390423786233, 0.27733686818372916, -10.457923336232415, -0.053596459167831345, -0.037805364466868, 0.023068847679867607]]	[[0.07281504395960575, -0.5708371233063118, 0.1996307872406335, 1.2090470421538608, -2.8995791343000192, 2.3508472883954297e-05]]
[[0.3781875808848528, 0.2297761614774517, -10.459511562439864, -0.05353662572970696, -0.03651446412111807, 0.023064110815846726]]	[[0.07279015651087889, -0.570831917487024, 0.19962094356684235, 1.2090069231496807, -2.8995839072737297, -1.6040216351512957e-05]]
[[0.40229016108841237, 0.19909873955936394, -10.457315310213325, -0.05291685961374264, -0.03622243964506878, 0.02315523534941009]]	[[0.072788199151261, -0.5708300953155467, 0.19961853990354408, 1.2090372480225486, -2.8995592181769676, -5.446864099322789e-05]]
[[0.3800564381466853, 0.1297276243187038, -10.465404491004529, -0.05349382290626106, -0.03353715769317297, 0.023330123634720375]]	[[0.07279716181682917, -0.5708206769563355, 0.19961025775023994, 1.2090736883635576, -2.899596146471174, -7.068587880672225e-05]]
[[0.4141010999847876, 0.10398787540174981, -10.471281580121396, -0.05282677959502297, -0.03214873564931776, 0.023684657117819148]]	[[0.0728115245869322, -0.5708277272728183, 0.19961972736922876, 1.2090296215177943, -2.899587786774301, -3.4504000778696064e-05]]
[[0.44810411695345576, 0.11061197388674138, -10.487984061913949, -0.051257370974673214, -0.03074362013075483, 0.02259504547904853]]	[[0.07278928591877666, -0.5708262675103174, 0.19960065249645162, 1.2089956731318428, -2.899603705157857, -0.00010861280083477066]]
[[0.5085566129346389, 0.08582215937222479, -10.516973073469266, -0.050427216969236924, -0.030207593498417125, 0.022304134167301922]]	[[0.07282178216107872, -0.5708226046293919, 0.19959516667070956, -1.209075473366061, 2.8995988594364746, 0.00010611901353734193]]
[[0.5368261385543591, 0.05862053838225484, -10.529094806408198, -0.05003449149333598, -0.02906976024138916, 0.02193254132176159]]	[[0.07278303223790697, -0.5708252145732808, 0.199606154125197, 1.2089649940415255, -2.8996293757021863, -0.0001076164316637279]]
[[0.5340865785208379, 0.06215341041104655, -10.55353904548168, -0.048915667616602244, -0.027535978959360163, 0.021501672370287498]]	[[0.07279151604268694, -0.5708221307099426, 0.19957544825040122, -1.209060758593528, 2.8996160767436, 0.0001830962849657055]]
[[0.6113133130750573, 0.07447375544834206, -10.582714280179452, -0.047711009816117166, -0.028206387452881752, 0.02114989233936155]]	[[0.07280960474584992, -0.5708348259666499, 0.1996349131980265, 1.2090206492202233, -2.8996151293474046, 6.143696170625692e-05]]
[[0.6490427830968306, 0.06508386989587822, -10.598944702837688, -0.04682516534629898, -0.02888502739404357, 0.020961788594978163]]	[[0.07280468895824997, -0.5708217673009189, 0.19959813208855898, 1.2090565206645187, -2.899603764307558, -8.902415155598558e-05]]
[[0.6665593457418344, 0.051373626753592194, -10.58844224290913, -0.045577099332815375, -0.028973655261424532, 0.019663599485967766]]	[[0.07281103435340396, -0.570828437500872, 0.1996075935369383, -1.2090186007408512, 2.8996104737363013, 4.970239709511423e-05]]
[[0.6539124258487885, 0.018586264108919115, -10.583576207319267, -0.04494105990441703, -0.027886500648211132, 0.01961590009263412]]	[[0.07278300760924054, -0.5708217502357972, 0.19960239697044063, 1.2090214455236117, -2.8996188057965937, -0.00010811499710240164]]
[[0.6741086050728373, -0.03946245521468633, -10.586559523414357, -0.04498814115508038, -0.02877613675497658, 0.01892647695383207]]	[[0.07278919170014492, -0.5708294139812248, 0.19960403103114188, 1.2090422441719584, -2.89957135855811, -0.00010961301918459603]]
[[0.6414739127296102, -0.0414769091334824, -10.575693960258022, -0.04401438765280036, -0.02787371015424632, 0.01866656293667753]]	[[0.0728164727510443, -0.5708409429113932, 0.19963533725456079, 1.2090116036142737, -2.8995934691601843, 4.156759502594684e-05]]
[[0.6584649773955149, -0.03792616696047446, -10.564214975368312, -0.043221898476966815, -0.02744419335630858, 0.018792972239869032]]	[[0.07279531086341585, -0.5708321799186656, 0.1996087934233972, 1.208973440452776, -2.899649968359857, -3.216534602748068e-05]]
[[0.6716823113605934, 0.00352735474502891, -10.588202705978318, -0.04219080416185516, -0.027431329945361054, 0.01938910243986433]]	[[0.0727937816047411, -0.5708314898415735, 0.19960760427125568, 1.20903816990309, -2.899610498834796, -5.1504053646346764e-05]]
[[0.6738977432941362, 0.035292643994819906, -10.600503372769271, -0.042179427172686045, -0.028034581658303682, 0.019026263214113825]]	[[0.07279917968246727, -0.5708261475674785, 0.19960284145612062, 1.2089876455204256, -2.8996332713072306, -0.00012636347357641834]]
[[0.658371820498833, 0.018258502825698242, -10.584103077202046, -0.04233347301933716, -0.02695912103750138, 0.019365399250962034]]	[[0.07277713152726763, -0.5708373854266741, 0.19961252363042747, -1.2089709961860242, 2.899644225171018, 3.079452971730322e-05]]
[[0.6772107320713399, 0.0394637939242497, -10.584118579351957, -0.04224198572514711, -0.02801415159238365, 0.01942649475323264]]	[[0.07279336975306464, -0.5708337998160268, 0.19961012311190857, 1.2089473170284561, -2.8996358566623197, -7.046861052397567e-05]]
[[0.7026701117237675, 0.08075351225381544, -10.593744878735961, -0.04284042881355396, -0.02952145841432266, 0.01911728194931791]]	[[0.07278408996490998, -0.570833342471414, 0.1996233214429021, -1.209001277783481, 2.8996194509762665, -2.525031228962525e-05]]
[[0.7383296564199571, 0.07952359465301712, -10.583192265162648, -0.04374569500639999, -0.030551298323315303, 0.018253168781404264]]	[[0.07277280246529685, -0.5708359060473571, 0.19962332782485215, 1.208963879765486, -2.8996268132615115, 2.2729511082896275e-05]]
[[0.749262309387736, 0.1034031496537971, -10.57829553924777, -0.044480034021425946, -0.03173359174127491, 0.01851922861832317]]	[[0.07277651001857252, -0.5708268082548945, 0.19959933035402133, 1.208965384403749, -2.8996284273403394, -7.08394000332777e-05]]
[[0.7229593796330452, 0.13949082513421407, -10.57587766471146, -0.0450037797195218, -0.03245860282187086, 0.018657178402880937]]	[[0.07279220532129868, -0.5708239257994988, 0.19959948677718786, -1.2090261046797663, 2.8996301587687032, 0.00012499073005214085]]
[[0.6859785235619877, 0.1890771271774748, -10.574158487968326, -0.044805562044033215, -0.03231730155944418, 0.01934370387158134]]	[[0.0728053888194608, -0.570823663031769, 0.19960065523350484, 1.209091210921701, -2.899589684255699, -0.00010727313798003781]]
[[0.6911690385563096, 0.222747258745709, -10.573769139992885, -0.04470093146700033, -0.03269134821037898, 0.019523521915306423]]	[[0.07281224659315157, -0.5708263545521034, 0.19959736357272906, 1.20906947922124, -2.8995862625639215, -0.00012698533603345828]]
[[0.6788131582928736, 0.1961358424215978, -10.545911563427637, -0.04555773563273228, -0.032160633419099346, 0.019865877070673957]]	[[0.07277473875032389, -0.5708322492739597, 0.19961187568661634, 1.2089682552158845, -2.899588431469324, -7.308874550939765e-05]]
[[0.6725276461865025, 0.15919469995966012, -10.535459050862436, -0.047088454238732175, -0.032208550063712905, 0.0203554325044362]]	[[0.07278024207944815, -0.5708266128835813, 0.19961518304803197, -1.2089882155721534, 2.8996365893483658, 4.988288240281768e-05]]
[[0.7206227794110044, 0.13555901083423572, -10.523822088493155, -0.04800054388302996, -0.03250357756324502, 0.01961939683616554]]	[[0.07279884617301349, -0.5708184711446742, 0.19959456283461463, -1.209039964791257, 2.8996127894938986, 0.00014382882716598586]]
[[0.7002897295680723, 0.10698183926215554, -10.495103834775655, -0.04810596831109312, -0.031147270803541974, 0.020300055349224286]]	[[0.07277840812867048, -0.5708195798659723, 0.1996053461001433, 1.2089903742871497, -2.8995926341509555, -9.192443626065206e-05]]
[[0.7254261853213682, 0.10287502229924844, -10.497552573983269, -0.0478824221432428, -0.031313940838475426, 0.020051744189079207]]	[[0.07278754359159306, -0.5708338805397328, 0.19960212478672493, 1.2089517340939202, -2.899646558329957, -5.15026038990272e-05]]
[[0.6836050817441706, 0.09197403998189674, -10.493410201420302, -0.047958954655350355, -0.029582098414162074, 0.020350523576172626]]	[[0.07279856822018924, -0.5708210872336141, 0.19961163630128684, 1.2089748269661091, -2.899651068038256, -0.0001062776591138858]]
[[0.6694126207538685, 0.07778492451159197, -10.469197918943138, -0.047609670039516064, -0.028746933572644684, 0.020238683116972158]]	[[0.07279340505144269, -0.5708140754265352, 0.19959512463480591, 1.2090879069623721, -2.8995795038232868, -0.00016516236036332816]]
[[0.6110206347301065, 0.05883002577284702, -10.47841774923926, -0.047645630573820374, -0.027485081700413784, 0.02033396017148442]]	[[0.07279773122842084, -0.5708222038530576, 0.19961949868846313, 1.209039101246064, -2.8996104871384327, -6.947180641450241e-05]]
[[0.5741276406890868, 0.08413948871608345, -10.46849327402938, -0.046541816491665666, -0.02654182352656414, 0.020321742131105176]]	[[0.07281124852089217, -0.5708303481885454, 0.1996368072388827, 1.209042717652087, -2.8995684701687563, 3.1406648759638913e-06]]
[[0.5457959204298302, 0.05942204900633616, -10.45557318065737, -0.04653726996847723, -0.02552813572103671, 0.020478224438822593]]	[[0.07278572004766785, -0.5708323642739436, 0.19961427607673435, 1.2089823110609763, -2.899620432528475, -3.341345043559063e-05]]
[[0.5570789104653415, 0.047892677080588364, -10.461912781702074, -0.046637302022564206, -0.025307537836708773, 0.02051748987651115]]	[[0.07279971642923516, -0.5708275190250837, 0.19961853936756171, 1.2090223122755925, -2.8996170770551073, -5.18800153795537e-05]]
[[0.5132551636957294, 0.05597111200151475, -10.463095156596571, -0.046202523638596886, -0.02392656962475826, 0.020867508462462634]]	[[0.07281092048186918, -0.5708193597880007, 0.19960359362031527, 1.209039259546326, -2.8996109461115833, -8.930552822690605e-05]]
[[0.553826516131891, 0.08068213888948567, -10.459825461356484, -0.045912265262019955, -0.024094998340163223, 0.020082196144035547]]	[[0.07279333766206558, -0.5708269139781429, 0.1996173708701399, 1.2090429305048946, -2.8996218081011316, -6.959760069786428e-05]]
[[0.6014763646567802, 0.10350056617390063, -10.458209396250705, -0.0454304413999672, -0.024406945197084466, 0.01874100374779871]]	[[0.07280454131754695, -0.5708180231337877, 0.19959456440742807, -1.2090615570203487, 2.899615851028251, 0.0001444528101799017]]
[[0.6352924651966839, 0.1429729584412202, -10.468540103585159, -0.04480409814520224, -0.024836384061885736, 0.018111741956149476]]	[[0.07278551503799366, -0.5708147679289349, 0.1995886656910099, -1.2089788742836194, 2.8996122945615386, 0.00012383745018132065]]
[[0.6553688653032793, 0.1368036611866426, -10.455842888399726, -0.04512426017577007, -0.02515509984804362, 0.018101096208628983]]	[[0.07277876567665652, -0.5708294823024551, 0.1996107023005549, 1.2089700660144944, -2.899639728608879, -8.893509949344507e-05]]
[[0.7054791432713706, 0.13007893287552907, -10.444608970542596, -0.04594854711064408, -0.025894615500859364, 0.01709207944483946]]	[[0.07278572004766785, -0.5708323642739436, 0.19961427607673435, 1.2090161859204147, -2.8996063086128117, -3.341393195156307e-05]]
[[0.6946333362876153, 0.14751046295155484, -10.442078329930167, -0.046541085253680343, -0.025832862069747213, 0.016724266218677415]]	[[0.07277565439821865, -0.5708211461272312, 0.19959321568284716, 1.208970300253671, -2.899640189581125, -0.00010839297820719305]]
[[0.7198606457341172, 0.1691147769773777, -10.442541291018903, -0.04684978291814404, -0.026895566980923054, 0.016426181181314378]]	[[0.07278347815987254, -0.5708297958196393, 0.1995963935113644, 1.208994799433025, -2.89960365340644, -8.942969418445266e-05]]
[[0.689564338899988, 0.17656443771527636, -10.431541590602883, -0.047313845487921065, -0.026916837512831353, 0.01686149832434521]]	[[0.07279773122842084, -0.5708222038530576, 0.19961949868846313, 1.209039101246064, -2.8996104871384327, -6.947180641450241e-05]]
[[0.6373805703760613, 0.14289319451032448, -10.417567269939589, -0.048451981198343014, -0.026247490249332137, 0.016983437659023153]]	[[0.07278552994241874, -0.5708181524091451, 0.19962124142520382, -1.2089315028862613, 2.899646384432983, 6.832462958005128e-05]]
[[0.5993212999132262, 0.14956713673479793, -10.420030886149851, -0.048558989008389605, -0.02604848224621241, 0.017357593718327926]]	[[0.07279969360770318, -0.570824111052797, 0.1996006536465198, 1.2090273318324671, -2.8996292277948252, -0.00010665017936609967]]
[[0.5804970122212434, 0.1328678342093384, -10.408933197911564, -0.04934881708137919, -0.02647926475406806, 0.018475145880524423]]	[[0.07279688579904872, -0.570823298160253, 0.19962733731209273, 1.209034244785876, -2.8995987367356553, -3.3040498689388275e-05]]
[[0.5780537924772362, 0.17570600810330742, -10.405263826333645, -0.04852588925890426, -0.026682559407157313, 0.01812120996494337]]	[[0.07277411674165475, -0.5708204337606054, 0.19959200278841227, 1.2089479258602627, -2.8996370448136246, -0.00012810527721687242]]
[[0.6195839871879774, 0.1644752834328834, -10.393211309960217, -0.04880385187604616, -0.02767810807881605, 0.01841027744820612]]	[[0.07278445006716491, -0.5708256756046864, 0.19960043632048904, 1.2090570996845356, -2.8996051786069748, -0.00016416876048777008]]
[[0.5641502021573763, 0.1650675216864536, -10.387647703102854, -0.0491328853838905, -0.02675084066054547, 0.018647200228715133]]	[[0.07279363198659014, -0.5708277402008887, 0.19960403055166773, 1.209043207571241, -2.8996225885595464, -0.0001070258232955576]]
[[0.5704289376338093, 0.1507391595471543, -10.383669171553816, -0.049768570444424516, -0.026634768323615332, 0.018707136067610458]]	[[0.07276981214851291, -0.5708211808884701, 0.19959988414648566, 1.2089740320818094, -2.8996510948513325, -8.905554099871269e-05]]
[[0.5886869157050645, 0.1482653795265229, -10.380755281831332, -0.050427422439378734, -0.02639959029895974, 0.019050903946999778]]	[[0.07281800353057652, -0.5708158742145775, 0.19960123446813688, -1.209079392396781, 2.899607965056818, 0.00012573872241458764]]
[[0.5903047608301185, 0.1898325932807553, -10.366899937646568, -0.04961586660327864, -0.026029940547813574, 0.01871949851217093]]	[[0.07279399875989627, -0.5708257972496437, 0.19960733185013166, 1.2089864096193836, -2.8995812998826302, -9.105050083245799e-05]]
[[0.5966634072078113, 0.17897848118131873, -10.360362143231251, -0.05004344178448144, -0.025370979919287898, 0.019603357413869732]]	[[0.07279534570473226, -0.5708158533365121, 0.19959748054178106, 1.209023022074707, -2.899618620370744, -0.00012748295961166793]]
[[0.5568364433028364, 0.17152125438136542, -10.348033856861331, -0.050487240281294914, -0.023884470257675663, 0.020234729121070723]]	[[0.07279607067600921, -0.5708245444479152, 0.19961399869912677, 1.209029960469588, -2.8995885108271096, -7.109152097710747e-05]]
[[0.5625995084496256, 0.19774038036500616, -10.359619230880817, -0.05008628563149264, -0.02333765894774501, 0.019525704961924687]]	[[0.0727919658305493, -0.5708333932898298, 0.1996234651787419, 1.2090288928370083, -2.8995880402072696, -3.366563339622246e-05]]
[[0.5732661747503003, 0.21665854190023276, -10.371270567258435, -0.04898195883224751, -0.022630718776406558, 0.019069875772734893]]	[[0.07280501624804574, -0.570829427030984, 0.1996063929483477, 1.2090471816066761, -2.8995813591073323, -7.183917272881353e-05]]
[[0.5253638348796372, 0.18748301856811647, -10.375329021787758, -0.048250022725184485, -0.020805610752811204, 0.0193495837570467]]	[[0.07279731687566723, -0.5708177810070217, 0.19959337375315336, -1.2090444281757724, 2.8996234083158363, 0.00016316791699002434]]
[[0.5140559352340903, 0.13107159973218632, -10.383270559597891, -0.04803766630681999, -0.018948992595519548, 0.019883714808634417]]	[[0.07279925752860816, -0.5708195589161201, 0.19959572968953132, -1.2090055415697631, 2.899627563468056, 0.0001254883325050306]]
[[0.5062978535527776, 0.11856606250542012, -10.410321118681141, -0.04694457581147356, -0.017778608538678603, 0.01992151395902965]]	[[0.0727855283390245, -0.5708284136593027, 0.19962426167561018, 1.2090377750833472, -2.899609330496229, 5.387614472111682e-06]]
[[0.5091038521319403, 0.05231468222619476, -10.402853233585033, -0.046523523634466754, -0.01666414314725729, 0.01995931753229931]]	[[0.07282612038587365, -0.5708252931454284, 0.19960520062248016, 1.2090871589233856, -2.899578023519653, -8.993006068820949e-05]]
[[0.52426451166332, 0.05355870070166971, -10.419509551690158, -0.04467333892599927, -0.015804462433299443, 0.019806081899479747]]	[[0.07277843486717017, -0.5708251425180264, 0.19961266739534983, 1.2090081057266677, -2.8996355355294265, -3.216446982443968e-05]]
[[0.5389575459015377, 0.02000686445990596, -10.432725378225596, -0.04357875105923997, -0.015104970131387693, 0.019462151432859415]]	[[0.07280845359112177, -0.5708229669536328, 0.19959949320999065, 1.2090603972374327, -2.8995642239116375, -0.00012748187442501586]]
[[0.5084470136744336, -0.03594121900082331, -10.431322990817215, -0.043086129723046776, -0.013580098060866862, 0.02039044723351693]]	[[0.07278064346738283, -0.5708221823665887, 0.19960907620966634, 1.2089783073972529, -2.899610524436381, -9.055375741431688e-05]]
[[0.5238824636948036, -0.05220691033794267, -10.442045708809902, -0.04252887876329535, -0.013263130289773703, 0.02051020398002455]]	[[0.07281178479558069, -0.5708250439507527, 0.19960973221290773, 1.2090689063461053, -2.8995847647405735, -5.1377525056807195e-05]]
[[0.5646651182962114, -0.06353896016897292, -10.445365409458757, -0.04245746079491364, -0.01383928197261942, 0.02004946472062368]]	[[0.07279305656394702, -0.5708192445171782, 0.19959440159863023, -1.2090349186431235, 2.8996027038059906, 8.778156175733885e-05]]
[[0.6012440840583301, -0.04910230494674933, -10.45235516455472, -0.04186651216652015, -0.015024891906233328, 0.019672990466949116]]	[[0.07278966476440236, -0.5708171383429177, 0.19959882933249984, -1.2090437647137269, 2.8996236861025713, 0.00016354325710672202]]
[[0.5950780502942803, -0.05035943546455218, -10.447677909660154, -0.04165381757730339, -0.015400772650808789, 0.019782643479740118]]	[[0.07280363904944466, -0.5708345830791373, 0.19962705649400858, 1.2090773575900198, -2.899605265714868, 2.4724637374542223e-05]]
[[0.6145278102486467, -0.0437803578506607, -10.429307633175863, -0.04225737806837088, -0.01660935609135754, 0.019673489435078392]]	[[0.0727987421247794, -0.5708283027352942, 0.19960425278269311, 1.2090343207732466, -2.8995992072840338, -5.137698805734083e-05]]
[[0.6258872014735398, 0.004229434472988736, -10.418157836931902, -0.042018466229762096, -0.018046907048566905, 0.018980334554559]]	[[0.07280194629761477, -0.5708300377758354, 0.19962880406301042, 1.2090082821925199, -2.8996340965207925, 2.3976724802187146e-05]]
[[0.6688433264314511, 0.015231113107528949, -10.407935943842551, -0.04342732801205904, -0.020216833292976227, 0.01830595551573679]]	[[0.07279759731589923, -0.5708185014209631, 0.19958654404015408, -1.2089922826832782, 2.8996443778583725, 0.00012648364996716902]]
[[0.6492749362968604, 0.048662366791443645, -10.391355618954167, -0.04467243318792388, -0.02092737791189963, 0.017958921644025197]]	[[0.07278729854403486, -0.5708175649920992, 0.19960550254755183, 1.2090172198155842, -2.899608489022737, -0.00014607530537668012]]
[[0.6224255362145867, 0.07790758270823761, -10.373552529032741, -0.046147590325472984, -0.022086757898183804, 0.01773505808295316]]	[[0.07281460748891365, -0.5708292407183613, 0.19961562482812548, 1.2090735685212115, -2.89959609480082, -6.947258886420431e-05]]
[[0.6097277302841142, 0.10539660193867667, -10.356850209698582, -0.047171104067050315, -0.02294553169028684, 0.017942163776195577]]	[[0.07277304801305558, -0.5708277601692676, 0.1995994948535464, 1.2089341647828893, -2.899603950296851, -0.0001281063771127967]]
[[0.6264274418314891, 0.17591465758510513, -10.342645613176586, -0.046592021023273936, -0.024126648582054495, 0.018293758107697723]]	[[0.07278329849838501, -0.5708258947652535, 0.19961399708381727, 1.2090338316005123, -2.899599806434754, -7.046927465979029e-05]]
[[0.5778363838472512, 0.16790083681246026, -10.326100903404681, -0.04850907639223213, -0.02393000756929179, 0.01861532972993203]]	[[0.07278454516664651, -0.5708203696951554, 0.19960005187602708, 1.2089869203335049, -2.89958240873679, -0.00014756859596790615]]
[[0.5619163305332677, 0.2188263482344399, -10.324577237140662, -0.048297614597457, -0.023720208748382335, 0.01864193227225262]]	[[0.07278129415320277, -0.570813802004576, 0.19958626529266055, -1.2090264650325557, 2.899630826084248, 0.00016353911286231445]]
[[0.5609325474758335, 0.21343998775085515, -10.321587981036064, -0.04922990123343726, -0.02333579305976813, 0.01916168547893892]]	[[0.07278885199471702, -0.5708217209180868, 0.19959573445038964, 1.2089824549104045, -2.8996225981957755, -0.00012735783702409132]]
[[0.5717029735344978, 0.24333934601754037, -10.327549321993796, -0.04834845259708259, -0.023414562904016077, 0.019649915000793876]]	[[0.07278079060395201, -0.5708225954243086, 0.19960240614025926, 1.2089950381041399, -2.899603996913572, -0.00010926791394761829]]
[[0.6335508133330673, 0.29074070679252795, -10.353139121427473, -0.04714826935667623, -0.02465758385409636, 0.019318956297975146]]	[[0.07279689132650063, -0.57081998562901, 0.19960240292388726, 1.209056701788255, -2.8996041020923133, -0.00010802117854354391]]
[[0.6674167341946527, 0.2766733962609728, -10.362952875909182, -0.04736199442924681, -0.02428019360443432, 0.018537240587225015]]	[[0.07277652377511246, -0.5708269137034541, 0.19959281984673724, 1.2090171208922902, -2.8996085376243137, -0.000144951830094121]]
[[0.6386916012829149, 0.23372527872412727, -10.353520929741672, -0.04760189528449955, -0.022563668784233826, 0.019058953725060113]]	[[0.07277842188108592, -0.5708196853004576, 0.19959883576527584, 1.2089218198661387, -2.8996228937581425, -0.00016603385777353897]]
[[0.6429317882187653, 0.2295564226276586, -10.35228388865442, -0.04678074783512434, -0.021871004372198702, 0.018119936908387705]]	[[0.07279429699810264, -0.5708191919804888, 0.19960239659935985, -1.2089783458427774, 2.899613018051495, 0.00010550169253851782]]
[[0.6451707823602583, 0.21384670803903125, -10.354706981270136, -0.045782416253380885, -0.020817044860852153, 0.018104231666594403]]	[[0.07282533547821367, -0.5708216230198432, 0.1996097226963633, -1.2090617881789925, 2.8995661431818145, 4.758858449562191e-05]]
[[0.6403880952441622, 0.18554267717274459, -10.370439351837925, -0.04528190327582193, -0.019314962293578364, 0.01821145048518732]]	[[0.07279747452417706, -0.570824950745369, 0.1996006568346319, 1.2090348000445033, -2.899600297203935, -0.00010789611094460898]]
[[0.6217384893350492, 0.12858039784702105, -10.356377364742686, -0.04564046345472294, -0.01783457903423176, 0.018552836833745485]]	[[0.07282689075714165, -0.5708205096217919, 0.19962185475176986, 1.2091124811803438, -2.8995919513520696, -3.1792679912837345e-05]]
[[0.6121567132599308, 0.09498192818755025, -10.350399227079205, -0.04548524500503116, -0.01658096964427708, 0.01840270982686814]]	[[0.0728004413601428, -0.5708328138201493, 0.19961665759746183, 1.2089992763969546, -2.8996125037584095, 4.017204684666764e-06]]
[[0.62802981053489, 0.07651156233842715, -10.340092271094827, -0.044895680186696554, -0.015524607316729278, 0.017839596468344432]]	[[0.07279122359182645, -0.5708279657801016, 0.1996242632767897, 1.2089813636341118, -2.8996199431635046, 4.764936806182418e-06]]
[[0.65106827565003, 0.07107695544596859, -10.34410506540672, -0.04418607418370734, -0.01508942242751514, 0.017757794622007588]]	[[0.07281016564856942, -0.570836330306551, 0.19964413057075783, 1.2091077370417858, -2.899578742329538, 6.2275677993502e-05]]
[[0.6597156987575353, 0.04779974088188438, -10.348753551280742, -0.043767559024624966, -0.014890554751073804, 0.01808201563915406]]	[[0.07282456663615032, -0.5708211371811559, 0.19961496883704544, 1.2091385147244882, -2.8995569944278925, -0.0001086478001722357]]
[[0.6291417271591745, 0.03661357504937196, -10.34487195143621, -0.04351472741212673, -0.013900449362065952, 0.018456431748084926]]	[[0.07280945998470131, -0.5708208790463819, 0.19959948203958855, -1.209047989581909, 2.899583588097197, 0.0001230942602748454]]
[[0.6126995983552286, 0.018251638765670597, -10.33040304619873, -0.043576430716895626, -0.013697446532528397, 0.01839791553866455]]	[[0.07279423616300992, -0.570816273182879, 0.19959748214286374, 1.2090004858796097, -2.8996151078976045, -0.00012810560313152773]]
[[0.596631587066756, -0.019682974370631767, -10.33844060152425, -0.04417819058377856, -0.013141732344736715, 0.018992050373271844]]	[[0.07279430590178304, -0.5708347701757679, 0.19960584861273023, -1.2089911893385452, 2.899595599170096, 4.758701749983899e-05]]
[[0.6239958915236853, -0.00043264211148275056, -10.358809980350653, -0.04426116769224848, -0.014416016795343005, 0.018786111779874624]]	[[0.07278191388093777, -0.5708222809672202, 0.19959589418813045, 1.2089835854164408, -2.899623358840502, -0.00018275618302661167]]
[[0.631241278292394, -0.010333717337643822, -10.35474792143746, -0.04516563894759172, -0.015006547641541636, 0.018567769725009543]]	[[0.0727974691114542, -0.570824867371123, 0.19960719121050036, 1.2090515017363508, -2.899591644410869, -3.341031323403259e-05]]
[[0.599434584066848, -0.004080827541702525, -10.352263005236422, -0.04581171144881005, -0.01545950987570629, 0.019295751671586557]]	[[0.07281529680027457, -0.5708277124896829, 0.19959971794980044, 1.2091308298616523, -2.8995856535995808, -8.868381182494095e-05]]
[[0.5630754035921582, 0.01865485311221493, -10.350386070714036, -0.04617822210751553, -0.015811459847386664, 0.020158533188289852]]	[[0.07279900380631284, -0.5708256408429427, 0.19960184593049868, 1.2090564864624276, -2.899603736614252, -8.855814335349269e-05]]
[[0.5458683051618092, 0.024513785684403877, -10.348792743747975, -0.04725677866776259, -0.016549391174138423, 0.021038146835443854]]	[[0.07279080148789276, -0.5708235195107209, 0.19961282858559423, 1.2090385488995636, -2.899611166140434, -8.818604219915518e-05]]
[[0.5779227774622787, 0.06869840157659102, -10.334650163017745, -0.04759672916513539, -0.01828044217673931, 0.020349685519604144]]	[[0.07278188437855977, -0.5708187318991278, 0.19961338546418192, 1.2089523481004552, -2.899647561436142, -0.00010764873024120942]]
[[0.5812493823029751, 0.12790160684323265, -10.334769346120375, -0.04795363489273129, -0.019560053557955575, 0.020346057233732884]]	[[0.07279246952421015, -0.5708246005260065, 0.19960732377368529, 1.2090258108316883, -2.8996294151241724, -8.793573601011764e-05]]
[[0.5841754512342303, 0.16174876591153517, -10.328848882600402, -0.049269613683033474, -0.02075826982851272, 0.020775142895827627]]	[[0.0727928892458606, -0.5708257104618122, 0.19960851448482778, 1.2090090604264982, -2.899635971865245, -6.922075374861195e-05]]
[[0.6282341250651242, 0.2499151097553914, -10.327591230201978, -0.048987330737829425, -0.02224144321617226, 0.02072537721017492]]	[[0.07280748353585174, -0.5708258180523815, 0.19962520794576377, 1.209026044168919, -2.899627981175266, -3.254263609566572e-05]]
[[0.6506755520950595, 0.2812237054907254, -10.322102435854836, -0.049695479524262974, -0.022973998357565084, 0.02094090188689808]]	[[0.0727944630406756, -0.5708299378877333, 0.19960638814488507, 1.2090256105431838, -2.899629079760948, -6.996981736779905e-05]]
[[0.6653444079610713, 0.2638052197941275, -10.301604805736408, -0.05116110976223051, -0.023589214520352952, 0.02074821377158809]]	[[0.07277497286008015, -0.5708260944286392, 0.19961283180207637, 1.2089948594209285, -2.8996035665385094, -8.943350774391279e-05]]
[[0.660672952695958, 0.26199071464421003, -10.280724452063843, -0.051971942703826615, -0.02338265915484191, 0.020433643637688504]]	[[0.07278919574979834, -0.5708279637888758, 0.19961091657086028, -1.209000819899921, 2.899618325095405, 3.0143816222842962e-05]]
[[0.707509395335329, 0.2772321355477175, -10.274701767702629, -0.05180451902238974, -0.0237877040575495, 0.02051573533461424]]	[[0.07281018998884227, -0.5708139815810179, 0.1996120096931316, 1.2090437396814948, -2.8996215672464256, -7.071682416333004e-05]]
[[0.6600464409252056, 0.2505660949750027, -10.268598303739624, -0.051922125030515395, -0.022324662752207104, 0.0209203134237007]]	[[0.07278200794539989, -0.5708157375577413, 0.19957411595583102, -1.2089744011746588, 2.8996520656019715, 0.00018225209827783586]]
[[0.6495791785500531, 0.20360884312574626, -10.254808459970539, -0.05201457875786385, -0.021002546922334775, 0.020401931621995238]]	[[0.07280661664597543, -0.5708356629056404, 0.19961490353149436, -1.2090197266401737, 2.899611338082101, -7.283451993657881e-06]]
[[0.6220171415921469, 0.16632274189614796, -10.246575133438808, -0.05112336558225358, -0.019493275227959087, 0.020080029273675252]]	[[0.07279830606143699, -0.570823750640448, 0.19959932875293462, 1.2090045120573605, -2.8996250205326755, -7.021540027852962e-05]]
[[0.612689459251601, 0.12255741900217687, -10.2585658665214, -0.05045664334736007, -0.017826105809161236, 0.019721737887689973]]	[[0.0728114957776468, -0.5708209049104882, 0.19959813804207766, 1.209126343046651, -2.8995746478830684, -8.89308232293059e-05]]
[[0.6022195604634649, 0.08046978863342813, -10.281710021113772, -0.04980095154951863, -0.016104806793313123, 0.019533486353993008]]	[[0.07280806023112694, -0.5708274210700852, 0.19959090923914846, 1.2090610051053248, -2.8996147935456653, -8.755860525870392e-05]]
[[0.598584386967194, 0.04303875996837636, -10.268829399445819, -0.049318100909474465, -0.014098018824101811, 0.018888351349591572]]	[[0.07280424705224303, -0.570817197129471, 0.1996079045236202, 1.209044688073151, -2.8996219892928785, -0.00010702476404251915]]
[[0.5869315555909687, 0.0352814879097928, -10.273371260109624, -0.04809960201898872, -0.012162487745980857, 0.01830956815022997]]	[[0.0728011122044395, -0.5708209513703774, 0.1996048033647153, -1.2089666566277066, 2.8996316657331342, 6.832194368414005e-05]]
[[0.4823954705069935, -0.030608459637335717, -10.241624919034042, -0.04769346334772808, -0.008097827017449058, 0.018545290097711678]]	[[0.07281798840240841, -0.5708279880689419, 0.19960092928112635, -1.20908755294369, 2.899581275512152, 6.832234504316921e-05]]
[[0.46114500608139175, -0.056154842434098295, -10.221468763463879, -0.047294638586342114, -0.006484791531445152, 0.017666435675580246]]	[[0.0727931701845426, -0.5708264294449316, 0.1996163991752795, 1.2089735021587424, -2.899649913372857, -3.1417393700774666e-05]]
[[0.4861248689523074, -0.05648805377779542, -10.21119965019473, -0.046593856380356416, -0.006160381670602771, 0.017556329166380523]]	[[0.07280744990090823, -0.5708168930865483, 0.19958533436220477, 1.2090651746977739, -2.89957569455103, -0.00014744120965229956]]
[[0.4856014019310674, -0.07869968214260967, -10.214467229716417, -0.04635649319567066, -0.005433003079692439, 0.017548540146176718]]	[[0.07279688579904872, -0.570823298160253, 0.19962733731209273, 1.208999678693421, -2.8996131491106953, -3.303999898517556e-05]]
[[0.5056743430164072, -0.08381627503206349, -10.219142616402152, -0.04644027035296268, -0.005523978270920434, 0.017609712686724073]]	[[0.07279460463112135, -0.5708336635208383, 0.19962465271571744, 1.2090205754596552, -2.8996168976394987, -1.370329721219413e-05]]
[[0.4869837544689857, -0.10792648580764999, -10.2135850184805, -0.04679994430229477, -0.005383728981199147, 0.017677961005946694]]	[[0.07278821165380317, -0.570832221333265, 0.1996221338550343, 1.2090077295756012, -2.899634775232943, 5.26260496974397e-06]]
[[0.4962659093586189, -0.10698384554511606, -10.194485845911741, -0.04645015573872599, -0.006144087549678309, 0.01654802306878565]]	[[0.0728087511167297, -0.570829169868436, 0.19962880406301042, 1.2090601314013578, -2.8996124772258356, 2.3976745929525957e-05]]
[[0.5175143638386013, -0.12492423492413418, -10.207062314407205, -0.04646048241348548, -0.00742481035955923, 0.017503383620802428]]	[[0.07279034083073044, -0.5708155031260937, 0.19960414739877486, -1.2090223497216397, 2.8996209746683923, 0.00010752207420889095]]
[[0.5162344170065363, -0.1282458343678902, -10.222579749906053, -0.04628220680719857, -0.008641055281407649, 0.018282116677141476]]	[[0.07278537592034416, -0.5708213291302661, 0.19959572968953132, -1.2089702835361422, 2.8996422630876766, 0.00012548809780543027]]
[[0.47578579496488693, -0.10155185867270289, -10.224738339460474, -0.045561046270609, -0.0091360006640362, 0.019140660038542093]]	[[0.0727998607811723, -0.5708176449345217, 0.1995865408467401, -1.208983435843778, 2.899623294708102, 0.00012521147717915125]]
[[0.5556706570468096, -0.059937311955401085, -10.232741540958704, -0.04566704571809663, -0.012084680070797795, 0.018576179371562185]]	[[0.07277368917208485, -0.5708193002143029, 0.19960550254755183, 1.2089660621242084, -2.899629819756733, -0.00014607554895689433]]
[[0.5610771445048325, -0.03404839404948151, -10.242475296323258, -0.04594929641268092, -0.01353576507130368, 0.01902487462961154]]	[[0.0727993923595134, -0.5708361523056101, 0.19962157381662193, -1.2089839577995862, 2.899626700226138, -2.5997381673982467e-05]]
[[0.5358560739877724, 0.004964490081805439, -10.244368178827674, -0.046318124768820856, -0.014544061040571085, 0.01966479052358784]]	[[0.07280196563696015, -0.5708268308302884, 0.19959735881173712, -1.2090054948300986, 2.8996276322458057, 0.00012511609966814165]]
[[0.5238059088043103, 0.019735625966669723, -10.246227929414069, -0.04761863831743192, -0.01510502387328887, 0.020156004829030048]]	[[0.07280849199850249, -0.5708285804750938, 0.19959971794980044, 1.2090444144613066, -2.8996216862917965, -8.868398774769862e-05]]
[[0.5634020737295954, 0.07783684385692746, -10.250779571212165, -0.04783139412061803, -0.016839282539441815, 0.019781279719344215]]	[[0.0727821943449026, -0.5708230014971934, 0.1995890643705524, 1.208965310631908, -2.899630194460055, -0.0001460719700622245]]
[[0.6034371216736689, 0.11763350070169731, -10.260091474033747, -0.04832964938624663, -0.01834544335924117, 0.01944493232230496]]	[[0.07279646084358661, -0.5708085647472219, 0.1995905745914538, -1.209018338498589, 2.8996074847424014, 0.00018060780925322224]]
[[0.6295646146344117, 0.19460029013313015, -10.263967875051566, -0.04805735200722974, -0.019979819420083172, 0.02012973017679345]]	[[0.07280115534814446, -0.5708381459614987, 0.19962290830648893, 1.2090466512266491, -2.899580179594556, -1.4202379903002495e-05]]
[[0.6175544495133303, 0.22205953766240394, -10.2580888980979, -0.04854539119306467, -0.020188846652642926, 0.019890980940090133]]	[[0.07277614256576384, -0.5708326555749168, 0.19959853368620067, 1.208990378239756, -2.8995930124216645, -0.00010989316304319868]]
[[0.6528301396233285, 0.21820524927872867, -10.252483643272091, -0.04947481303515837, -0.020907506110817153, 0.020143416307297993]]	[[0.07279689132650063, -0.57081998562901, 0.19960240292388726, 1.209056701788255, -2.8996041020923133, -0.00010802117854354391]]
[[0.6423913513361215, 0.23383674192796883, -10.244624401182659, -0.04962311931374631, -0.020944960591770354, 0.020142212957614262]]	[[0.07279690505406301, -0.5708200909908799, 0.19959589258699262, 1.209057278956409, -2.899605540130611, -0.00018213326862789533]]
[[0.6144967515538252, 0.2262763481316314, -10.233511502838827, -0.04990422619471812, -0.019888976340036592, 0.02080925512316122]]	[[0.0727885577397887, -0.5708208948805799, 0.1996090745943892, 1.2090340270154798, -2.8996002007072423, -8.993069500346968e-05]]
[[0.6119700761362323, 0.2108348460106062, -10.217259097703044, -0.049999557560682736, -0.01902219343759773, 0.020891026278074713]]	[[0.07280398496637318, -0.5708232567510565, 0.19961399708381727, 1.2090863712785827, -2.8995778977366222, -7.046853668756153e-05]]
[[0.5701090491996584, 0.1315193827038517, -10.201528783117228, -0.0512141937707479, -0.01692575541057785, 0.021300572530253876]]	[[0.07278496490342817, -0.5708214796709354, 0.1996012425444349, 1.209003353166052, -2.8995751307889837, -0.00012885439101816804]]
[[0.5995272424645126, 0.09507963285354731, -10.208374527934804, -0.05105580858771036, -0.015993179851694045, 0.020746381656810614]]	[[0.07280734405946514, -0.5708233868264355, 0.1995994948535464, 1.2090392438006958, -2.899560135277105, -0.0001281041123996792]]
[[0.6103267666993621, 0.015428737735700138, -10.20733338889452, -0.05120474916457535, -0.014285202057635452, 0.020123064571391788]]	[[0.07279459438536132, -0.5708269072942265, 0.19961069914062157, -1.2090224464424328, 2.899621461035522, 8.768781647726917e-05]]
[[0.6262847104007471, -0.011557872495157051, -10.194800052444284, -0.049328838031143483, -0.012180820432036044, 0.01973316406684135]]	[[0.07279227769968251, -0.5708177604035886, 0.1995977282703285, 1.20900887926774, -2.899584515074866, -7.20828418494323e-05]]
[[0.610766282792952, -0.06662674771955546, -10.205825366668655, -0.048492654449449904, -0.009993120409791646, 0.01915294250501232]]	[[0.07280470479868456, -0.5708218782458527, 0.19959162759078988, 1.2090743801667494, -2.8995979944344614, -0.00016304278369748464]]
[[0.6136135906022688, -0.12722295102291634, -10.220630488972308, -0.04803713827494088, -0.008303736279537458, 0.01930301896461137]]	[[0.07281234068364692, -0.5708232080400869, 0.1995939851010937, 1.2090049332025639, -2.8996261035732798, -0.0001259862971974055]]
[[0.5811158624171645, -0.15110610314155395, -10.205105485623648, -0.046684300060315854, -0.0054277005289553905, 0.019714457230180994]]	[[0.07281699333810115, -0.5708253330075413, 0.19960519424064965, -1.2090874392986317, 2.899580907185838, 8.741262299883263e-05]]
[[0.5367878272925197, -0.20305342204309346, -10.205315587644419, -0.04619196047098209, -0.002940463159924557, 0.019862507452796895]]	[[0.07280178219547564, -0.5708241423549433, 0.19959933359862075, 1.2090426750164216, -2.8995703826723656, -7.208488544668152e-05]]
[[0.5361318285267913, -0.24230802777727484, -10.207342211534868, -0.04628285535403359, -0.0022691883323366704, 0.019862406088808574]]	[[0.07278484943784704, -0.5708267140606986, 0.1995939851010937, 1.2089876513647904, -2.8996333128796477, -0.0001259871504353657]]
[[0.5660741536714384, -0.2410740888780807, -10.216794678801977, -0.046001983251561046, -0.002685830176528896, 0.01941435697208534]]	[[0.07279985298282458, -0.5708176215377975, 0.19960123127455828, -1.2090007862577508, 2.8996161508369793, 0.00012446636524843932]]
[[0.5471369159650843, -0.23054148215529452, -10.209541104248444, -0.046176972875247406, -0.002355107619295971, 0.018987286401163504]]	[[0.07279350645721762, -0.5708274561368324, 0.19958949955801725, -1.2090097677061198, 2.899637852631458, 0.00016316894050749802]]
[[0.5283444106504178, -0.18936980518794108, -10.204633291580858, -0.04583833141316732, -0.0026209390498642127, 0.01853695389216785]]	[[0.07280662378353998, -0.5708235269443517, 0.19961518462091266, 1.2089916381343968, -2.8996427868357615, -5.0506654392469155e-05]]
[[0.5245259457082532, -0.17421792576204126, -10.203428587894289, -0.04673774273737441, -0.0032766131321714208, 0.01845890295347968]]	[[0.07279802558118055, -0.5708230301195721, 0.1996061584774979, 1.209073944879151, -2.8995968549304436, -0.00010689998456451114]]
[[0.5627080295638743, -0.08036342749375708, -10.202578725469913, -0.045629528479970996, -0.005310843937554436, 0.01813352286301025]]	[[0.07279552528433815, -0.570819753916448, 0.1995798771670439, 1.2090005814945046, -2.8996155486412776, -0.00014644316349608186]]
[[0.557246502855893, -0.07478321234070281, -10.202443837245557, -0.04752333678710775, -0.006404712979846409, 0.018442885997395603]]	[[0.07277648291549758, -0.5708200070173586, 0.19958532955908592, -1.2089751619547695, 2.8996519542465142, 0.00014557307798881029]]
[[0.6460816939018659, 0.042523356716609284, -10.202267280304374, -0.0467898189821986, -0.009621143112624242, 0.01793426084110833]]	[[0.07276806905416729, -0.5708334804868872, 0.19959758749568954, 1.2090034914578962, -2.89957378648311, -7.196463136338295e-05]]
[[0.6774335747762925, 0.11671853823979778, -10.195541436491258, -0.047012487755791435, -0.011625470609110115, 0.018139079233714238]]	[[0.07279248034403346, -0.5708279591730878, 0.1996175915161592, 1.2089860647134885, -2.899631339861647, -1.3325605399173936e-05]]
[[0.7254195878901875, 0.20180876870672415, -10.205697748229474, -0.04629676040143529, -0.014205288133367376, 0.01872205905480953]]	[[0.07275948236019113, -0.57083179395394, 0.19958949955801725, -1.2089233524184204, 2.8996738854999955, 0.00016316894118920418]]
[[0.7399018212194196, 0.2841311340628617, -10.20976177450502, -0.045323781864492194, -0.016699518223523908, 0.018366536470648256]]	[[0.07278715670914741, -0.5708138387092019, 0.19958723860195313, 1.2089704032788515, -2.8996422855303097, -0.00020234194379741856]]
[[0.7410978102802173, 0.2993125227950617, -10.220410026390674, -0.04645236200515344, -0.01820727995063142, 0.01859164726566502]]	[[0.07278433388901377, -0.5708288014963867, 0.19956703931399733, 1.209000241918491, -2.899616963371894, -0.00020221474442608595]]
[[0.7088473995604165, 0.28840927382997106, -10.206894649311904, -0.047988677139924524, -0.0189302702138062, 0.01893441402548194]]	[[0.07277303422910898, -0.5708276546479119, 0.19960600535952744, 1.2089515599199694, -2.8995950178258427, -5.3996079960891637e-05]]
[[0.6427294908537097, 0.2746885762015423, -10.193094557312943, -0.04903942750045856, -0.01814726968573665, 0.01946651453446078]]	[[0.07279093737730594, -0.5708176834623806, 0.19957631013629978, 1.2090053476803575, -2.89957611551785, -0.00020445615296210289]]
[[0.6431943483296974, 0.27281838746251885, -10.18522181366149, -0.04971395890184017, -0.01893113102399955, 0.019439270806735204]]	[[0.07280100319241385, -0.5708276636000837, 0.19959069021229187, -1.2090096089452742, 2.899637490991931, 0.0001444538292147651]]
[[0.700047682576725, 0.29805339410489007, -10.196380763112861, -0.04985710630887195, -0.020608046804402494, 0.018863897036185767]]	[[0.07278065026301347, -0.5708324658289424, 0.19961212031904468, 1.2089803344863963, -2.8995686914781755, -1.646825785281723e-05]]
[[0.6825858978908013, 0.29853408638609524, -10.185694128420247, -0.04986070542883802, -0.019385829322768694, 0.018874020255053935]]	[[0.07279398759181555, -0.5708190415784813, 0.19957866431557209, 1.209030748128052, -2.8995904981544958, -0.00016615575265269505]]
[[0.6539201527619359, 0.29951619183500955, -10.183618218319229, -0.049921224550891805, -0.017969925844767722, 0.0187699955863367]]	[[0.07278564852542886, -0.5708220261015906, 0.19960359046051673, -1.2089533260145093, 2.8996502110371924, 8.805922952394064e-05]]
[[0.6485325723653901, 0.22947638925857336, -10.184287408205455, -0.051702937037994896, -0.0168356877493081, 0.018700990239962814]]	[[0.07279353053696466, -0.5708143593642161, 0.19960965528914387, 1.2091040624519505, -2.8995714450113144, -0.00010901983133121522]]
[[0.6525748418476051, 0.23106724189063838, -10.170705986576456, -0.051152082304141734, -0.015732299040729595, 0.01914783679726809]]	[[0.07281158692976228, -0.570831366459088, 0.19958733166376796, 1.2090435708710818, -2.8995708810177727, -0.00011026214251883192]]
[[0.6527125120891393, 0.17978666104838562, -10.168816225004697, -0.05149101929900006, -0.014284701745331248, 0.019056728257718456]]	[[0.07278037927974107, -0.5708215076559716, 0.19960123927148965, 1.2089951936935055, -2.8996043504753004, -0.00012760849207850517]]
[[0.706184708617219, 0.16916832155534067, -10.17058716595755, -0.05053699208953835, -0.014215547377674317, 0.018228766210535204]]	[[0.07279918461202516, -0.5708328204530989, 0.19962332944018066, 1.209029140834211, -2.899586694431732, 2.2106979374851256e-05]]
[[0.7208953239695248, 0.13939970111852718, -10.162855757816132, -0.05016185499604518, -0.01335112205653792, 0.017683097121050102]]	[[0.07277857119462526, -0.5708221967589981, 0.19959572968953132, -1.209022132062403, 2.89962064234482, 0.00012548757805882284]]
[[0.719842579201299, 0.08504164218451754, -10.169948616824179, -0.04964696821355128, -0.011961475285923923, 0.01766682205184886]]	[[0.07280127835984537, -0.5708316972217485, 0.199608795010404, 1.209055985439657, -2.899602642697454, -3.2788917373949956e-05]]
[[0.7053062961425225, 0.0755302995661547, -10.189962669972578, -0.04758594556685811, -0.010086399024463243, 0.018270503087428887]]	[[0.07280776599684612, -0.5708265951472158, 0.19960424959459716, 1.2090441361682134, -2.8996209312887715, -5.013034314109478e-05]]
[[0.6504778587334028, -0.007725933577265143, -10.17967198807957, -0.047389374456208555, -0.007830591570650847, 0.017612333934536532]]	[[0.0728053888194608, -0.570823663031769, 0.19960065523350484, 1.209091210921701, -2.899589684255699, -0.00010727313798003781]]
[[0.6233069255888724, -0.0569394610341693, -10.17720674868677, -0.04661572521339305, -0.005791938929427934, 0.01807975173342592]]	[[0.07279566724251095, -0.5708234804021619, 0.19959814125839848, 1.209030113142067, -2.899588956521286, -9.017699987588852e-05]]
[[0.5694733077437725, -0.09215962071831246, -10.171167008554479, -0.04541215504789976, -0.0035651494213036136, 0.018152099619028236]]	[[0.07278190015587381, -0.5708221756049514, 0.19960240452500227, 1.2089830078910808, -2.8996219209473986, -0.00010864438492079512]]
[[0.5465247444770978, -0.15118998640298828, -10.174895167575656, -0.04517577140504871, -0.0021510484122428987, 0.018267912518064824]]	[[0.07279403529417025, -0.5708218538976599, 0.1996048033647153, -1.2089659650971456, 2.8996319534817205, 6.832151235210978e-05]]
[[0.5295771757570726, -0.19008177477410765, -10.174750670964585, -0.045374965202906375, -0.0014503143749071933, 0.01852142451057821]]	[[0.07281446827555196, -0.5708288514474802, 0.19960760427125568, 1.2091079928292565, -2.8995813836535027, -5.1503776894835523e-05]]
[[0.5238947831082067, -0.16035744283559847, -10.173096553129984, -0.04439898221963555, -0.0016697837830412197, 0.018309997925907692]]	[[0.07278709665853934, -0.570822415408339, 0.199590248657198, -1.2090000218197088, 2.899616417207606, 0.00012483768801762926]]
[[0.5716768673425439, -0.12663970153791865, -10.177827743363553, -0.04410544284895937, -0.0029053739470586773, 0.018654287328562672]]	[[0.07280547719151659, -0.5708223911941315, 0.1995939756707452, -1.2090212670520157, 2.8995683672395214, 0.0001221943191210411]]
[[0.5911276907008541, -0.09653364861660613, -10.162972596572292, -0.044438440942874566, -0.0043573143738665256, 0.018856573730948876]]	[[0.07277010629679034, -0.570822006731525, 0.19958654404015408, -1.2089915928391455, 2.8996446696661153, 0.00012648370421877158]]
[[0.5635408044781656, -0.031147388768048068, -10.158334769434155, -0.04459641190715781, -0.004641205242453705, 0.01917992106931036]]	[[0.07280036741569797, -0.5708203773605814, 0.19960240776965824, 1.2090775816257466, -2.8995566697466435, -0.0001098907480621716]]
[[0.544642322526342, -0.018319272581837576, -10.143006955601205, -0.04607254433285982, -0.005501604856222132, 0.019223876183872127]]	[[0.0727786966547959, -0.5708224806608474, 0.19961026054398912, -1.2089714803500862, 2.8996430898794583, 6.934496987980482e-05]]
[[0.48850528332126986, 0.031637501251933875, -10.132241577540851, -0.04697185907697454, -0.005733562656318938, 0.02005850797082216]]	[[0.07276967279136477, -0.5708241877956465, 0.199610263703828, 1.208986581312164, -2.8996324655846655, -7.059271015094595e-05]]
[[0.485751218603377, 0.03890903342636792, -10.11931444339634, -0.048910389620862076, -0.006992689826208837, 0.020020785078214073]]	[[0.07279414593193434, -0.5708257036790949, 0.19960184277067594, -1.2090397047152597, 2.8996142227790376, 8.731089601463861e-05]]
[[0.4710720103240337, 0.09460711563382074, -10.107840590911506, -0.049253508483074124, -0.007654523952511014, 0.019639765335054692]]	[[0.07279010326813949, -0.5708250270801757, 0.19961399708381727, 1.2089819820073928, -2.899621423944933, -7.04680595963915e-05]]
[[0.47269677802959376, 0.12277680652725614, -10.091512890241278, -0.049859045609557964, -0.0081305702469876, 0.019166622982278343]]	[[0.07279630679479988, -0.5708279714931458, 0.19960519424064965, -1.2090176159821113, 2.8996100208799658, 8.74121911647721e-05]]
[[0.5280988911863964, 0.15089384607786585, -10.094651304444419, -0.04967704503107344, -0.0100142367138258, 0.019840089433110598]]	[[0.07280217768828394, -0.5708217864855554, 0.199611481459588, 1.2090471181079616, -2.8995809697709443, -5.274898112244178e-05]]
[[0.46099807428323913, 0.1444392200412949, -10.077186493072073, -0.04978530578378679, -0.008841682195156141, 0.02125499307335007]]	[[0.07277957391014864, -0.5708282718494603, 0.19959517419697917, 1.2089056373742615, -2.8996799871655456, -0.00010664859010423938]]
[[0.5241270319222696, 0.1452965249204862, -10.078811707781785, -0.049391401070871824, -0.0100603391189862, 0.02059341170512375]]	[[0.072803723306588, -0.5708259186196339, 0.19961640397876562, 1.2090469223741522, -2.8995805750469303, -3.3287127912985916e-05]]
[[0.5625749212450262, 0.13068741765402309, -10.082692803866, -0.04951554778407019, -0.010738286831800462, 0.0207820267580298]]	[[0.07279619358611938, -0.5708180954384032, 0.1995998857334209, 1.209073859989181, -2.899596561426311, -8.967895967196672e-05]]
[[0.5962383418774224, 0.11766094378276243, -10.092113158300014, -0.04936433896379849, -0.01125592065184933, 0.019874873140942696]]	[[0.07279065974653166, -0.570819793476424, 0.19959456440742807, -1.209026299924452, 2.8996305532456286, 0.00014445281766229583]]
[[0.6145215216192976, 0.0689574851932514, -10.097093944805628, -0.04954519939951374, -0.010152297722321475, 0.020191469902391627]]	[[0.07279252489455457, -0.5708314965599918, 0.19961427607673435, 1.2090334688475732, -2.8995991021450016, -3.341368801379911e-05]]
[[0.6018382182398445, 0.056012652446200184, -10.10319087935058, -0.04861580303419908, -0.008990889786385348, 0.01988148837675053]]	[[0.07279184695329027, -0.5708132914289107, 0.19958627009575863, 1.2089962433909742, -2.899604854621147, -0.00016540706959853257]]
[[0.6086524614703928, 0.02126679370136475, -10.115101401658663, -0.048810184727126234, -0.00829627858396666, 0.019655341617398778]]	[[0.07280115614387873, -0.5708280929616618, 0.19958375322755778, -1.2090788674748771, 2.8996090277075344, 0.00016391646313520202]]
[[0.5876806230274457, -0.0011943790355930517, -10.123009754941421, -0.04902864082006313, -0.00718021456774591, 0.019030672706310935]]	[[0.07279163791091309, -0.5708224041363064, 0.19959025185068344, -1.2089915580503168, 2.899644640500656, 0.00012611097248573945]]
[[0.5596473418233543, -0.010307973774132562, -10.131531618808616, -0.04921663117354297, -0.00540973068013852, 0.018936523647510077]]	[[0.07279196032534183, -0.570833309667055, 0.19962999966236222, 1.209028310242524, -2.899586591763627, 4.082002766223783e-05]]
[[0.6153187029242244, 0.007162501709680469, -10.156943885997716, -0.04838265929584949, -0.005435893742317746, 0.018802214145503968]]	[[0.07278475519580363, -0.5708298605681754, 0.19959736357272906, 1.208965090211821, -2.8996297895510383, -0.0001269858296979602]]
[[0.6340628680366671, 0.00536680445357568, -10.157468299350695, -0.0476328981920983, -0.005146999120481697, 0.01822891160643579]]	[[0.07282587736558464, -0.5708334954542911, 0.19961490515230262, -1.209110242548963, 2.8995870199834317, -6.635082575773039e-06]]
[[0.6374792274141728, 0.017064735685346943, -10.150475178398876, -0.04695736791515969, -0.004500661133359143, 0.018168144884801493]]	[[0.07281937728553059, -0.5708161290234046, 0.19960906983340976, -1.2090577513793481, 2.899606693006967, 8.806064663274502e-05]]
[[0.6155187089847924, -0.03714364613066018, -10.126509852521487, -0.04790432163929313, -0.0032104269428817715, 0.018222887669894734]]	[[0.07281247507887888, -0.5708132541059839, 0.19959080573939603, -1.209087019551781, 2.8995796867057275, 0.00014430130652249171]]
[[0.6004095237970182, -0.05843828650916566, -10.117917213412907, -0.04837426841222514, -0.002196200856030367, 0.01829276622072395]]	[[0.07280679256037922, -0.5708240690148684, 0.19958731337651325, -1.209061483522697, 2.8996158828552736, 0.00014407804430519272]]
[[0.5983292535251552, -0.08601357090154121, -10.113050206679722, -0.04797181089627228, -0.002112320709331327, 0.017857307160064693]]	[[0.0727931701845426, -0.5708264294449316, 0.1996163991752795, 1.2089907854577275, -2.899642707422011, -3.1417361588129014e-05]]
[[0.5805214989037084, -0.11916651840938597, -10.083797012784416, -0.0476831290506431, -0.0009772157728833789, 0.01807708235419758]]	[[0.07280638118716472, -0.5708229812358393, 0.19958614653490814, -1.2090450466725111, 2.899623153874101, 0.00016241884941365858]]
[[0.5825993126466855, -0.16925275916798324, -10.079414047615625, -0.047793607150620226, -0.0013331183989429979, 0.01827884382795126]]	[[0.07278791423472886, -0.5708260180788307, 0.19959282309138232, 1.2090425630442316, -2.899572110799911, -0.00014619792481342133]]
[[0.5442122937944553, -0.160468660770103, -10.0806391998223, -0.04724410043059248, -0.0009576170481621037, 0.01927548860216058]]	[[0.07279689132650063, -0.57081998562901, 0.19960240292388726, 1.209073984910545, -2.8995968958766465, -0.0001080212969239314]]
[[0.5394948133165715, -0.14729742589382472, -10.079023799513298, -0.04695959711386564, -0.0012287243489592335, 0.0191711810527367]]	[[0.07278559210648641, -0.570828743681809, 0.19958950114499702, 1.208987923404156, -2.899634052774944, -0.00016379195406946944]]
[[0.6181097953680379, -0.131253791548206, -10.088099166467243, -0.04718290686336555, -0.003305892176694393, 0.019173521176889162]]	[[0.0728151496552412, -0.5708272994689454, 0.19960638814488507, 1.2090435845252143, -2.899621583855854, -6.996991355679573e-05]]
[[0.6169278015445501, -0.10356910001060265, -10.10532886884371, -0.04716856737711239, -0.004205063196785302, 0.019271392262547152]]	[[0.07278883568755709, -0.5708182786956039, 0.19959200118735243, 1.2089870532840148, -2.8996336384857924, -0.00012748192097192688]]
[[0.6165212500761517, -0.07805734652224977, -10.120950908207746, -0.047916068009883066, -0.005152550868931273, 0.019357202075656017]]	[[0.07280719691527422, -0.5708229738082706, 0.19960616496694958, 1.2090729792284052, -2.899545621690849, -0.00010939151835186857]]
[[0.6023005604339475, -0.03341186784128497, -10.124227110451091, -0.04847518495711141, -0.006024585053400797, 0.01935456016620652]]	[[0.07279901998501419, -0.5708256864011381, 0.19958717919934416, 1.2090391971795964, -2.899611027636343, -8.892862147430445e-05]]
[[0.5488562286084913, 0.00884592934276901, -10.115335796408047, -0.04925920489187503, -0.005350258446994022, 0.01974995563375631]]	[[0.07280126744580466, -0.570828338434965, 0.19959852725336985, 1.2090784483451307, -2.8996079236611285, -0.0001073987892567831]]
[[0.5924371221798086, 0.028307157772793745, -10.09944803533862, -0.05079313801128007, -0.007144580579502017, 0.0198256931832324]]	[[0.0727791047843038, -0.5708283336116604, 0.19960719782293843, 1.2089805306630588, -2.8995690863767485, -3.592986150477453e-05]]
[[0.6138417727650254, 0.0842447402764937, -10.079310549667403, -0.051286696156926534, -0.008808820573192093, 0.020200789050422628]]	[[0.07278390984788487, -0.5708309551412792, 0.19960520223777908, 1.2089602343905277, -2.899618039589852, -9.055441178735113e-05]]
[[0.6698041901734239, 0.09300841441248131, -10.0616533602165, -0.05256675651917113, -0.01040871579932743, 0.0204938418165946]]	[[0.07279703844506172, -0.5708203986087456, 0.19959573284929488, 1.2090229653259092, -2.8996186158097355, -0.00012673490426954052]]
[[0.6728110718378568, 0.11298240047620306, -10.04904148389449, -0.05291705510665454, -0.010989094012839817, 0.020556085008607734]]	[[0.07279107108862419, -0.5708208812529496, 0.1995957312623421, -1.209009552685662, 2.8996371173415953, 0.0001261120173444169]]
[[0.6916454772893466, 0.11313276704923875, -10.030275509604586, -0.053039842484618, -0.012375322184461312, 0.02015164687236937]]	[[0.07277251928058154, -0.5708318506970146, 0.1996051990213233, 1.2089347914726376, -2.899654465064083, -8.930834212299236e-05]]
[[0.6997930030232149, 0.16559888409018786, -10.033529970644013, -0.05086465645154592, -0.012148014142016293, 0.019236690611363277]]	[[0.07278526128532214, -0.5708244040068489, 0.19959146634675798, 1.2089229543082187, -2.8996728074926823, -0.00010702139299907696]]
[[0.6605742252578469, 0.13932374997791308, -10.016900732806304, -0.050280876576335565, -0.01074826276296341, 0.02027363438726437]]	[[0.07277432744892323, -0.5708311615267911, 0.1996107087901258, 1.208968411110884, -2.8995887852116726, -9.142916684925451e-05]]
[[0.6714449687301585, 0.12379815636787572, -10.027020861292803, -0.04975289487602778, -0.010649610451853725, 0.01941008091351947]]	[[0.07278534072127868, -0.5708381623146861, 0.1996058613741601, 1.2090071439784114, -2.8995846818648476, -5.262705883630538e-05]]
[[0.6497587003300291, 0.1299700307530221, -10.044391619200116, -0.04848117102235332, -0.009755775098568644, 0.018955558048838195]]	[[0.07278175833428274, -0.5708184492378798, 0.1995841404925603, 1.209004634064837, -2.8996271842670365, -0.00016491126776752244]]
[[0.639728179007969, 0.13306394447468756, -10.043713842240889, -0.04714874103587359, -0.008553159274690407, 0.018908310558818617]]	[[0.07278490228304571, -0.570830273495295, 0.19959069340038815, 1.209017078745575, -2.899608562400965, -0.0001457004222067405]]
[[0.6580718393765266, 0.1133798213934169, -10.070359681940273, -0.04645397472401226, -0.00788509140305766, 0.018785763830991294]]	[[0.0728057307743257, -0.5708313615400498, 0.19960895783018945, 1.2090818662201588, -2.8995672664076375, -8.943347662398822e-05]]
[[0.6277524531437277, 0.09383936246970376, -10.07802675003727, -0.04614974365149666, -0.006557903120278142, 0.019291516109503345]]	[[0.07278970774402742, -0.5708273830091234, 0.1996018491468895, 1.2089602559409791, -2.89961804233478, -8.980363018738237e-05]]
[[0.6250362343737985, 0.08538379277227381, -10.09380058831429, -0.0468958233056566, -0.005438916931113397, 0.018989209779851274]]	[[0.07280085609515591, -0.5708272506765455, 0.1995973603845924, -1.209078603672253, 2.8996082771788974, 0.0001257397908465025]]
[[0.6511888142425135, 0.07920221835607211, -10.110973375116675, -0.047466032019164, -0.005172233130284684, 0.01914943614229264]]	[[0.07280493465461638, -0.5708120566984974, 0.19962415579682094, -1.2090367633735057, 2.8996028876017492, 5.073200144554446e-05]]
[[0.6386579130753836, 0.061375578947822196, -10.119289775558816, -0.04792339252848199, -0.003925313322970272, 0.01982319157026513]]	[[0.0728201078221755, -0.5708215071678286, 0.1996006536465198, 1.209079180597338, -2.8996076071416303, -0.00010664997001299953]]
[[0.5933574732220402, 0.03507833560009138, -10.115370337772319, -0.04867551573739314, -0.0024315148774337048, 0.020003791617779355]]	[[0.07281343378421767, -0.5708193459471453, 0.1995902502778955, -1.209040073383904, 2.899613145304578, 0.00012548749067560654]]
[[0.6232354545332155, 0.04975403865140843, -10.106162126687073, -0.04817418960668311, -0.002409398289181037, 0.019755926932558808]]	[[0.07282055633337528, -0.5708227107611151, 0.1996095100168037, 1.2091130501884384, -2.8995934429833548, -0.00010702664129181539]]
[[0.6785752524709272, 0.06193864880557559, -10.112230802515763, -0.04789074024884979, -0.003164925620649413, 0.01904918838807225]]	[[0.0727813574310987, -0.5708241183754742, 0.19959692674790303, 1.208943168568872, -2.8996256429778984, -0.00010926584412025624]]
[[0.6265261150301291, 0.040335489013863024, -10.11290576123924, -0.0482697437269209, -0.0018235729852333696, 0.019758910442270503]]	[[0.07279580898449817, -0.5708272063133342, 0.1996164056082117, 1.2090423601753946, -2.8995695690554966, -3.3911331579432735e-05]]
[[0.6625225043355745, 0.03970081928174202, -10.125066215485234, -0.048057272979764636, -0.0024368122729614833, 0.019541458617863456]]	[[0.07280820330858759, -0.5708208858859912, 0.1996061536968456, -1.208983647198701, 2.899623775545133, 0.0001050050689031244]]
[[0.6845578033291955, 0.0037542858658426437, -10.132393690977707, -0.04781039387342024, -0.002809009059898386, 0.018723940202668102]]	[[0.07280609021348956, -0.5708152320243048, 0.1995919964069739, -1.2090360079128235, 2.8996013862502283, 0.00012558659940782837]]
[[0.7191146488429448, 0.016395229476173445, -10.143690826270095, -0.04649378418407849, -0.003939961020828598, 0.01778787236321763]]	[[0.07278289509081805, -0.5708248307096845, 0.19959813964316703, 1.20896485155559, -2.899629075976659, -8.955386270919788e-05]]
[[0.7209983033566915, 0.018255765820559655, -10.138964026656053, -0.04610130626128591, -0.004343082947530698, 0.017929951876461528]]	[[0.07279971642923516, -0.5708275190250837, 0.19961853936756171, 1.2090043377878599, -2.8996245714018487, -5.187987081916978e-05]]
[[0.7001234158251928, 0.01541142236194476, -10.137482810209189, -0.04585880447248987, -0.004046161943958515, 0.01781433993496064]]	[[0.07279283294307112, -0.5708324281387869, 0.1995944251012311, 1.2089651915965651, -2.899630144578672, -0.0001449522994278465]]
[[0.6425692481531708, 0.004803561561541325, -10.137687982646499, -0.046036225562633606, -0.002697496419762767, 0.0187123062942422]]	[[0.07280221787646315, -0.5708274561970579, 0.1995975778466706, -1.209040509864701, 2.8996143036064455, 6.822077247200735e-05]]
[[0.6574086430233351, 0.023134136216975354, -10.155233609093552, -0.04580153657035982, -0.0030373257414794998, 0.01932986149665641]]	[[0.07279884873913446, -0.5708218078567338, 0.19960480655827753, 1.2089918104896766, -2.8996432037678397, -6.959340349469749e-05]]
[[0.6630207877616041, 0.04830786280468602, -10.161644182492923, -0.04575371403320905, -0.003324591451622668, 0.01907733811503361]]	[[0.07278766452016848, -0.5708287294010502, 0.19960284794562141, 1.2089687084829144, -2.8995895341851257, -0.00012885532027486678]]
[[0.6238553737227572, 0.009391408747396024, -10.154970443851862, -0.04768159506717136, -0.002710174120621342, 0.01986915790739825]]	[[0.07279080939479789, -0.5708235431968586, 0.19959813804207766, 1.2091083695480327, -2.899582144627001, -8.893148672415843e-05]]
[[0.6087553518264902, 0.023239145933292016, -10.160914094307955, -0.0486016466705896, -0.002677850742519274, 0.019758821500953636]]	[[0.07281120666880847, -0.5708167656287568, 0.19958654404015408, -1.2090621065784766, 2.89961526416696, 0.00012648365023792602]]
[[0.6299765666579714, 0.052562404770802484, -10.16219176716065, -0.04940069359760786, -0.0031730033529863318, 0.01980800755912159]]	[[0.07280112031554105, -0.570827925424009, 0.1996051974343084, 1.209043743310992, -2.8996219458497845, -8.868503632725958e-05]]
[[0.5998382932160775, 0.04282456598286094, -10.14913511633254, -0.05034926641096476, -0.002828093061715938, 0.01998739051281772]]	[[0.07280271722169328, -0.5708165083973331, 0.19959200118735243, 1.2090568769020367, -2.899604524907252, -0.00012748191897798684]]
[[0.6131332664310931, 0.03562752516529022, -10.14506158953214, -0.05061762370724962, -0.003348162144220304, 0.020176908280455732]]	[[0.07277795036844087, -0.5708307281895052, 0.19959736357272906, 1.2089823738916092, -2.899622584843496, -0.00012698650625476087]]
[[0.586911498426801, 0.02762602554714433, -10.128347100724229, -0.050803303517672406, -0.0035022350527117788, 0.02022784250122449]]	[[0.07278933202801488, -0.5708250179908021, 0.19959397877659885, -1.209012694078965, 2.8995982736357986, 0.00012346617309959694]]
[[0.5825720506292351, 0.013846095555200555, -10.124423544773279, -0.05102748685584343, -0.0035291964703465795, 0.020490537918991497]]	[[0.0727889231907992, -0.5708272669399135, 0.199603055675439, -1.20898390256555, 2.899624502038184, 6.757286366600108e-05]]
[[0.6073876178842479, 0.007928467509487558, -10.115842386899738, -0.05038564536244895, -0.004062578540671633, 0.020533211461750692]]	[[0.07280106815158324, -0.5708222063450838, 0.19961148308900178, 1.2090771215493838, -2.8995555507574187, -5.3373093483185506e-05]]
[[0.5766412522478306, -0.024299818358944292, -10.11433358639955, -0.0498732972216173, -0.00297695064455146, 0.02063629568941749]]	[[0.07279080939479789, -0.5708235431968586, 0.19959813804207766, 1.2089866962623428, -2.8996328760922854, -8.89305753990584e-05]]
[[0.6098314628597332, -0.05449942167062888, -10.119944186501268, -0.04921693430926562, -0.0031970374401406702, 0.0203166673218763]]	[[0.07280387048883928, -0.5708263317537966, 0.19960973382819164, 1.2090643442304505, -2.899573758854579, -5.200132110778981e-05]]
[[0.647890000452813, -0.1090279644082035, -10.10031808285897, -0.04900453991672085, -0.003803640349862813, 0.019889869549705525]]	[[0.07279048781091378, -0.5708123620215303, 0.19960079272309708, -1.209052135406128, 2.899595116880911, 0.00010612257466346356]]
[[0.6273889225956033, -0.10947632430006554, -10.10413416826825, -0.04851690220560427, -0.0033595049471629446, 0.01951482720012398]]	[[0.0727854683329856, -0.5708126862061385, 0.1995851016534023, 1.209034835826356, -2.8996020925365547, -0.00018312597816689253]]
[[0.6308151038143274, -0.14883267288346907, -10.107287333436997, -0.049050113396224865, -0.002860535608052661, 0.020180394866333468]]	[[0.07280195707300101, -0.5708232545664219, 0.19960065045292183, -1.2090879974707738, 2.8995802321152673, 0.00010537659682204116]]
[[0.6437866341032443, -0.17993008326477175, -10.107160653210398, -0.049436604868847746, -0.0026158774363439982, 0.01966044766051972]]	[[0.07277342742516299, -0.5708219621787141, 0.19960790932703354, 1.208908638886349, -2.8996399889544904, -0.00010889361851888601]]
[[0.5885429139877209, -0.2004851554799186, -10.112337208567823, -0.05023607608955988, -0.0005128375340816213, 0.019389964463749125]]	[[0.07279986361552021, -0.5708279321848753, 0.19961186919705598, 1.2090390427891604, -2.899610549317629, -7.059410128989613e-05]]
[[0.595416591411388, -0.15526919399700254, -10.124470791288028, -0.04940361110160921, -9.84851533726086e-05, 0.01899067609414422]]	[[0.07280705191688232, -0.5708246590412307, 0.1996163991752795, 1.2090260429673156, -2.8996280064830615, -3.1417311702976995e-05]]
[[0.5714946044177779, -0.10987233429763557, -10.118219931553998, -0.048778359482697334, 0.0004161112201989843, 0.019298319787395116]]	[[0.07280359526195694, -0.570822298105419, 0.19959162919190207, 1.2090525353786037, -2.899594193913188, -0.00016366543568870073]]
[[0.6254878463347329, -0.05419229387543245, -10.14345756450637, -0.048436731567118196, -0.000717872041922165, 0.017978541780531536]]	[[0.07280010540957492, -0.5708218010170495, 0.19959813488232497, -1.2090749669023173, 2.899599478832114, 8.768360709868528e-05]]
[[0.6417961480437717, -0.022093356642911788, -10.138026761340033, -0.048631463784310894, -0.0008662943374692193, 0.01824294344256626]]	[[0.07279124287549303, -0.5708247585811133, 0.1995928182456277, 1.2090562481023275, -2.899605130298404, -0.00014432805167567466]]
[[0.6865321625882781, 0.01888805096845103, -10.155294732544142, -0.048533388330594056, -0.002169620442507965, 0.018252024457149022]]	[[0.07277899121377214, -0.5708245450175594, 0.19960360010961653, 1.2089166234255282, -2.899610445500034, -9.17975035287428e-05]]
[[0.6660122017932097, 0.0378835157021693, -10.151746784343919, -0.04901743761616299, -0.002306581314854103, 0.018238430382321976]]	[[0.07277694591696728, -0.5708313603655182, 0.1996042543979541, 1.2089606268725455, -2.8996170260554277, -5.2001022387150075e-05]]
[[0.6197801575081634, 0.04678540192821162, -10.138426547156941, -0.049280112203247683, -0.0015498570253136973, 0.019075165088186803]]	[[0.07279080148789276, -0.5708235195107209, 0.19961282858559423, 1.2090558320333842, -2.8996039599596446, -8.81861734580941e-05]]
[[0.6460158046643067, 0.030293055231849275, -10.117502542301109, -0.05037242014292856, -0.002593790986426439, 0.018665906496537335]]	[[0.07279304127699626, -0.5708383070170657, 0.19962389586027535, -1.208984052865856, 2.899625011417139, 4.886514284452214e-05]]
[[0.6128071065521989, 0.03578228139064743, -10.105346826768505, -0.049875518647769526, -0.001737436160929369, 0.019270334961607596]]	[[0.07279147504836728, -0.5708185476324049, 0.1996079029507665, -1.2090223506670095, 2.8996210319889597, 0.00010640078903471735]]
[[0.6756787761635561, 0.013125440592899718, -10.079195009312219, -0.04998566821906601, -0.0032840260674257653, 0.018490137526814353]]	[[0.07278694417932774, -0.5708288694311411, 0.19961853778050645, 1.2090427752070418, -2.8996214544131425, -5.1256860014164936e-05]]
[[0.6748261430422586, 0.0012424764688462875, -10.053377675268246, -0.04991979075205429, -0.003571949752196848, 0.018552669275414352]]	[[0.0727826008255381, -0.5708240046149577, 0.19961147984431626, 1.208999140281342, -2.8996138839167918, -5.212654000194636e-05]]
[[0.6337799024667001, -0.02899472523017077, -10.037104538506345, -0.050383955301318346, -0.0026641693094813686, 0.01900157422034339]]	[[0.07279971642923516, -0.5708275190250837, 0.19961853936756171, 1.2090389040691916, -2.899610159097684, -5.188013948620577e-05]]
[[0.6257529701754241, 0.008631621650285914, -10.033618778632741, -0.04937122274131123, -0.0029953147228492655, 0.01803709441938393]]	[[0.0727837626996553, -0.5708305420523117, 0.19961187241355213, 1.2089946617634324, -2.899603237940895, -7.18412894086577e-05]]
[[0.6513191327357772, -0.00727118943908639, -10.023213991662445, -0.04964969852568188, -0.003779872928881038, 0.01756022424383281]]	[[0.07278024836697498, -0.5708245367084304, 0.1996116427342618, 1.2089213236146694, -2.8996217425457114, -0.0001087691551865975]]
[[0.6619798788300794, -0.02897519560653289, -10.020515792141017, -0.05014625749951164, -0.004165215424868973, 0.01768295121365166]]	[[0.07279880836521287, -0.5708353654104193, 0.19959813627305106, 1.2089567260648875, -2.8996078155114478, -0.00014582413406527447]]
[[0.5765169678654664, -0.038834906755891796, -10.005970816392756, -0.0507508205136697, -0.0026083452835652284, 0.01837203447808654]]	[[0.07280189670620478, -0.5708210674403422, 0.19960359683668188, 1.208995569818857, -2.8996033458633863, -9.055094200173934e-05]]
[[0.5348315990210086, -0.03214655037229036, -10.01004681784879, -0.051011402496519954, -0.0018324329917967959, 0.018712984510666907]]	[[0.07281106225144886, -0.5708230855333654, 0.1996218579399977, 1.2090521989855159, -2.8995912708436604, -3.3038729228075024e-05]]
[[0.5852233219589318, 0.013840199077576165, -10.022908907115351, -0.05074804006391388, -0.0032166312758117946, 0.018048192451297827]]	[[0.07278148883165428, -0.5708210878365918, 0.19960123765623003, 1.2089651887174035, -2.8996297683191394, -0.00012698478853626722]]
[[0.5770638015337154, 0.02860031996447865, -10.006699100529248, -0.05083242770494569, -0.003065510537661225, 0.018544439340479144]]	[[0.07279326457193842, -0.5708273438202951, 0.19960852428557607, 1.2090160719871217, -2.89955508071531, -7.298505473767424e-05]]
[[0.5801447734142908, 0.08828254050347575, -10.01495363985148, -0.04987167669191607, -0.003481590259754374, 0.01846633415182165]]	[[0.07277780325807534, -0.5708303151862166, 0.19960403373984476, 1.2090347759971927, -2.899600288923744, -0.00010827333346371497]]
[[0.5289718673001862, 0.09464904034430208, -10.011595387786816, -0.049808730546787014, -0.0021540036858409203, 0.019080398796092683]]	[[0.07279303638492068, -0.5708261235115848, 0.19960184434351624, 1.2090257909164905, -2.899629444147691, -8.793489301125418e-05]]
[[0.5712777809459223, 0.12186536780977844, -10.014256260510695, -0.04932440076763121, -0.0029967903857320392, 0.0190726156322825]]	[[0.07278522909911, -0.570822154378359, 0.19960907948264667, 1.2090376241280147, -2.899559975485297, -9.180139646232057e-05]]
[[0.5868411997709064, 0.13341007583553385, -10.017507605819054, -0.048353681181284414, -0.0036039920267749263, 0.019820197718665396]]	[[0.07279940461919317, -0.5708199718214462, 0.19958905960975462, -1.2090399271494712, 2.899612775762984, 0.0001442020823547607]]
[[0.6075128974763199, 0.11426606863420616, -10.012673006219549, -0.04835203270368037, -0.0038507495560526107, 0.020041546185596365]]	[[0.07279595363200746, -0.5708242828338468, 0.19959949158057694, 1.2090138019738932, -2.899596561859763, -0.00012685944502690107]]
[[0.6316496630971928, 0.09043791874093965, -10.013294503681713, -0.04849638768951886, -0.004649326915702429, 0.020026216237750305]]	[[0.07280439676175973, -0.5708209467665314, 0.19961147824318648, 1.209056242500565, -2.8996029823201703, -5.1502618979229345e-05]]
[[0.6433825423631885, 0.08778324989181907, -10.01021565722474, -0.047988663513107835, -0.004782252719395971, 0.020170552459417075]]	[[0.07278799354374287, -0.5708127216458054, 0.19957937643342463, -1.208973987026259, 2.899650986678002, 0.00023914844341549316]]
[[0.6843262163403634, 0.08859575666137637, -10.016506982552194, -0.04781675125758793, -0.005547825333775232, 0.020563250358066297]]	[[0.0727954229116965, -0.5708262749362697, 0.19960163182039886, 1.2090259721559313, -2.8995790020455705, -0.00014732197773296133]]
[[0.7078096868229409, 0.05914349067508212, -10.022047719424044, -0.047918625847374226, -0.00555353334082774, 0.019490335479567755]]	[[0.07278834239211066, -0.5708325882467136, 0.19963013059290105, 1.2089912826269218, -2.8996419990400817, -1.3080813522858936e-05]]
[[0.7263706530224087, 0.01814349376888863, -10.03312785644613, -0.04817902866969104, -0.004976084039387617, 0.01909516776425335]]	[[0.07279981903168198, -0.5708243948263634, 0.19961518462091266, 1.2090780542875894, -2.899606755920047, -5.05069070564408e-05]]
[[0.6949605266628183, -0.01527102071017733, -10.043062412045954, -0.04841319662468402, -0.003287517710305367, 0.020220020764903483]]	[[0.07280056181644597, -0.5708264246062588, 0.19961070071351728, 1.2090091935053486, -2.8996363215662946, -8.831129731024365e-05]]
[[0.6829323164679169, -0.020269262368529772, -10.049229406746711, -0.04797661055306751, -0.002402506979529182, 0.0209856374296083]]	[[0.07281031861512752, -0.5708334316978393, 0.19961252520332723, 1.209060510798116, -2.8996136149874974, -3.141844715518174e-05]]
[[0.719570864967571, -0.030894131368059796, -10.050553105618697, -0.04821058964584179, -0.0018739562777906789, 0.020407059106806603]]	[[0.07281404012345398, -0.5708277193416207, 0.19960638973189726, 1.2090569969089626, -2.899603082995193, -7.059270283344534e-05]]
[[0.7092654927699722, -0.06101710596630905, -10.043543985509519, -0.04829351736005226, -0.00028576502598653616, 0.020359052598964537]]	[[0.07279716391549415, -0.5708206825059565, 0.199610263703828, 1.2090225295721853, -2.89961747514634, -7.059195073306353e-05]]
[[0.6960281698323758, -0.0847748008939454, -10.037216379156348, -0.04841358204214434, 0.0010674103982614355, 0.019938285901013254]]	[[0.07281654016095794, -0.5708275985934628, 0.19961427131564544, -1.2090588314247952, 2.8996075743873124, 3.154311169700737e-05]]
[[0.7003614336984311, -0.07784099102690306, -10.042335005006187, -0.048090712838732314, 0.0011741792628231634, 0.01987716814174077]]	[[0.07278994576954669, -0.5708178575023671, 0.19960671384105272, -1.2090434646520565, 2.899622928193961, 0.00012573980551206784]]
[[0.6973450180608756, -0.0874316409363931, -10.031880199668555, -0.048520265515684495, 0.0015903612826485974, 0.01961835218631535]]	[[0.0728175468678426, -0.5708267487428184, 0.19962093989386254, -1.2090880932369208, 2.899582396129683, 1.2180588934688552e-05]]
[[0.7035399384554448, -0.06729313152877636, -10.034080012074174, -0.04795609154888531, 0.0016757723713404678, 0.01963112575344925]]	[[0.07281438581027973, -0.5708129946424294, 0.1995896452803544, 1.209156326270581, -2.8995509923562053, -0.00016516088636081477]]
[[0.6840776631385669, -0.10135128429967294, -10.031001173985102, -0.048534312294463824, 0.002256828343550347, 0.019185246183132984]]	[[0.07279467224305171, -0.5708208253216782, 0.19960240614025926, 1.2090475780169516, -2.8995820892725694, -0.00010926755420117846]]
[[0.6318846935784916, -0.08270539209997968, -10.03347797667406, -0.04724809157405274, 0.0034718617986320283, 0.019629140867253127]]	[[0.0728001133480969, -0.5708252209966854, 0.19960184434351624, 1.209009198842135, -2.899636361256552, -8.793484132311529e-05]]
[[0.6508987132133672, -0.08780938174800351, -10.025464159170811, -0.04663532074453089, 0.0029967138999773303, 0.019844968916097952]]	[[0.07279435674817071, -0.5708364310511571, 0.19962054901163523, 1.2089996791215012, -2.899613519902241, -5.063415526656894e-05]]
[[0.6544443847362542, -0.09344050385128788, -10.041599944621858, -0.0463610213536066, 0.0025711637835514993, 0.019474295116226326]]	[[0.07279067603774227, -0.5708232356566942, 0.19959829769519116, 1.2089698514485294, -2.8996411299904388, -0.00014432854964710178]]
[[0.6616281892150625, -0.08221442344955487, -10.038683647074743, -0.046334291145203474, 0.001824292477038976, 0.019228759748747656]]	[[0.0727944630406756, -0.5708299378877333, 0.19960638814488507, 1.2090090186279627, -2.89963599761024, -6.996979451489693e-05]]
[[0.6964822677817659, -0.07304072911867848, -10.052941998973418, -0.04614843889334506, 0.0011054346487361436, 0.018377265418034434]]	[[0.07281823300659333, -0.5708321438180546, 0.19961252363042747, -1.20907538635159, 2.899600699526813, 3.079502332954346e-05]]
[[0.7020388198663734, -0.03963962740071569, -10.042067191055787, -0.0448562936027464, 0.0010698471604664132, 0.018753391196626806]]	[[0.0727849670761434, -0.5708235780609286, 0.19960480655827753, 1.2090256861379407, -2.8996290809475926, -6.959353599123037e-05]]
[[0.6618564217834223, -0.03322541960501635, -10.041346328834642, -0.04521985794621833, 0.001323394309452542, 0.01920988986802328]]	[[0.07278274548725441, -0.570821080987521, 0.1995945659943834, 1.2089526052851856, -2.899648370176812, -0.00014507563500948915]]
[[0.6174155632800193, -0.012642434626335741, -10.041483096835584, -0.04559432112933704, 0.0014912297158231579, 0.019364849020876082]]	[[0.07279745819066084, -0.5708215085664214, 0.19959692353157676, 1.2090739650205264, -2.8995969250427103, -0.0001080202493116263]]
[[0.6314085118998899, -0.021238527629656334, -10.041955700821426, -0.04685730141626305, 0.0007196060228264745, 0.0195008794762733]]	[[0.07281132116582156, -0.5708136907736815, 0.19959080736008378, -1.2090399646821735, 2.8996127341862983, 0.00014495053617607782]]
[[0.5927547212419839, 0.00943520547313631, -10.030008208829472, -0.04702376046247661, 0.0005157575915263508, 0.02015127710074226]]	[[0.07277139774000303, -0.5708322211084566, 0.199597582607541, 1.2089300699390406, -2.899643122773655, -7.00913797919368e-05]]
[[0.5838020954941885, 0.032376692005693486, -10.025327554634986, -0.0481669444548828, 0.0002763169742606049, 0.020519069320770494]]	[[0.07277593524158238, -0.5708252614467204, 0.19961950028965336, 1.2089654072514295, -2.899628306115449, -7.009553919537127e-05]]
[[0.5924319480858433, 0.07285786356440882, -10.026567760752775, -0.04833088065869137, -0.00024940950354316455, 0.020399407984375676]]	[[0.07278090818134073, -0.5708194592637054, 0.19961322742000892, 1.2090337632053216, -2.899599476271201, -5.2875059629449556e-05]]
[[0.5364316232653303, 0.06509814992940596, -10.028039413909205, -0.049288546098276015, 0.0011231526561630116, 0.020952662109994843]]	[[0.07278572004766785, -0.5708323642739436, 0.19961427607673435, 1.2089823110609763, -2.899620432528475, -3.341345043559063e-05]]
[[0.5003932058306629, 0.07949463260874226, -10.008586605009109, -0.049672021720977295, 0.001533753470810719, 0.021383402476358695]]	[[0.07279191894178136, -0.5708231233643419, 0.1995981364551303, 1.2090431077783121, -2.899622264477458, -8.830756802515852e-05]]
[[0.4874206573393298, 0.10566002833395124, -9.986574928390429, -0.049216586054429315, 0.001409938034506307, 0.021545590765347823]]	[[0.07279730176290354, -0.5708306265906113, 0.19960092928112635, -1.209052295432521, 2.8995959760498584, 6.83215056441514e-05]]
[[0.5065457858805054, 0.0856355430016354, -9.992439273467129, -0.04940772266569472, 0.0015095059304498781, 0.02178672670024774]]	[[0.07279374898456145, -0.5708280017025915, 0.19961853778050645, 1.2089909253739903, -2.899643072392082, -5.125672986963823e-05]]
[[0.4905615776228206, 0.0407782897140051, -9.982251467112109, -0.04939913716260323, 0.0019706149228310883, 0.022210313062440885]]	[[0.07279338094523592, -0.5708305031120541, 0.19958492165500719, 1.2090561951650163, -2.8996052080704433, -0.0001461989443344234]]
[[0.5131454936170193, 0.04282381999846807, -9.986497613267796, -0.04861565684043688, 0.001669554464791171, 0.021607710567792385]]	[[0.07278079060395201, -0.5708225954243086, 0.19960240614025926, 1.2089604717257136, -2.8996184082857304, -0.00010926722649764212]]
[[0.49381930706218347, 0.02693996136379373, -9.987454366006565, -0.04833445940428773, 0.0023195626523322306, 0.021177831658914927]]	[[0.07278873478571693, -0.5708214588554769, 0.19958122745830945, 1.2090174540660443, -2.899609319474207, -0.00018312678663375876]]
[[0.4963657272121921, 0.023587525817035188, -9.988827611393289, -0.04758358874836842, 0.0027103023727943973, 0.02123324554304091]]	[[0.07281375956490053, -0.5708269986656966, 0.19961321960562495, 1.2090393224710996, -2.89961123586378, -0.00010727666864823291]]
[[0.5456179885659599, -0.024728000130344097, -9.990222777950954, -0.04776473041056854, 0.0023867832717776524, 0.020765695599023797]]	[[0.07279971642923516, -0.5708275190250837, 0.19961853936756171, 1.2090043377878599, -2.8996245714018487, -5.187987081916978e-05]]
[[0.5381438067924784, -0.06707176085911973, -9.987739574958727, -0.04805768812114289, 0.002757435719620796, 0.021289853372962863]]	[[0.07279121817407885, -0.5708212941601131, 0.19958906118254519, -1.2090096911410915, 2.8996375071946567, 0.0001448260788051913]]
[[0.5272295242925759, -0.036596399401456675, -9.994768835637938, -0.04681741996148431, 0.0035215731919339965, 0.02101262903773233]]	[[0.07279111856811656, -0.5708277536431686, 0.1996173740583976, 1.2090165233154204, -2.8996070014554256, -7.084433284239755e-05]]
[[0.5311621371183802, -0.05756226890487476, -9.999542412558824, -0.04700791882942132, 0.0037535957417177725, 0.02105358280074836]]	[[0.07279291794026237, -0.5708258040420942, 0.19961618015928037, 1.2090603721629372, -2.8996149629903742, -8.831271243577757e-05]]
[[0.5378211440990961, -0.055107083835187615, -10.005095535943495, -0.047345329284490326, 0.0034566133333734234, 0.021140960473766235]]	[[0.07279541968041277, -0.5708324170055096, 0.1996379915873888, 1.209024860103696, -2.8996271225028947, 2.434830583120064e-05]]
[[0.5349732538610734, -0.05199508718501278, -9.98774332582517, -0.04756035504749996, 0.004086138948696534, 0.020578286364961864]]	[[0.07280903464633773, -0.5708266376670065, 0.1996051958614356, -1.2090576664734445, 2.899606746803003, 8.806126283397172e-05]]
[[0.49176451757347583, -0.05425560611275296, -9.966054100117187, -0.0480794244663932, 0.005718690892591239, 0.020558457653345106]]	[[0.07279645524647939, -0.570815433490157, 0.1995974789548404, -1.2090275837397244, 2.899629626871838, 0.00012686004035967796]]
[[0.48215550223173437, -0.06654290307634517, -9.952748385131295, -0.04907959965080383, 0.005696175856766246, 0.02119519150782188]]	[[0.07278246145962038, -0.5708270113116607, 0.1996218595553247, 1.2089778138322227, -2.899609378448887, -3.366322143437378e-05]]
[[0.4756286279003295, -0.04312417615398384, -9.945681071563389, -0.049320597805218525, 0.005151497323565315, 0.0212148101474302]]	[[0.0728135622134401, -0.5708229645849352, 0.1996297394606219, 1.2090776148770994, -2.8996056062551263, 6.010691635620561e-06]]
[[0.47553670868150194, -0.027489149110203004, -9.921883136841496, -0.050096313090742195, 0.004777391637601634, 0.021530209282068388]]	[[0.07279933726966355, -0.5708333171432292, 0.1996101247272398, 1.2090471449470919, -2.8995813258794545, -7.109289724952781e-05]]
[[0.5133215447832229, 0.004934018680878616, -9.902843344598402, -0.04978302060779112, 0.0036816855938765457, 0.02157349291814998]]	[[0.07279660234439017, -0.5708158464149515, 0.19959080893286224, -1.2090097474557329, 2.8996375106874925, 0.00014557410278230284]]
[[0.4890263486213247, 0.005970231020490213, -9.871143290477306, -0.04991378755699354, 0.0036571142902863743, 0.02189981323288651]]	[[0.07279576545055676, -0.5708169632947134, 0.19959867122349714, 1.2090228636001281, -2.8996182597011426, -0.00010876789974558748]]
[[0.5141161240093532, -0.0008896354180603083, -9.866210022868213, -0.05018802221637726, 0.0024415252811418285, 0.021951827818191882]]	[[0.07278446093720448, -0.5708290344906971, 0.19961070390173463, 1.2090166623841814, -2.89960739221853, -8.955870914377164e-05]]
[[0.4827728150911039, 0.003909109268169064, -9.85500290395203, -0.049544285119118306, 0.0024934831932850315, 0.022042086336038706]]	[[0.07281053062466794, -0.5708184007714662, 0.19958122585725235, 1.209074554975453, -2.8995984164594066, -0.00018250352573919573]]
[[0.48861303690979957, -0.03174510287139573, -9.855998488063562, -0.04997568124749561, 0.0018239925301402025, 0.021822860233120897]]	[[0.07279877875505193, -0.5708318162841389, 0.19961562804469152, 1.2090298786971188, -2.899588495677941, -7.071928691096989e-05]]
[[0.4818536849985755, -0.059132379343546426, -9.860254824945978, -0.05047803922652058, 0.0016902588372675574, 0.021863360652440014]]	[[0.07279307537750997, -0.5708329734573614, 0.19962346356337035, 1.2090334550684454, -2.8995990464617716, -3.304202537828509e-05]]
[[0.4949620256048647, -0.07580615449759948, -9.868917765232634, -0.050750515168362445, 0.0014557560602229333, 0.02121037273645225]]	[[0.07277788134301384, -0.5708237265380073, 0.1995969219446267, 1.2090087037744506, -2.899637046384565, -0.00010739695409777062]]
[[0.540055059634954, -0.05030591822030414, -9.870997477397436, -0.05033676726597663, 0.0005896501023005402, 0.02109500042802251]]	[[0.07278694957307633, -0.5708220024861382, 0.19959691875110008, -1.2090174850517397, 2.8996095847388417, 0.00010612357602415959]]
[[0.5223242743944243, -0.04701712318487902, -9.879143346645721, -0.05073039980180809, 0.0008938366167213566, 0.02114627398518661]]	[[0.07278571763251705, -0.5708290277473433, 0.19960403213868527, 1.2090386461936011, -2.8996115828440017, -0.00010764930397793175]]
[[0.5139951981845826, -0.04642987690825967, -9.87832773153008, -0.05147199038558409, 0.0010357908294255404, 0.0210712037753248]]	[[0.0727778680121395, -0.5708236194377556, 0.1996181467488928, 1.2089908424356015, -2.899642712413617, -3.2165443189577276e-05]]
[[0.5126368139687173, -0.051771548317912336, -9.88631192083978, -0.05206758888451893, 0.0014351089146985019, 0.021350899846958753]]	[[0.07279432180180406, -0.5708262104057403, 0.19960283829622222, -1.2090055291686406, 2.899627637692123, 0.00012511690799817989]]
[[0.5094841775361977, -0.03733754697938019, -9.892420803835899, -0.05203637742681197, 0.0018390279435917568, 0.021113525334414077]]	[[0.07278190015587381, -0.5708221756049514, 0.19960240452500227, 1.2089830078910808, -2.8996219209473986, -0.00010864438492079512]]
[[0.5232443214534674, 0.019497263154573008, -9.916010122447483, -0.05127954202108692, 0.0018496449764247233, 0.020666598044318793]]	[[0.07280834485834901, -0.5708281674526046, 0.19960638814488507, 1.2090781510571122, -2.899607171798124, -6.996983585149144e-05]]
[[0.5752444179969346, 0.03242469635139622, -9.905251323878502, -0.051682946849782085, 0.0007955744716824607, 0.02032737406914922]]	[[0.07281035871379084, -0.5708145234933513, 0.19958413890565996, -1.2090443934458466, 2.899623346898981, 0.00016428817091382173]]
[[0.6116581615752001, 0.02820443944091572, -9.901808549968825, -0.05170392299297874, 0.0005456342167463497, 0.02033934864429708]]	[[0.07278634392147845, -0.5708184212363845, 0.1995841437087869, 1.2089782275687238, -2.8996123753688283, -0.00016615646163049066]]
[[0.6069801513254061, 0.026719248606089707, -9.892306950097577, -0.050691492798209795, 0.0011741323099037984, 0.02026944646300147]]	[[0.07278260618129409, -0.5708206914140769, 0.19958654562704897, 1.2089877219159686, -2.8996333731195043, -0.00012710681798483304]]
[[0.630640752971187, 0.0427792968814093, -9.895045312397455, -0.04919965157143131, 0.0009058425021974473, 0.02001199967344664]]	[[0.07278651011672746, -0.5708243736903467, 0.19959948520434215, -1.2090221333968645, 2.8996207005526005, 0.00012436647696015705]]
[[0.6451987476616343, 0.016653743159341705, -9.902674342157344, -0.04879803298669197, 0.0009488963028237082, 0.01989752414275235]]	[[0.07277010860475851, -0.5708287398295622, 0.19961518780910015, 1.2089299740667747, -2.899642681360252, -5.175384803984414e-05]]
[[0.6625580820956025, -0.010203596244417246, -9.911667097715886, -0.04836416496642151, 0.0012426954868484871, 0.020081412677514097]]	[[0.07278815426722643, -0.5708198306907248, 0.19959321728390422, 1.2090003045790763, -2.8996147700809294, -0.000109015801941622]]
[[0.6732550638689659, -0.055604523697797614, -9.93078803540806, -0.04842280671210278, 0.0014019862538696241, 0.020433491208849054]]	[[0.07279798149008677, -0.570825462239737, 0.1996318717769985, -1.2089743703649984, 2.8996035144352024, 1.1285153172797821e-05]]
[[0.6651995347800381, -0.09022042219735965, -9.942991158436566, -0.047898493639601844, 0.002438464717515701, 0.020242056524662027]]	[[0.07282551383192787, -0.5708169197255948, 0.19958906118254519, -1.2090788222569768, 2.8996086782493675, 0.00014482605795647406]]
[[0.6428251889511449, -0.14626724280568115, -9.956492249104008, -0.04799487547849535, 0.0038816419417372593, 0.02050700152901898]]	[[0.07281587470119341, -0.5708359902118406, 0.19962290669110794, 1.2090684964628433, -2.8995839790693405, -1.3578071766345104e-05]]
[[0.6486148667901184, -0.14559829388675904, -9.975133629154271, -0.04723220405142383, 0.004243107239413239, 0.019786169629068394]]	[[0.07279163791091309, -0.5708224041363064, 0.19959025185068344, -1.2090261247904899, 2.899630228875509, 0.00012611098669086229]]
[[0.6385904108629042, -0.13306618409807747, -9.98342762969765, -0.04716546466835314, 0.004429568791162519, 0.019695656879458068]]	[[0.07280995808358583, -0.5708201926502997, 0.19959692513266886, 1.209103968418312, -2.8995715044577524, -0.00010864310081470313]]
[[0.6853288771496728, -0.10939995718465229, -10.003652551737076, -0.04730965234517004, 0.0039837130595329305, 0.01928370360904374]]	[[0.07278836954904164, -0.570825850699493, 0.19958731018299758, -1.209017122320515, 2.8996088861727727, 0.00014280435774664417]]
[[0.6537824217305508, -0.12295139875948796, -9.990495964510055, -0.04781256671938401, 0.004449026573583974, 0.019379547465635284]]	[[0.0727849670761434, -0.5708235780609286, 0.19960480655827753, 1.2090429693816784, -2.8996218748510127, -6.959356958993215e-05]]
[[0.6725183679069368, -0.09524592490841288, -9.996254449665438, -0.04804272947201428, 0.0036411282109126454, 0.019560095579256254]]	[[0.0728225218253207, -0.5708279527741325, 0.1996156232410555, 1.2091479538785614, -2.8995779858790787, -6.884966807559298e-05]]
[[0.6631391615739007, -0.10721434812638503, -10.008846248167895, -0.049298439040584036, 0.00306418630229879, 0.019072217186084265]]	[[0.07280728695008408, -0.5708130367260432, 0.19960298529143966, 1.2090696344859815, -2.8995862458771255, -0.00012773235491428812]]
[[0.6737210983280436, -0.05171393466132279, -10.00388190320431, -0.049151577401036886, 0.002308779795464795, 0.019361908305040917]]	[[0.07279719633470404, -0.5708175138736469, 0.19956386199089443, -1.2090272531087631, 2.8996291249826966, 0.00022117870292322298]]
[[0.5981667401879505, -0.056108772923264605, -10.001244546244338, -0.05035077413795933, 0.0034506274180654863, 0.019257699394076434]]	[[0.07276907348423677, -0.5708328482460768, 0.19959069664505252, 1.2089395151019133, -2.8996150852475333, -0.0001469469888322223]]
[[0.5594000162176319, -0.03699197966184187, -9.975646042965838, -0.050415460409692456, 0.003376554274491291, 0.018809041829308468]]	[[0.07279174808569304, -0.5708348003397385, 0.19961919226645083, -1.209035516381924, 2.899604347449278, 1.143157256341342e-05]]
[[0.5591104436283296, -0.043960678908515904, -9.956668066155997, -0.05038297101595677, 0.0029699196152985254, 0.019645920326056835]]	[[0.07278221900506684, -0.5708264659184844, 0.19959282146198876, 1.2089952757360054, -2.8996047357673906, -0.00014557431828532465]]
[[0.5895913211038706, -0.04031059857925373, -9.951097505804414, -0.0502196738499174, 0.0012607074363303536, 0.019878486440691834]]	[[0.07279531086341585, -0.5708321799186656, 0.1996087934233972, 1.2090252901932264, -2.8996283501307136, -3.216544117226701e-05]]
[[0.5952261674160038, -0.06345021721049626, -9.951559435235223, -0.050775521833591936, 0.0007567718156947824, 0.019734557317182756]]	[[0.07279389616572832, -0.570828414864196, 0.19961186761002092, 1.2090090384845869, -2.8996359684343678, -6.99708869035849e-05]]
[[0.6389739979707681, -0.04368832230688402, -9.947556977241604, -0.050382540354538104, -0.0005166284756289857, 0.019545564758497905]]	[[0.07279814798682263, -0.570819978762427, 0.1995957312623421, -1.2090275269822996, 2.8996296223177036, 0.00012611200976796573]]
[[0.6338858603586198, -0.0356202292002592, -9.944406553659196, -0.04958602488657311, -0.0004793238389328644, 0.019537326322053718]]	[[0.07278916117800206, -0.5708259313913443, 0.19961497045239274, 1.2089604326353327, -2.899618341251781, -0.00010927067020758359]]
[[0.6264527198133822, -0.06094928474497263, -9.944411571804, -0.0496904136140424, -0.00044109250821071713, 0.019211677190026206]]	[[0.07280199771461983, -0.5708178849854512, 0.1996290847711852, 1.2090861502858359, -2.8995771217510393, -3.378876599034818e-05]]
[[0.6406504937173259, -0.028082051051868562, -9.950930421147078, -0.04901334035933011, -0.0011250768029454176, 0.01881824939629071]]	[[0.07283016302144453, -0.570825969319198, 0.1995930461766606, -1.2090574525410962, 2.8996063687603235, 0.00010677482202166176]]
[[0.6585744393723683, -0.01728244050523603, -9.953241886916366, -0.04912871219426801, -0.001451350066545922, 0.018249072398897625]]	[[0.07279529986085434, -0.5708252670533178, 0.19960184114992377, -1.2089484970384603, 2.8996388286528543, 8.666295059396794e-05]]
[[0.701127986233816, 0.036934302638939986, -9.9598502331071, -0.048479108857900716, -0.0023461579622737795, 0.018122345744930737]]	[[0.07278976732242505, -0.5708180746714034, 0.19959097847518098, 1.2090344848041898, -2.8995504607709637, -0.00020473434993582176]]
[[0.7010591507720005, 0.054263654925437, -9.968947123577449, -0.048135559636078074, -0.0021686628386916283, 0.018290357454990417]]	[[0.07281493649561264, -0.5708144718625712, 0.19959883252060384, 1.2091397208823342, -2.8995578549375636, -0.00016478901387082513]]
[[0.7392878960049791, 0.08814140698014, -9.984054983734147, -0.047734653816405376, -0.0026353338267166397, 0.01814438113751702]]	[[0.07278310472188154, -0.570816449791537, 0.19960201850313128, 1.2089865221789855, -2.899581334990165, -9.142230979754018e-05]]
[[0.7300681711964345, 0.10045524611757112, -9.983008928036691, -0.04796481983555052, -0.0019932952577505526, 0.017551928702295733]]	[[0.07278579563896635, -0.5708224390981991, 0.19959692037181864, -1.2090049950052009, 2.8996282177749, 0.00010677289547746156]]
[[0.72110822732598, 0.0975001991243381, -9.972070880841912, -0.04842419068482477, -0.0013295630652261047, 0.017442362825433867]]	[[0.07280832894297876, -0.5708247237108913, 0.19961736929722404, -1.2090578841827466, 2.8996071343219665, 6.8974021684237e-05]]
[[0.6896535484939441, 0.0906518701832848, -9.971487524169795, -0.04830637488621541, -5.695238818224577e-05, 0.01785813282192217]]	[[0.0727800247474436, -0.5708328121007825, 0.19961427447556268, 1.209020748166122, -2.8996173151140248, -3.279051253365546e-05]]
[[0.6616215139712276, 0.06882532572367706, -9.957818729744321, -0.0481075953534617, 0.0009702354118691185, 0.01800116169724182]]	[[0.07280176332579072, -0.5708207598616801, 0.19960375652860024, 1.2090651412176812, -2.899575569824633, -0.0001459500001068038]]
[[0.6947584698781901, 0.01841628434615511, -9.946253340364938, -0.048325031054262835, 0.0013456314450980174, 0.017966972825758255]]	[[0.07279468048014336, -0.5708141909805404, 0.19956696183202238, 1.2090406482500748, -2.8996143571351283, -0.00025923273037158697]]
[[0.6595246791675471, -0.019099048263052587, -9.92712316464107, -0.047929877962819445, 0.002658819995181607, 0.018417070338829507]]	[[0.07279634913669454, -0.5708219269262688, 0.1996116394894903, 1.2090002703513787, -2.8996146435151395, -0.00010752342980521302]]
[[0.619790379987106, -0.05833736975322562, -9.922545058321257, -0.04782196986075329, 0.0035485756951038165, 0.01858618913829116]]	[[0.07280267491746067, -0.5708182657895705, 0.19959572493413136, -1.209060477683759, 2.8995648967088865, 0.00012356539420551373]]
[[0.6558373638584916, -0.07532699373439133, -9.934028462551634, -0.04718357112529596, 0.0031223643478249657, 0.018433596699841185]]	[[0.07281920689760744, -0.5708278056451056, 0.1996301258549369, -1.2090662319807768, 2.8995786647720676, 1.1185815021617199e-05]]
[[0.6383158269023637, -0.11332006074318574, -9.928411367793638, -0.04707752360824964, 0.0035405608087529447, 0.018433723965713973]]	[[0.07276440565571503, -0.5708257675993493, 0.1996114766561988, 1.2089045644249348, -2.8996791322974347, -5.087947590631722e-05]]
[[0.5816287893287637, -0.14395548637780844, -9.943262456853532, -0.04738799229796214, 0.004889438009517442, 0.019253377352827335]]	[[0.07279648777413605, -0.5708189212672758, 0.19958654562704897, 1.209056854208223, -2.8996045477388783, -0.00012710680248083416]]
[[0.60034081882571, -0.09141155365787734, -9.958994459639113, -0.046274208416376424, 0.004291404517438646, 0.018542114152131074]]	[[0.07279803342666417, -0.5708230536417553, 0.19959146793368515, 1.2090739419449417, -2.8995969470033844, -0.0001076448971761333]]
[[0.5851744541451361, -0.10459676015676822, -9.968866545236724, -0.047613396389253604, 0.004394804027868161, 0.018473911189104263]]	[[0.07280233861902216, -0.570822305032801, 0.19959830091159791, 1.2090824011549302, -2.8995683856493377, -0.00014557500318626012]]
[[0.5773761243777409, -0.06867348100016663, -9.966155311090942, -0.047480007623232234, 0.004631486378489369, 0.018792930070537072]]	[[0.07280354356411631, -0.570812031045743, 0.19958858589288672, -1.209021951707104, 2.8996181505201464, 0.0002377784198849138]]
[[0.5504285093081033, -0.0555748517034961, -9.964901233830947, -0.04848486378294042, 0.0049168108870799275, 0.019030783304963588]]	[[0.0727876719682466, -0.5708309110689828, 0.19959987764159026, -1.208992312613293, 2.8996446430859337, 0.0001440821877265479]]
[[0.49468861344615433, -0.027553733125995183, -9.957162578196147, -0.0487912282344618, 0.005888218862852016, 0.01868853458848077]]	[[0.07281727146363563, -0.5708191613636704, 0.19960615056205455, -1.209026094540765, 2.899579743170943, 0.00010373303864464984]]
[[0.499498510574217, -0.02572529022439976, -9.943227949725655, -0.05021751204459422, 0.005647729632839986, 0.01840733894401125]]	[[0.0727849670761434, -0.5708235780609286, 0.19960480655827753, 1.2090084028942991, -2.8996362870443737, -6.959359019984144e-05]]
[[0.5172650723065131, 0.03865088577263334, -9.931015765433289, -0.050130774142999546, 0.004391620265214714, 0.01875705039337216]]	[[0.07280110963831468, -0.5708176146582006, 0.19959455966992692, -1.2090305627482527, 2.899590376449575, 0.0001425557703558751]]
[[0.4689923492623568, 0.05644692855664135, -9.914495023038265, -0.050448778653036874, 0.005110083057050362, 0.018970191479581164]]	[[0.07280073638316412, -0.5708269829638418, 0.19958256258799564, -1.2090614391594965, 2.89961586679314, 0.00018263152211775565]]
[[0.5225236053282805, 0.09098178165406057, -9.919210148444789, -0.04963068903843683, 0.004031244708708831, 0.018909545826759504]]	[[0.07277859579771255, -0.5708256611386857, 0.19959948677718786, -1.2089915386737833, 2.8996445721524835, 0.00012499074559621282]]
[[0.5252610487083311, 0.10204454648090577, -9.902387573918709, -0.049218767246033704, 0.0032526640737641534, 0.019019674481268192]]	[[0.07280676299697467, -0.5708205201267847, 0.199604804985452, -1.209075147271915, 2.8995998532954044, 6.8969806673017e-05]]
[[0.5831793514630206, 0.13806766922600985, -9.91106306848525, -0.04836418019434079, 0.0012551434447765665, 0.01862816927912352]]	[[0.07277372165064212, -0.5708227881971961, 0.19959456921072025, 1.2089780497094813, -2.899611946952036, -0.00014632267661387875]]
[[0.5684153900421978, 0.11101279676725134, -9.904111515317256, -0.04853911291927933, 0.0015160602499999232, 0.018803808746022718]]	[[0.07278568099876907, -0.5708255139612372, 0.19959265704347162, 1.2089919296790697, -2.899643624086115, -8.830648483179336e-05]]
[[0.5888912974096481, 0.111209938683128, -9.898579083009597, -0.047602098086023545, 0.0011580167583783336, 0.01846386088962917]]	[[0.07277365260673067, -0.5708157864975726, 0.19959412752113626, 1.2089705037457645, -2.899640531878297, -0.00012673323247093003]]
[[0.5436232354544255, 0.05000247328588012, -9.896250927494187, -0.04810926316350758, 0.0031914952482248113, 0.018542878697777196]]	[[0.07281030227244267, -0.5708299896035292, 0.19960879185053243, -1.2090581052925384, 2.8996078560863343, 3.154189521200597e-05]]
[[0.5752653372648937, 0.05282688938850394, -9.882826622444092, -0.04740191748264397, 0.002840392911398742, 0.018416082845531756]]	[[0.0728127214900927, -0.5708365185214226, 0.19961722717977387, -1.2090232319543497, 2.8996216526739884, 6.822828886479196e-05]]
[[0.5703017449320487, 0.02132831211477154, -9.896034317307663, -0.047865002098433, 0.003786791962275861, 0.01834317730854182]]	[[0.07279900380631284, -0.5708256408429427, 0.19960184593049868, 1.2090392033231943, -2.899610942782767, -8.855803188809874e-05]]
[[0.5732556011111029, 0.07845106525719112, -9.933137423349729, -0.04649104331742289, 0.004305089970320138, 0.018597509548313768]]	[[0.07281204641356102, -0.5708223820521756, 0.19960732536069048, 1.2091083549724961, -2.8995820870772726, -8.855904894367595e-05]]
[[0.5759262734337238, 0.12907611517208115, -9.966097128521094, -0.04527045490743216, 0.004767188748249388, 0.018823185026634416]]	[[0.07281020637381028, -0.570817423677965, 0.1996157430573939, 1.209126247306324, -2.8995742065975363, -7.059323440505901e-05]]
[[0.535897539200677, 0.1130058384848566, -9.964320803169029, -0.0457833247670823, 0.006500120250344937, 0.019409434906619418]]	[[0.07281335612489616, -0.5708259346793692, 0.19959736197158973, 1.209057449249388, -2.899604186915888, -0.00012636243941840434]]
[[0.5303914195247024, 0.09257943643888342, -9.965367524244165, -0.04613719762497797, 0.0072037509238387434, 0.019677063145648738]]	[[0.07279111666656236, -0.5708079134125612, 0.1995946860927545, 1.209000722975995, -2.8996154762778263, -0.00014681851582674246]]
[[0.5377136853883213, 0.07106619494162583, -9.972462237801563, -0.04676714174942688, 0.007158377386734263, 0.0195556711789495]]	[[0.07278274797219021, -0.5708244176995154, 0.1996048097463546, 1.208999279159811, -2.899614274221457, -7.084043443058271e-05]]
[[0.470032582753265, 0.08879638922336155, -9.959158276395696, -0.046535678987630814, 0.00898336308194524, 0.019929943110770423]]	[[0.07278457787106073, -0.5708292958318936, 0.19962521113405657, 1.2090162289152748, -2.8996062575081605, -3.3790312433499435e-05]]
[[0.4694207112813409, 0.05574867256391855, -9.960264207421096, -0.0464271472429744, 0.00969036247490614, 0.019124860287772088]]	[[0.07280498002557861, -0.5708259118943156, 0.19960973221290773, 1.2090350318364163, -2.8995988895111107, -5.1377540316584104e-05]]
[[0.46562075231139255, -0.0064248247845986595, -9.94784990472247, -0.04701219869044254, 0.010298453112092057, 0.01872540886768412]]	[[0.07277007163775984, -0.5708271842043777, 0.19959397718586863, -1.2089221772417327, 2.89962258859258, 0.0001228164358257759]]
[[0.4702895572005785, -0.03787185071092003, -9.951127319842525, -0.046806408261151664, 0.009641510831845904, 0.018404845537895412]]	[[0.07280708815338473, -0.570828174215145, 0.19961305992177572, 1.209056167073909, -2.8996029816154247, -5.187898768744953e-05]]
[[0.5103100908563908, -0.032869028803993144, -9.958569935886265, -0.04604586333627504, 0.008612808699425219, 0.01890282809189115]]	[[0.07279038127350246, -0.5708224110483943, 0.19959692353157676, 1.2090214245169146, -2.8996188323917584, -0.00010802014622412875]]
[[0.5437010843543889, -0.08124846635049271, -9.947891023267202, -0.04714034656954397, 0.007842605926071403, 0.018476212872338072]]	[[0.07279814798682263, -0.570819978762427, 0.1995957312623421, -1.2090441189530936, 2.8996227045832454, 0.00012611201676175]]
[[0.5642993900024305, -0.07887541633027195, -9.95922623637127, -0.04680357600568496, 0.007090878830659859, 0.018347161935268724]]	[[0.07279372696969658, -0.570827871641221, 0.19963973904189408, 1.2090249168888036, -2.899627127118971, 2.360022803780169e-05]]
[[0.5432985777626691, -0.11730915198468522, -9.958535552816025, -0.04731807919512139, 0.007398805826369464, 0.01888214463833655]]	[[0.07277276165260864, -0.570826957727134, 0.19959814453128727, 1.2089518581578553, -2.899595768894133, -9.142448360007756e-05]]
[[0.5439873817173857, -0.1099512820230239, -9.956907844417318, -0.04741974789968725, 0.007264207951950052, 0.01949852575887172]]	[[0.07279915788382697, -0.5708260180846019, 0.1996240426086125, 1.2090043545227156, -2.8996245350245, -5.1506621833415846e-05]]
[[0.5176987172872086, -0.09951954684867095, -9.950786339109818, -0.04817889216433695, 0.007310324080911822, 0.01974735243300587]]	[[0.0728114957776468, -0.5708209049104882, 0.19959813804207766, 1.2090219532949182, -2.8996181741258003, -8.89300555029097e-05]]
[[0.541688782465674, -0.0444750829292741, -9.965892741511528, -0.04765877801664485, 0.006517856588146645, 0.0201630697278428]]	[[0.07279078764681332, -0.5708234138446455, 0.19961933908919446, 1.2090898197281836, -2.899588106170894, -1.407448073652436e-05]]
[[0.5431805610448575, -0.016589412202657416, -9.967681443040824, -0.04768466983836166, 0.006153219832432645, 0.020155530118098678]]	[[0.07279776336071976, -0.570825693363034, 0.1995938509423169, 1.2090344964684174, -2.8995996311933023, -7.083786635414569e-05]]
[[0.5288842540512291, 0.0158988097689432, -9.960982903574537, -0.04768810213247396, 0.006213129386048174, 0.02020783831972679]]	[[0.07277426439848887, -0.5708208454331425, 0.19960004698781425, 1.2089307809089196, -2.8996445406902667, -0.000145699755020239]]
[[0.5612087720608783, 0.061753397621723716, -9.965145142316679, -0.04778586424820713, 0.00491478631888655, 0.019526824541342545]]	[[0.07279235495390875, -0.5708276754784638, 0.19960306045600557, 1.2090044754041007, -2.899624987303269, -6.946869841165786e-05]]
[[0.5888171312867467, 0.09693549842543372, -9.959238914249559, -0.04799836628150085, 0.003980524984125506, 0.018680533183703975]]	[[0.07278998622737946, -0.570824765464604, 0.1995994899653052, 1.2090695220774752, -2.89958623946663, -0.0001262377168795247]]
[[0.5872195819842383, 0.10410451253367176, -9.92588223096987, -0.048564156424942564, 0.0038688530586203362, 0.01893514015634322]]	[[0.07278484943784704, -0.5708267140606986, 0.1995939851010937, 1.2089696766655944, -2.899640806745731, -0.0001259869970105406]]
[[0.5457645400695172, 0.08964357833790623, -9.892948919215227, -0.049368332507845114, 0.004520608134251793, 0.01922305921238389]]	[[0.07279470480148009, -0.570824313180648, 0.19959147277931882, 1.209009098475932, -2.8995852576919505, -0.00010951347926591476]]
[[0.5467924603325824, 0.0768746779271792, -9.882950991137681, -0.0494680646596115, 0.0042993444151244765, 0.01911018460233771]]	[[0.07278598180357991, -0.5708297024137579, 0.19961186919705598, 1.209038351889476, -2.8996108385805472, -7.059465241115741e-05]]
[[0.5227171560897296, 0.03493813162647452, -9.863609690590101, -0.049526457971989284, 0.005004360553054282, 0.019113621817805147]]	[[0.07278887668045718, -0.5708251852971742, 0.19959949158057694, 1.2090124197026708, -2.899597139249546, -0.0001268601429513151]]
[[0.5151520344897844, 0.027035197852990606, -9.854228586520135, -0.04953659250207299, 0.00536774357206414, 0.019203712528379675]]	[[0.07280083119771633, -0.5708202322337189, 0.19959691875110008, -1.2090354598405075, 2.899602091249215, 0.00010612424668582798]]
[[0.528492443476024, 0.016759204759883795, -9.839910380158582, -0.04891630352496443, 0.0051483994320149044, 0.018684585936461114]]	[[0.07282264387796909, -0.5708213474867457, 0.1996085112911941, -1.2090530670840438, 2.8995956772735245, 6.794945216500143e-05]]
[[0.5264257189550459, -0.004543054715375416, -9.822324840741793, -0.04842234759205387, 0.005594312181186185, 0.018714036738012644]]	[[0.07280681557274568, -0.5708274773859378, 0.1996051990213233, 1.209073747451093, -2.8995965263538337, -8.930810973820743e-05]]
[[0.5747844115035827, -0.034296132717668515, -9.813822839815161, -0.04832992701973282, 0.00540831938064772, 0.01854376252960084]]	[[0.07280009750236, -0.5708217773309215, 0.19961282542568015, -1.208988619699388, 2.8996355750288982, 8.693915829567483e-05]]
[[0.5584643736804303, -0.048285217264160685, -9.807700116256328, -0.048195680182321746, 0.00583258027826556, 0.01859191365005579]]	[[0.07280483816254142, -0.5708221857810042, 0.19959146793368515, 1.2090220921136194, -2.89961856457544, -0.00010764431508744973]]
[[0.5028582772476519, -0.09040656067262937, -9.798311565574146, -0.04921593073403089, 0.007145122085177397, 0.018247399082376922]]	[[0.07280610986940089, -0.5708255634298597, 0.19961737245719774, 1.2090736254955, -2.8995960998624013, -7.022083895654501e-05]]
[[0.527437960659136, -0.08067854777310945, -9.79776934612627, -0.049056488187200896, 0.007171749087950565, 0.017584572830720714]]	[[0.07280974914159026, -0.570829811853183, 0.1995997260261807, 1.2090900445964534, -2.8995381168940844, -9.179964734625492e-05]]
[[0.578265455328828, -0.0664437265149947, -9.807395085965192, -0.04878700432853511, 0.006950181500633323, 0.017580796083392667]]	[[0.07280049868326591, -0.5708173467558673, 0.19960671864447405, 1.2090650361420454, -2.8995752066196427, -0.00012760883720143825]]
[[0.5726380420320897, -0.08813471292585778, -9.80358332936738, -0.04944877394344466, 0.007143967825462141, 0.017814799606972707]]	[[0.07280912957563583, -0.5708213316528807, 0.19960481136160618, 1.2090818226334858, -2.8995669466525342, -7.146281262213483e-05]]
[[0.5632239766452535, -0.09686311988953258, -9.815931935335096, -0.05036887885938676, 0.007644276842656884, 0.017989409190423553]]	[[0.07280912957563583, -0.5708213316528807, 0.19960481136160618, 1.2090818226334858, -2.8995669466525342, -7.146281262213483e-05]]
[[0.5221293615941178, -0.07127373719585806, -9.820802117614143, -0.05025946960564934, 0.008442114958382159, 0.01835108542057787]]	[[0.07281385667191563, -0.5708237910729701, 0.1996163991752795, 1.2091124583089956, -2.8995919736542963, -3.141733812432118e-05]]
[[0.5428245560741485, -0.05079317530752958, -9.8272580539101, -0.050143972109646745, 0.0077644910835420085, 0.017712036175551015]]	[[0.07281470805181377, -0.5708260599602567, 0.19962639869877724, 1.209077734915806, -2.899606000542897, -1.3827669512056457e-05]]
[[0.5715188879568864, -0.047460607047283054, -9.835409959771475, -0.05009545153440585, 0.00727954040816927, 0.01774549360447429]]	[[0.07279471672498589, -0.5708203019301772, 0.1996035872957987, -1.2090130571778785, 2.89959897252006, 8.67861774373836e-05]]
[[0.5947062396077744, -0.04950954263103019, -9.828812045104971, -0.049566333100452914, 0.007123466151847422, 0.016988554797948734]]	[[0.07280010540957492, -0.5708218010170495, 0.19959813488232497, -1.2090576840492238, 2.8996066857361575, 8.76836963143239e-05]]
[[0.6379584190245184, -0.02924074596726728, -9.817210016106191, -0.04874439313464643, 0.0060251707840774105, 0.01670339127583938]]	[[0.07281286690678321, -0.5708178230843355, 0.19959572968953132, -1.2090401080964226, 2.899613151669474, 0.00012548852489382184]]
[[0.6481408818991563, -0.007302591862452856, -9.82065758036142, -0.04790002889699016, 0.004940975516430177, 0.016887075259133556]]	[[0.07281372286126037, -0.5708234851445041, 0.19960184434351624, 1.2090956142684353, -2.899600328958275, -8.793476002241447e-05]]
[[0.6189833290354579, -0.04438562006724739, -9.825087429368411, -0.04879260120840931, 0.005254100528436251, 0.01698194449397404]]	[[0.07278455516555757, -0.5708224915178679, 0.19958892541830364, 1.2089739918376348, -2.8996511521231936, -8.905330926823968e-05]]
[[0.6720474850244392, -0.02151024668834628, -9.831613018420521, -0.04779242317530885, 0.0038600981148081484, 0.01693579791843094]]	[[0.07279971370115335, -0.570817232057294, 0.19959321090247695, -1.2090188731824634, 2.8996089671033323, 0.00010649713256370106]]
[[0.6331053533825619, -0.03224032907819674, -9.833072351385054, -0.047543521188711135, 0.004551860227293987, 0.017569591946928434]]	[[0.0727834456556027, -0.5708263078779071, 0.19960732696183775, 1.2088784209069219, -2.899665047420002, -8.918100769304051e-05]]
[[0.657361639021133, -0.002128883634665124, -9.836943104407295, -0.04714354356115459, 0.003491973203332801, 0.017833919268459984]]	[[0.07279252489455457, -0.5708314965599918, 0.19961427607673435, 1.2089995940707199, -2.8996132262587317, -3.3413199963753455e-05]]
[[0.6415446724970814, -0.003535294810301015, -9.851474836059976, -0.04779056748520652, 0.003578389016445728, 0.018308634956980405]]	[[0.07277454484126514, -0.5708215659333441, 0.19959321728390422, 1.2089823306491059, -2.8996222656027406, -0.00010901649672012608]]
[[0.6290058063699979, 0.0063322673952556086, -9.872821306907925, -0.04816790249050226, 0.003759273679520052, 0.018378145151677187]]	[[0.07279474153360009, -0.5708273203683892, 0.19960402897879226, -1.2090222662610812, 2.8996210870004147, 0.0001064017847247287]]
[[0.6565322076710887, 0.023767946241655402, -9.879077320478954, -0.04789835112735037, 0.003245825606974711, 0.017962899549767625]]	[[0.07279421443169873, -0.5708161438803422, 0.19961868290171653, 1.2090178855683298, -2.8996060832339587, -5.3249167148085464e-05]]
[[0.6520481308584314, 0.035330457680097294, -9.872174638663251, -0.0479396250421396, 0.0033425962343340103, 0.018151133319059806]]	[[0.07278450582699009, -0.5708135188273278, 0.19957843330373026, 1.209047696287007, -2.899584269726249, -0.00020246319126971483]]
[[0.6718074713767197, 0.045501565408751, -9.881325690689238, -0.04825069442589809, 0.0034968446789696364, 0.01771100446206818]]	[[0.07280192359594394, -0.5708266301218753, 0.19961091819162777, -1.2089890207122647, 2.899636670192503, 3.0793030962308924e-05]]
[[0.6263953058595615, 0.055574358884456054, -9.85630128932476, -0.04819830567398814, 0.004205669103129243, 0.017762701837745618]]	[[0.07279925752860816, -0.5708195589161201, 0.19959572968953132, -1.2090055415697631, 2.899627563468056, 0.0001254883325050306]]
[[0.6308708134546177, 0.07085677683849201, -9.848967784104909, -0.04818606967035503, 0.004065704738550217, 0.017902849133568738]]	[[0.072795912553464, -0.5708173762327983, 0.19959200118735243, 1.209039594082734, -2.8996117318299532, -0.00012748201023212022]]
[[0.6475644216076808, 0.06929757373972834, -9.838373590168661, -0.0481034100245505, 0.004221622231741325, 0.01791709635010437]]	[[0.07278906198667606, -0.5708312117868466, 0.1995930461766606, -1.2089883189434896, 2.8996351911119005, 0.00010677401900890748]]
[[0.6576359309040951, 0.03809658053203374, -9.830247309274895, -0.04852895393062748, 0.004780332830173525, 0.018358017627115787]]	[[0.07281300864001744, -0.5708181527384516, 0.19959559392960602, -1.2090923975431542, 2.8995925904990107, 6.971585904621946e-05]]
[[0.6726611263842377, 0.041743371019902, -9.825821849386452, -0.04812205103695432, 0.004589038965191861, 0.018768360497943375]]	[[0.07280391250709911, -0.570826532395035, 0.1995961745195973, 1.209065076409338, -2.899575617562895, -0.00014632371858425358]]
[[0.6766719084115453, 0.0671866392947501, -9.829077133037835, -0.04670753911166206, 0.004573070395780879, 0.017947237035406734]]	[[0.07281259740157256, -0.5708204613518505, 0.19961282699856614, 1.2090265182370965, -2.8996290884932057, -8.756256342782254e-05]]
[[0.6801919885364502, 0.02741085568426943, -9.823182015956789, -0.04702158759210669, 0.005166956841716964, 0.017708983413788515]]	[[0.07278978041273644, -0.5708226676217393, 0.19960615056205455, -1.209008119295113, 2.8995872351698506, 0.00010372991905760615]]
[[0.671005242251959, -0.033216856242413884, -9.809768722237806, -0.046949406904145494, 0.005882529120883547, 0.0173764803999379]]	[[0.07279248181260427, -0.5708176978891866, 0.19961457138021588, -1.2089831721404047, 2.899624392594679, 8.703832473576333e-05]]
[[0.6614702379111979, -0.0513283708695072, -9.82064168506548, -0.04676618137049516, 0.006524951081853917, 0.017835698812496074]]	[[0.072803813489618, -0.5708159816170595, 0.19961322423191571, 1.2090781445094656, -2.899606786812775, -5.1627469351268326e-05]]
[[0.6685346575129721, -0.04379046424399946, -9.827775992963101, -0.04616347143878012, 0.0068882514294540745, 0.017791302842489125]]	[[0.07280787287738083, -0.5708213384481684, 0.19961148308900178, 1.209077121393929, -2.899555550382516, -5.337215993706699e-05]]
[[0.6867203282139688, -0.06654035641072259, -9.81647217716725, -0.04636980042948213, 0.007016416487584762, 0.017653138425937277]]	[[0.0727915298905954, -0.5708288413675724, 0.19961854096875892, 1.2089645182953992, -2.899628265490306, -5.2502958463328134e-05]]
[[0.7043432805420741, -0.06072519636619328, -9.830599903387728, -0.045963039642358886, 0.0067845317765056375, 0.017538505275548125]]	[[0.07280455769245395, -0.5708214653136607, 0.19959829769519116, 1.2090223919866432, -2.899619222674542, -0.00014432843129096235]]
[[0.6814788131634035, -0.08740621834424939, -9.833685158772768, -0.046577243028904515, 0.007075794570833408, 0.01694184572543898]]	[[0.07279105531652158, -0.5708174376697749, 0.19960671226819632, -1.2090056135734073, 2.8996275827030216, 0.0001251158851089866]]
[[0.6887434270771358, -0.023113999249662787, -9.834903742509297, -0.04554146138404403, 0.0071183884907767905, 0.016770390473667386]]	[[0.07278486979587344, -0.5708267855991055, 0.19960162697447803, 1.2089698332230452, -2.8996411348257145, -0.00014545316821517243]]
[[0.6788836858485177, 0.006156687656419968, -9.828770124152914, -0.04526241036874033, 0.007626186557303016, 0.017177998651778485]]	[[0.07279237396859678, -0.5708277985585203, 0.19958156866876464, 1.2090216505199725, -2.8996196232739284, -0.00014544862058968197]]
[[0.6991849947894206, 0.031077360434179968, -9.823588302645335, -0.04549607294270322, 0.006560186966524356, 0.017357072893170587]]	[[0.07279775296511315, -0.5708223331710611, 0.19959829769519116, 1.2090396756815853, -2.8996120178039946, -0.00014432878089457515]]
[[0.7170230563581443, 0.07169950024046828, -9.818506162216433, -0.04528533603585902, 0.005627398657130373, 0.017255155710124846]]	[[0.07280914334600311, -0.5708214371207474, 0.19959830091159791, 1.2090305515735926, -2.8995900027090027, -0.0001455733131777585]]
[[0.7075770976984723, 0.13078818979771034, -9.814190080986943, -0.04444862531561709, 0.005398938415789183, 0.01718944994510475]]	[[0.07280165101993745, -0.5708259332795572, 0.1996030572961883, -1.2090239529115887, 2.8996212283553993, 6.822188805469221e-05]]
[[0.6950764859073935, 0.10566566720591852, -9.801191138068996, -0.045546104987584025, 0.005219609652079026, 0.01817003215655553]]	[[0.07278936704954492, -0.5708387930062774, 0.19960837376866764, 1.2090036719940842, -2.8996252416023816, -6.909831996772635e-05]]
[[0.7298756680023257, 0.1542054329247478, -9.801587661651672, -0.04506754548489581, 0.003473156389148444, 0.017480048971408015]]	[[0.07278071222373465, -0.5708279457953883, 0.19960283829622222, -1.2090048371383002, 2.899627924215268, 0.0001251164696068134]]
[[0.7436750877238616, 0.15974282517247373, -9.79564007867606, -0.04574558454918364, 0.00299369388290939, 0.017742215946723]]	[[0.07278218894644774, -0.5708263145845697, 0.19961399869912677, 1.2090119865508042, -2.8995960061668993, -7.109260241200411e-05]]
[[0.7020005056770149, 0.12932742532706126, -9.79436445354619, -0.04638455943853305, 0.0036136615059336914, 0.018875119562396635]]	[[0.0727930455851375, -0.5708158854475002, 0.19958413416832638, -1.209029689492488, 2.8995902320359943, 0.00016239016749898028]]
[[0.6907453662661948, 0.10073922275637326, -9.788961009057445, -0.04637998703305152, 0.0036717664142218998, 0.018859138239442238]]	[[0.0727983223945589, -0.5708271928182591, 0.19960306205712725, 1.2089999133035076, -2.8996139803993652, -7.009143629144724e-05]]
[[0.727033052540452, 0.1123502108518884, -9.81899898920412, -0.04618141080662397, 0.0026506187357261783, 0.018514457969021673]]	[[0.07280707619847895, -0.5708281249054367, 0.19960544192128826, 1.2090394154376352, -2.8996095639366035, -3.203841272666798e-05]]
[[0.7244072137541335, 0.1108920872309993, -9.828784899510545, -0.045883250527249994, 0.0024537104947000184, 0.01804435954361467]]	[[0.07280541168157317, -0.5708270710037611, 0.19961854096875892, 1.209068907766594, -2.899584739793224, -5.250344664389387e-05]]
[[0.7125176685528873, 0.10007552864848168, -9.838714513951373, -0.04604502517099189, 0.003444922160215542, 0.018270602502420765]]	[[0.07277507362639203, -0.5708229137103352, 0.19962360545634428, 1.2090163076062537, -2.899606265685737, -3.3788737543215665e-05]]
[[0.6830595445752532, 0.08631762879329441, -9.841513505228118, -0.04617604994454384, 0.003941381798955285, 0.018555163812971332]]	[[0.07281715823201255, -0.5708169687953825, 0.199609072993254, 1.209074536759325, -2.8995962156164423, -8.930657543984131e-05]]
[[0.6499356130567241, 0.09937896160068227, -9.86163693693042, -0.04552866256398656, 0.005200931399206982, 0.018531508788286306]]	[[0.07279312662131253, -0.5708166930292576, 0.19959748375808842, 1.2090304905545943, -2.8995896896858353, -0.0001287290731478523]]
[[0.6954964386300075, 0.0989366700527356, -9.871985784703503, -0.045582196731884954, 0.004698030971265647, 0.017876579895674028]]	[[0.07280963004762264, -0.5708247002020533, 0.19961069751981197, -1.2090363196467924, 2.8996022526536556, 8.703955240398408e-05]]
[[0.6981314005031576, 0.09517022124361663, -9.880525021607186, -0.046285606258477996, 0.0044740339982268125, 0.017624426133018355]]	[[0.0727668844705734, -0.5708201677037122, 0.19960550254755183, 1.2089487791746796, -2.8996370262211157, -0.00014607576686398227]]
[[0.7072881854577482, 0.11797387261021852, -9.898056335406075, -0.04596814148733813, 0.004252174404219794, 0.01789188021262481]]	[[0.07277461291627697, -0.5708271730542799, 0.19959398032057202, -1.2089654533194538, 2.899630878497402, 0.00012409026987895058]]
[[0.7037331662806668, 0.12425124448470837, -9.895526138543026, -0.04591699460190135, 0.004838645396674578, 0.017098963505375958]]	[[0.07279529999096392, -0.5708288211316965, 0.19959852568051717, -1.209039511541706, 2.899613866513416, 0.00010677498070186056]]
[[0.6986617586266998, 0.11881835373946947, -9.898118373385664, -0.045865416344273255, 0.00583992634654653, 0.017547336538014005]]	[[0.07277623487785297, -0.570822774305776, 0.19958122585725235, 1.208987449698623, -2.8996347398662174, -0.0001825040828798212]]
[[0.6916497104660864, 0.10806716304146563, -9.890398320694212, -0.04565844101553019, 0.005762808352613287, 0.0174633945789535]]	[[0.07278359025251008, -0.5708233840789705, 0.19959041313742915, 1.2089701519246097, -2.8996418883718653, -0.00018213209591330076]]
[[0.6439186955583109, 0.05800240357705716, -9.875164606808367, -0.04666432312799408, 0.006860875439983687, 0.018228584376005656]]	[[0.07276930167504106, -0.5708266112608963, 0.19958347302709994, 1.2089821291896157, -2.8996219563597023, -8.992564520147137e-05]]
[[0.6541965043110277, 0.0764940086152775, -9.848995184195264, -0.04570034568845119, 0.006833333462884773, 0.018001981929370265]]	[[0.07279534570473226, -0.5708158533365121, 0.19959748054178106, 1.2090921547718967, -2.8995897959797863, -0.00012748343464142985]]
[[0.6493533496230339, 0.06638947422539071, -9.845213668965144, -0.04526651651943727, 0.006759418944071421, 0.017794516299079743]]	[[0.07277565439821865, -0.5708211461272312, 0.19959321568284716, 1.208970300253671, -2.899640189581125, -0.00010839297820719305]]
[[0.662022020581926, 0.05836063265997854, -9.851127917463932, -0.04475141464805924, 0.006583562657179225, 0.017688843955345906]]	[[0.0727885903009051, -0.570824382861926, 0.19959814125839848, 1.2089775728074452, -2.8996108631397814, -9.017666869353224e-05]]
[[0.6571747766722744, 0.055628376945276836, -9.836193653335352, -0.04427063748937847, 0.006963885146316372, 0.017043234652488626]]	[[0.07278879697377427, -0.5708114267081613, 0.19958509689272244, -1.2090051224236964, 2.8996263984116437, 0.00018125569962791426]]
[[0.6737771467100173, 0.03274095230223345, -9.83238157400015, -0.04447975041870842, 0.0066763165524270085, 0.016715669671176013]]	[[0.07280110444128338, -0.5708244816823714, 0.19961617858636188, -1.2090238640609323, 2.8996208915278867, 8.768905137224938e-05]]
[[0.6664222553723611, 0.05328504698600156, -9.835764104119955, -0.04413965733576157, 0.006216411069032975, 0.016807342703303578]]	[[0.07279899586777201, -0.5708222208633104, 0.1995981364551303, 1.2090272070399861, -2.8996288935715175, -8.83075641373133e-05]]
[[0.6064815025325185, 0.03202355993600636, -9.820657943996066, -0.04471955496069259, 0.007491384360770452, 0.017446133292490326]]	[[0.0728081785544656, -0.5708174215493986, 0.19960239659935985, -1.2090481689841805, 2.8995839046949325, 0.0001055017108979361]]
[[0.648272905326464, 0.03182053050328992, -9.837300351225766, -0.04498124471780771, 0.006943498322198052, 0.017277076230100795]]	[[0.07280254576164384, -0.5708384448931453, 0.19963079157918384, 1.2090336296227258, -2.8995976330416964, 2.4224529263742652e-05]]
[[0.6681097904826123, 0.03278830724078763, -9.83421740118581, -0.04567044007528446, 0.006015514184435737, 0.017487700917275018]]	[[0.07277890713166735, -0.5708332078151526, 0.19962896684261738, 1.2089650309485067, -2.899627546612656, -3.266878188564731e-05]]
[[0.6820661248908296, 0.040420228817862836, -9.821565460279684, -0.04646425341531711, 0.00516593659212675, 0.01736366941586212]]	[[0.072784306682342, -0.5708286567500763, 0.19958850723324328, 1.208983069949568, -2.899622335480559, -0.00012660923731037374]]
[[0.6611446000483713, 0.05337944926774163, -9.812141870500437, -0.047363830585803304, 0.005494808356968365, 0.017466548472595253]]	[[0.0728035325146619, -0.5708152625907043, 0.19960533966745858, 1.2090265951036694, -2.8996291638952116, -8.943081328920581e-05]]
[[0.6870578127120543, 0.1261189627949631, -9.786024749725467, -0.04658615976874521, 0.004787367458912711, 0.017422651691197305]]	[[0.07278485641483091, -0.5708266783685799, 0.1996228518836099, 1.2090038221894057, -2.899625185180778, -7.022216808675895e-05]]
[[0.6539032834653173, 0.10367974922982193, -9.765046655672847, -0.047632300591976554, 0.00561967712343946, 0.01782131781901186]]	[[0.07277821456439756, -0.5708314029464733, 0.19960520062248016, 1.2089302296825526, -2.8996434578754835, -8.993125214492338e-05]]
[[0.6561935142512916, 0.0880313325650749, -9.759467836074535, -0.048407849751121515, 0.0053158413966144374, 0.018053229877499896]]	[[0.07279687546545287, -0.5708165419235439, 0.19961338387716326, 1.2090094507342695, -2.8996366610468196, -0.00010702581863746577]]
[[0.6521408960471924, 0.09204493318322726, -9.736917391037805, -0.048495281954380194, 0.005569873840900491, 0.018405084476890158]]	[[0.07278343531064231, -0.5708195511739764, 0.19959337375315336, -1.2089746040823242, 2.8996525215764057, 0.00016316791698664843]]
[[0.6794170659423768, 0.10408064026207853, -9.736712029097319, -0.04756599957138183, 0.004616136966846089, 0.017756211665793005]]	[[0.07282778347105817, -0.5708262889682139, 0.19962094467464242, 1.2090731493089661, -2.8995950161116935, -1.407496655552647e-05]]
[[0.7345906136510603, 0.07843920605387833, -9.746688847605501, -0.04787636371027247, 0.003143315568186981, 0.01734244171576227]]	[[0.07280917634257716, -0.5708303633370971, 0.1996234603750533, 1.2090605537094712, -2.8996135638653566, -3.179465662346593e-05]]
[[0.7256583844486587, 0.06806609112520667, -9.730604934665973, -0.047348245091499486, 0.003470331691857946, 0.017115013943190725]]	[[0.07280096504773599, -0.5708205382893875, 0.19961147346259542, -1.2090193770378024, 2.8996101319414334, 4.960739214352995e-05]]
[[0.7646635879522239, 0.06109356863555443, -9.728214235007298, -0.046522888862183934, 0.0027724240375813364, 0.01716321832032929]]	[[0.07280291947567799, -0.5708224216855239, 0.19960731903603263, -1.2090310296171227, 2.8995915282060922, 8.603954346529358e-05]]
[[0.7567449055526085, 0.02257832899082801, -9.737438410841753, -0.046978226785020005, 0.0027966881543708653, 0.01769867022598126]]	[[0.07279121281509682, -0.570824607247644, 0.19961399548264985, 1.2089692605601043, -2.899639636194378, -6.984480463677303e-05]]
[[0.7279575415089753, -0.010911337537569288, -9.726812860889519, -0.04754343497801859, 0.003709034674767138, 0.018110515638581064]]	[[0.07280791312802022, -0.5708270081458483, 0.19959757941948536, 1.2090090169726095, -2.8996360219569457, -6.884439917828295e-05]]
[[0.722720925425508, -0.015069050980770993, -9.723730978757645, -0.04752369119685772, 0.004008614335686177, 0.0181251819192944]]	[[0.07279137621699319, -0.5708250660802269, 0.19959265863039613, 1.2089866763504438, -2.8996329052601855, -8.892952811519593e-05]]
[[0.7598155601546813, 0.008783812291761672, -9.740729104325304, -0.04667321231238726, 0.003811012667006848, 0.01815260413308754]]	[[0.07280789137882636, -0.5708268787989554, 0.19961878069714944, 1.2090437002301107, -2.8996197894153957, 6.0128736602592186e-06]]
[[0.7197385942654773, 0.005854454168570111, -9.732374069834197, -0.04691306336574794, 0.004946030040703403, 0.018398611956940092]]	[[0.07279191637407924, -0.57081978653799, 0.19958789276870142, -1.209005218348878, 2.899626827833078, 0.0001625427660149296]]
[[0.6782984672170442, 0.03619410188511368, -9.749544759433098, -0.04728694445446699, 0.005840751926564754, 0.01870019476166636]]	[[0.07276925310920052, -0.5708230778443335, 0.199609072993254, 1.2089694567367681, -2.8996400326273437, -8.930756035360391e-05]]
[[0.6228064423515682, 0.0350441188755683, -9.72617830766955, -0.04818026202245941, 0.007050854096340927, 0.01900297054393321]]	[[0.07278485641483091, -0.5708266783685799, 0.1996228518836099, 1.208969255673153, -2.899639596932891, -7.022191151757658e-05]]
[[0.5749337070307201, 0.011887928115965452, -9.711291100556762, -0.0488034643413984, 0.008865219783884635, 0.01892589132731134]]	[[0.07279416869640318, -0.5708291116123597, 0.19961972851937454, 1.208990766823738, -2.8996427112861, -3.254174683467332e-05]]
[[0.5468450545602738, 0.008524567321711307, -9.706884735183227, -0.04941399521394982, 0.009138128114778956, 0.01874230916805477]]	[[0.07278268568037463, -0.57083444988891, 0.19960094055109956, 1.2089509289793168, -2.899595687772544, -7.271064932227031e-05]]
[[0.6162677433870308, 0.03051756290518437, -9.702928546584829, -0.049083546740838264, 0.00804196978402072, 0.018447199389882044]]	[[0.0728073244351107, -0.5708253557048654, 0.19962426008857265, 1.2090603119168084, -2.8996128420258054, 6.011788035686814e-06]]
[[0.6295259677172065, 0.024628568074279378, -9.679669110518475, -0.04898144037127015, 0.007722392173605066, 0.017823325115679044]]	[[0.07280529902228429, -0.5708356399366312, 0.1996362425041718, -1.209058638237446, 2.899609068940162, -2.571991493964816e-05]]
[[0.628635722168742, 0.006293036668904739, -9.679240055869887, -0.04882240504887857, 0.007544682370510949, 0.017935400800172432]]	[[0.07280484615742847, -0.5708256058019212, 0.19959517738504556, 1.2090174966722702, -2.8996075316022245, -0.00010789438640447869]]
[[0.6132444989297825, -0.03405048734640598, -9.671633052767561, -0.04894797549741878, 0.008397199411645934, 0.018007406954817406]]	[[0.07278010665485649, -0.5708208106321562, 0.1995933785564536, 1.2089263579100835, -2.899633922462815, -0.00016503588491356935]]
[[0.6692525584458815, -0.07732088266654014, -9.67124878763371, -0.048883511159438855, 0.007687455495713591, 0.017875490169059243]]	[[0.07279592890332559, -0.5708208184550759, 0.19959573445038964, 1.2090004291217344, -2.899615103344258, -0.00012735758860981582]]
[[0.6595578207463347, -0.06874938570520861, -9.675322714167265, -0.04730000483563381, 0.008243279233481032, 0.018137701564244327]]	[[0.07281484552558622, -0.5708317186716565, 0.1996125188747534, -1.2090273183053324, 2.8995809842032734, 2.887496502826101e-05]]
[[0.6639160401090304, -0.05935768975579869, -9.692404116814485, -0.04666110159045997, 0.008021383694494705, 0.017769234835975964]]	[[0.07280056181644597, -0.5708264246062588, 0.19961070071351728, 1.2090437600629294, -2.899621909530952, -8.831154972562071e-05]]
[[0.6338277388908449, -0.1276689609070873, -9.686651716225839, -0.04785527328486794, 0.008931031888326415, 0.01778505543517737]]	[[0.07280598445526879, -0.5708252796930704, 0.19960284145612062, 1.2090222117738652, -2.8996188588570906, -0.0001263634735770738]]
[[0.703259844387665, -0.13598760065712162, -9.69934475429071, -0.04740715899428043, 0.007398050960113468, 0.017069228311682647]]	[[0.07279771188616128, -0.5708154265686065, 0.19959080736008378, -1.2089881151607522, 2.8996343525381656, 0.0001449504282204018]]
[[0.7117560459654547, -0.15482273120209966, -9.709079402137316, -0.0474443964808139, 0.007822924546884158, 0.017054488226262623]]	[[0.07279884617301349, -0.5708184711446742, 0.19959456283461463, -1.2090053990462148, 2.899627203172123, 0.0001438290426171441]]
[[0.7218822410350431, -0.09086082323771294, -9.73986326611296, -0.046305271735132464, 0.007512813841915253, 0.01673272975755487]]	[[0.07278810538590444, -0.5708320609986819, 0.19958611073562607, -1.2090087488524168, 2.899637472450713, 0.00012686057941751057]]
[[0.7026098458227052, -0.087854210086514, -9.746905976556846, -0.04738090869494453, 0.007904968835368485, 0.016797753959739807]]	[[0.07277446582500402, -0.570826760086938, 0.19960065045292183, -1.2089656337037105, 2.899631252783279, 0.00010537638069472316]]
[[0.6908202680842261, -0.0860157944605432, -9.73974441547039, -0.048193353286583994, 0.008350389016505436, 0.01673347238940273]]	[[0.07278486030388463, -0.570830072936907, 0.19960425278269311, 1.2089644972667135, -2.899628320326325, -5.1376996681088624e-05]]
[[0.6920093254401609, -0.05642107074744035, -9.727315611522183, -0.04855032734518186, 0.007769343370544489, 0.016286408609672138]]	[[0.0727905204360216, -0.5708194039046741, 0.19958654404015408, -1.2090095664580003, 2.899637173015701, 0.00012648367078448263]]
[[0.6559431405238976, -0.050956622795198636, -9.733794265928353, -0.049104735497125816, 0.008261581095730185, 0.01614464874206648]]	[[0.0727872166686593, -0.5708295660948547, 0.19962639869877724, 1.2089733449121047, -2.899649526992495, -1.382780262776922e-05]]
[[0.6817822384051595, -0.023973361993025355, -9.73114968187947, -0.04903249553244943, 0.007625125430573948, 0.016222851041417453]]	[[0.07280039432887545, -0.5708259400642814, 0.19960972902476606, 1.2089916152634677, -2.899642809131685, -5.013131991757655e-05]]
[[0.6706157231562107, 0.0014036280877286478, -9.724722622601782, -0.04892871377010964, 0.00715484047555125, 0.01611236648007464]]	[[0.07279645391988823, -0.5708283845059309, 0.19959852405975226, -1.2090174357031647, 2.8996096468905814, 0.0001061260860126642]]
[[0.6499164269147326, -0.014632157532145418, -9.72077412701859, -0.04923767245899571, 0.007405765354564494, 0.016420408919998197]]	[[0.07277209715414899, -0.5708274039309686, 0.19959376460911055, -1.208939838853593, 2.8996666182001145, 0.00018225933792812674]]
[[0.6396271209938931, -0.013653744757181896, -9.707102014173934, -0.048942979889323876, 0.007484399529735605, 0.016628515481558966]]	[[0.07279751801732114, -0.5708317974468494, 0.19959999113236976, 1.2090250144157513, -2.8995768556162473, -3.353344915930128e-05]]
[[0.6798047313173827, -0.02146378615862793, -9.711901008732715, -0.04817558043403389, 0.00675989313321728, 0.016866319714001644]]	[[0.07278890151739034, -0.570830691626103, 0.19962094151468476, -1.2090057793442446, 2.8996301432564993, 1.2828727021492111e-05]]
[[0.7212634143513184, 0.016267394254426304, -9.726749100467, -0.04647351024723133, 0.005478120122434007, 0.01667494023005866]]	[[0.07281697738167141, -0.5708218892662166, 0.19961617542145968, -1.209118159467602, 2.8995552379710334, 8.641602874510023e-05]]
[[0.6786335950279896, 0.017207572467039245, -9.734301037425826, -0.04616824715041584, 0.005985016400855955, 0.016654000590646114]]	[[0.0727983223945589, -0.5708271928182591, 0.19960306205712725, 1.2089826301334, -2.8996211863030523, -7.009119404098593e-05]]
[[0.64187658113115, -0.01864231227080204, -9.732091928895056, -0.046670339525524934, 0.006755085761939759, 0.01636592600526418]]	[[0.07279431588256584, -0.5708295247872532, 0.19961305833474333, 1.209025471896909, -2.899628689504507, -5.125588789939501e-05]]
[[0.6346036721728825, -0.02821287497028857, -9.7388333793258, -0.04704287165636584, 0.007056854862505357, 0.016908298497704345]]	[[0.07280193551284003, -0.5708266793326134, 0.19961853620759323, -1.209040743468975, 2.8996147006162456, 5.0633251645664045e-05]]
[[0.6511861019391787, -0.011201346840974291, -9.759759308534095, -0.046626197209136376, 0.00703212220916901, 0.01634771782101538]]	[[0.07278460808055166, -0.5708294475666392, 0.19960403373984476, 1.2089995180340785, -2.8996149882494873, -0.00010827236951271067]]
[[0.605656609861815, -0.024681819643109115, -9.758073398587687, -0.04752084572250321, 0.008698549377781504, 0.01680870399618437]]	[[0.07280750496534741, -0.5708189969447862, 0.19958892222490054, -1.2090182928899014, 2.899609617078694, 8.778158216979357e-05]]
[[0.6791635591892529, 0.0031059844264362813, -9.766861378471269, -0.047575494278221976, 0.0069889616524238495, 0.01575603745798747]]	[[0.07280262708399608, -0.5708264455209511, 0.1995951806296801, 1.2090775049414109, -2.899556694354279, -0.000109141698904894]]
[[0.6831565452783898, -0.009848588079787168, -9.772300358413412, -0.04870178276811335, 0.006670761442880535, 0.015946460744818352]]	[[0.07278600640062138, -0.5708331666673666, 0.1996156264293375, 1.2090164667405283, -2.8996069973782617, -7.0096790475111e-05]]
[[0.6624762253338587, 0.008787666178799225, -9.761431341235811, -0.048862995331468644, 0.0069178357876701, 0.015758223226107218]]	[[0.07280068407417567, -0.5708198192407038, 0.1996035888397772, -1.209052922928081, 2.899595258397407, 8.741014685602568e-05]]
[[0.6730841752582898, 0.03216033866971474, -9.779575662080168, -0.04865167728608842, 0.007008718754313678, 0.015802660174223902]]	[[0.0727915298905954, -0.5708288413675724, 0.19961854096875892, 1.209033650782552, -2.899599441439002, -5.250394014589461e-05]]
[[0.6654110256921779, 0.03306948080905403, -9.7705323518816, -0.04867256186464887, 0.007354132847953283, 0.016249971673993575]]	[[0.0728072665694796, -0.5708129651377102, 0.1995953436182556, 1.2090528861140302, -2.8995928358096066, -0.00010826604183274047]]
[[0.6350986674518334, 0.02998442400689849, -9.766322787664276, -0.04889608106720991, 0.007248120234107817, 0.016555600447961803]]	[[0.07279468048014336, -0.5708141909805404, 0.19956696183202238, 1.2090931896733108, -2.8995924518389145, -0.0002592330356491526]]
[[0.6810102157712379, 0.07539484100007443, -9.7628414219744, -0.047425782277336404, 0.005967693858436374, 0.016127830992703873]]	[[0.0727826008255381, -0.5708240046149577, 0.19961147984431626, 1.208947290723363, -2.8996355014955717, -5.2125799549822116e-05]]
[[0.7404175952160192, 0.08559871026299526, -9.762155207367362, -0.04661759925460069, 0.004959762580103128, 0.015762597970910088]]	[[0.07279984071892419, -0.5708245240130603, 0.19959398351412883, -1.2091131949756462, 2.899593875101694, 0.0001253640165105285]]
[[0.7347430149127208, 0.03350415826186243, -9.754004481999754, -0.046198896483165275, 0.005088741176990503, 0.016254656241081224]]	[[0.0727884896170218, -0.5708330015394346, 0.1996234603750533, 1.2090080132672676, -2.8996354716684154, -3.179489003967294e-05]]
[[0.7288309702952483, 0.03127897784271155, -9.738398056924147, -0.045258840626416635, 0.004856439084255346, 0.015511912544525804]]	[[0.07279644598416514, -0.5708283607433122, 0.19961321482476738, -1.2090175031998074, 2.8996097096169424, 0.00010538116393092688]]
[[0.7456413120973098, 0.021881010403283663, -9.735184419310736, -0.04527270151215021, 0.0045157965014311595, 0.015120503084755323]]	[[0.07279749734572849, -0.5708283587175985, 0.19961854258409822, 1.2090643456651227, -2.899573733911322, -5.31274537946767e-05]]
[[0.7601676228144083, 0.06344301367992888, -9.742118227883168, -0.04426774923622297, 0.004291219938679831, 0.015628647340765255]]	[[0.07277618876758764, -0.5708191812049248, 0.19959866963655917, 1.2089914768504915, -2.899644256773264, -0.00010814519933864462]]
[[0.7540003302841275, 0.0677521947251935, -9.74586409654032, -0.04361456140193816, 0.004120231253013154, 0.015973386862168374]]	[[0.07277192853890063, -0.5708199114779169, 0.19960655099827646, -1.2090185414703383, 2.8996100010211774, 6.906764709108144e-05]]
[[0.7745626864551467, 0.06648326096544832, -9.763604556706408, -0.043738886404368044, 0.003479978429812694, 0.01616340889658079]]	[[0.07280234395539825, -0.5708325322901125, 0.1996154734427252, 1.209016260672831, -2.8995536989995583, -1.72155188110121e-05]]
[[0.7911727566035291, 0.0665541031929337, -9.771009040738956, -0.0442976382169079, 0.003173844959657123, 0.015981596919300685]]	[[0.07281528342290063, -0.5708276052829863, 0.19962094308759262, 1.2090777118859408, -2.899606022499057, -1.345232297749874e-05]]
[[0.8138232234045293, 0.08209032622350715, -9.783716622518618, -0.04472056573239683, 0.002579172360032689, 0.015703371522766265]]	[[0.07279150178673637, -0.5708186939108914, 0.19957172108582444, -1.2090388694039453, 2.8996122490909704, 0.0001831252900916468]]
[[0.7809452561969361, 0.11882739424825911, -9.786278083112888, -0.04489274187091716, 0.0026400529099629005, 0.015601981916037448]]	[[0.07278820079190962, -0.5708253086228965, 0.19961518142723783, -1.2089315739339148, 2.8996467814719784, 4.923490532452074e-05]]
[[0.7721509270009397, 0.15388202408107365, -9.78146673362967, -0.04525466776839057, 0.003053022433191565, 0.015273304348975864]]	[[0.07278321398943473, -0.570834559305298, 0.19962464955568976, -1.2089718994394874, 2.899644309880046, 1.245604415511891e-05]]
[[0.792463656673311, 0.17076356051506864, -9.786329610110995, -0.04523575093328725, 0.0026773324559112265, 0.015011765509124716]]	[[0.07279845316708917, -0.5708241635859128, 0.19959265863039613, 1.2090392170983624, -2.8996109984882477, -8.89296342410181e-05]]
[[0.7985369865989285, 0.20888113046060086, -9.792087939984645, -0.04439760616274367, 0.002056909877464208, 0.015126664094091066]]	[[0.07279188638069078, -0.5708196353829036, 0.19960906983340976, -1.208987927178346, 2.8996358053811266, 8.806027998282752e-05]]
[[0.8226186988921504, 0.20410860396718233, -9.76709680855728, -0.04486977457093069, 0.0017319050736611455, 0.015115258314362143]]	[[0.07281593429100901, -0.5708204636598687, 0.19960481136160618, 1.209065230848058, -2.8995738642827087, -7.146176841143421e-05]]
[[0.7991901856114083, 0.16473012959230554, -9.74264696379526, -0.04557206765603661, 0.0024003872235775978, 0.015452579861559288]]	[[0.07279450877785057, -0.57081697012855, 0.1996053428555169, 1.2090347549163443, -2.899599945536519, -9.067721913402172e-05]]
[[0.7641611408622754, 0.12983401325446747, -9.721099906698612, -0.04550300185989466, 0.0034823120913473685, 0.015411926602181027]]	[[0.07277328819126506, -0.5708215727824842, 0.19959988894971747, 1.208943063703659, -2.899625280270469, -9.09253924702658e-05]]
[[0.8137058423657808, 0.16140615910049438, -9.750936838931937, -0.04370384647403343, 0.0025380205401930277, 0.015453853542328025]]	[[0.0728131610794816, -0.5708186488135643, 0.19958238952475382, -1.2090743133365045, 2.899597989523602, 0.00016291624995160099]]
[[0.7980692337287019, 0.1245268441650122, -9.74966000459674, -0.04389572974185972, 0.002831606668852373, 0.015549547206987481]]	[[0.072786152347979, -0.5708144711088677, 0.19959412912218644, 1.2089479668549274, -2.8996370172312247, -0.00012735530899326926]]
[[0.8036326772658882, 0.1170204977261779, -9.754183243069514, -0.04357760083863685, 0.0030464131255042194, 0.015583304274747923]]	[[0.07279253794908126, -0.5708150405859664, 0.19962416379398318, 1.2090299350807736, -2.899588129844988, -5.387372904164344e-05]]
[[0.7576100540939295, 0.06943127758480266, -9.730771070453228, -0.04403545766456275, 0.0044251647946585634, 0.01506646308147121]]	[[0.07280704939030305, -0.5708213225398749, 0.1996061553176242, -1.2090230059514462, 2.899620788782576, 0.00010565315380441654]]
[[0.761406461704722, -0.0005610264526541009, -9.717971105060268, -0.045857963809786344, 0.004471364161757557, 0.014322230947665035]]	[[0.072802275813982, -0.5708152693651127, 0.1996120112801099, 1.2090398692596787, -2.899610273074519, -7.133982193844426e-05]]
[[0.7316541330488796, -0.027023440046090197, -9.707875215127578, -0.04628822701564858, 0.005862111786797866, 0.014637615681738044]]	[[0.07279928556047559, -0.5708160998999792, 0.1995919964069739, -1.2090187247321669, 2.8996085921779913, 0.00012558637612511411]]
[[0.7462893463403182, -0.012854240798434224, -9.699171925306581, -0.04578199890307076, 0.006229087433757465, 0.014366432408379428]]	[[0.07278302052400222, -0.5708251145294294, 0.19961267058346194, 1.2089823896567227, -2.899620440463584, -3.3411384667224745e-05]]
[[0.7301517789036767, -0.043953099660167694, -9.69408312851414, -0.046767403643257585, 0.007036697080211762, 0.015038604550132844]]	[[0.07281752683792196, -0.5708302314776096, 0.19960998260383153, -1.2091100993349326, 2.8995866030282618, 1.2826787226668556e-05]]
[[0.6611134896465347, -0.084953380451043, -9.682887231036743, -0.04845985455404156, 0.008835317727371849, 0.015423889296620535]]	[[0.07281662133701272, -0.5708155970930926, 0.1995933753401114, 1.2091442597212736, -2.899568883298775, -0.00016379082330137575]]
[[0.7110472079208912, -0.07015842179288867, -9.678870273413958, -0.04864397735189134, 0.008560772079380455, 0.015476898978456196]]	[[0.07279966965274355, -0.5708184871782702, 0.19959989057907873, 1.2090954305525503, -2.8995488408348233, -9.154910835758818e-05]]
[[0.7196507570576512, -0.04265846489166919, -9.68227870366151, -0.04770900682875289, 0.008668491730686595, 0.015295967249757297]]	[[0.07278999401084504, -0.5708247888229876, 0.1995847994211173, 1.2090169784075557, -2.899608237808076, -0.00012698191687319572]]
[[0.7269364052724452, -0.03555693951820399, -9.683615243398929, -0.047990347091249795, 0.008196037970346924, 0.015146279815757658]]	[[0.07279981676571382, -0.5708189001281538, 0.19959322052844441, 1.2089738974372934, -2.8995999612301007, -0.00011025965407199389]]
[[0.733209393938361, -0.01709510838230255, -9.687875240163946, -0.0480100759462071, 0.007673505148221949, 0.014803976307327141]]	[[0.07278213940211403, -0.5708127071679481, 0.1995784269279538, -1.20905678977757, 2.899604401274103, 0.00019996902098918943]]
[[0.7180369724402607, -0.005008831640905098, -9.680544141847102, -0.04761587368495672, 0.008140542690366955, 0.014798653945269486]]	[[0.072805942380093, -0.5708250789006875, 0.19961640076229956, 1.2090394552439432, -2.8996095056108864, -3.204048574299527e-05]]
[[0.7147621947465523, 0.0029219747025919784, -9.683558066267908, -0.046866173512742644, 0.008158198451306671, 0.014774860062964983]]	[[0.07280509441535087, -0.5708194405560575, 0.1995955955023737, 1.209060960194238, -2.8996144417859435, -7.033943132762651e-05]]
[[0.6648503843284028, -0.0036229118444928154, -9.66256915611928, -0.04647053983536743, 0.00928410466750516, 0.014953289936721726]]	[[0.07279302848878932, -0.5708227035318371, 0.19959813488232497, -1.2090058349718213, 2.899628305182766, 8.768377907472165e-05]]
[[0.6969005952979086, -0.014375771322041375, -9.664459431720934, -0.04588323836068767, 0.008853720124440034, 0.015574499292753724]]	[[0.07278413545192769, -0.5708213815629419, 0.19958773472215574, 1.209043283552003, -2.8996226895298456, -0.00010776858233949912]]
[[0.6993707316552322, -0.03362789226470303, -9.676820598296977, -0.04609804692942053, 0.008861929494602211, 0.015612312524641266]]	[[0.07279049884420852, -0.5708192749676129, 0.19960774491625355, 1.2090255841855868, -2.8996287239670013, -5.1626313678335487e-05]]
[[0.684451011202704, -0.010231900017536266, -9.6880490823237, -0.04527331721736993, 0.008658159903289196, 0.016503729149879534]]	[[0.07278305701449445, -0.570828627934909, 0.1996240458251946, 1.2089779477532063, -2.8996097289914227, -5.2753871953636025e-05]]
[[0.6957911119928748, -0.009075832409575157, -9.694795518066314, -0.04549640454741789, 0.008188220807159838, 0.016233689254735804]]	[[0.07279703844506172, -0.5708203986087456, 0.19959573284929488, 1.2090395572387345, -2.899611698113398, -0.0001267350074103279]]
[[0.7344785688264095, -0.004291714608077646, -9.694562274539123, -0.04549952109921787, 0.007559440751961053, 0.01582871360474494]]	[[0.07279008700859861, -0.5708215849843141, 0.199610263703828, 1.2090045552656963, -2.8996249699381473, -7.059206061927969e-05]]
[[0.7144131738699065, -0.041335030074000134, -9.711138268853059, -0.04650618751012385, 0.008236840433648192, 0.015898441558425225]]	[[0.07280139858823019, -0.5708217537868546, 0.1996061536968456, -1.2090189040148305, 2.899609073403273, 0.00010500421244648061]]
[[0.6962097547021986, -0.050649328634137514, -9.71627053117016, -0.04751350870248704, 0.008057632840526838, 0.0163705396029241]]	[[0.07277780325807534, -0.5708303151862166, 0.19960403373984476, 1.2089822351058324, -2.899622194777585, -0.00010827262056650984]]
[[0.7010723803463836, -0.01680884646204006, -9.705353200534077, -0.04790513171733836, 0.007908559377531755, 0.01614194232587891]]	[[0.07280164646439846, -0.570818986327008, 0.19961025737922988, -1.2089620802672152, 2.8996206776995574, 6.807396873544945e-05]]
[[0.5931522086620696, -0.031007325629896387, -9.697133929927153, -0.048272638472305646, 0.010412065857734923, 0.0177247168844755]]	[[0.07279246952421015, -0.5708246005260065, 0.19960732377368529, 1.2090783517665806, -2.8996075082714565, -8.793589544996968e-05]]
[[0.574506316414163, -0.013636615728385426, -9.703095408983708, -0.048733486997144575, 0.010234921136991183, 0.018159790010870817]]	[[0.07280122672873506, -0.5708178763958179, 0.19960906666864509, -1.209083605758638, 2.8995695758192297, 8.678657485839542e-05]]
[[0.5808724146972524, 0.039216075609801615, -9.704300363947088, -0.048451734188692065, 0.01005782839091486, 0.018294571208434706]]	[[0.07280175536164396, -0.5708173399223412, 0.19960004698781425, 1.2090524535452825, -2.899593808857114, -0.00014569952919021303]]
[[0.5936573268906333, 0.058791864837957675, -9.673085554652907, -0.048229201025152865, 0.00982535135077512, 0.01792643681964566]]	[[0.07282335649791312, -0.5708232254572249, 0.19962520475198148, -1.2091225453573182, 2.8995676144544142, 3.127086010529662e-05]]
[[0.5890029011249374, 0.06270255493715271, -9.671972033041678, -0.04775993694230836, 0.009937057996866415, 0.018056445075720098]]	[[0.0728008259710254, -0.5708270991788429, 0.19961853778050645, 1.2090434662009446, -2.8996211653592017, -5.1256792432109127e-05]]
[[0.6248246665280643, 0.10436503575041128, -9.674019793788942, -0.046421417613882535, 0.009014237363279345, 0.01796799993674521]]	[[0.07279932096755144, -0.5708298750476078, 0.19960639133305147, 1.2089826114773152, -2.899621190153939, -7.121557496103289e-05]]
[[0.6192198672879781, 0.07729676812781189, -9.66331129953201, -0.04648545957718495, 0.00952275193705042, 0.018348436929503956]]	[[0.07280673495002273, -0.5708256630173381, 0.19962639085484576, -1.2090748069864778, 2.89954870620621, 1.0658544393946352e-05]]
[[0.5829619024779493, 0.023927358307815505, -9.657685694347158, -0.04683195463910328, 0.010849393628233856, 0.019183333274345005]]	[[0.07278834011433911, -0.5708223018103642, 0.1996048018207395, -1.208961356726808, 2.899620965933604, 6.7697338284993e-05]]
[[0.5954188152742479, 0.029593848295169978, -9.676111806972461, -0.046211896683275, 0.010343393705050573, 0.019039619042785647]]	[[0.07278415173333469, -0.5708248238261405, 0.19959146793368515, 1.2089875265266175, -2.899632978569894, -0.00010764480435099334]]
[[0.6207126374567583, 0.046956003679404834, -9.701753025069166, -0.04562414908095866, 0.010142590887822274, 0.018451989396065]]	[[0.07279634864891599, -0.5708219284127289, 0.19959692513266886, 1.2090521200073796, -2.899593124852639, -0.00010864332983684066]]
[[0.5922522871260274, 0.020763258140553853, -9.69223199424265, -0.045562196620692, 0.011464222473721586, 0.018747611497684516]]	[[0.07280066687178095, -0.570826636818851, 0.19961758992914183, 1.209043167672064, -2.899620439013495, -1.2702320886956961e-05]]
[[0.6291271845471211, 0.04446979402823553, -9.695337377659147, -0.044556666599360396, 0.010888217635499218, 0.018747645742775213]]	[[0.07281654016095794, -0.5708275985934628, 0.19961427131564544, -1.2091279629341336, 2.89957874692555, 3.1542773782988195e-05]]
[[0.6205660222631231, 0.04116613016531334, -9.697948680141208, -0.044881272258879945, 0.010938539896699663, 0.01895368878921132]]	[[0.07280666276115391, -0.5708303764068192, 0.1996368039939168, 1.2090684342182514, -2.8995835641066843, 4.3862506653201606e-06]]
[[0.6391225604488834, 0.05583532106294581, -9.716580534520347, -0.04516997412614464, 0.0101829965343791, 0.01928306760982457]]	[[0.07279943263541327, -0.5708165127636529, 0.19958532636566634, -1.2090185444183241, 2.899608218118309, 0.00014430025935687347]]
[[0.65279349013792, 0.05487050273253069, -9.716506959534199, -0.0458535304933132, 0.010114004464407546, 0.01843496178175663]]	[[0.07278385752415449, -0.5708239978802164, 0.19960480814524506, 1.208987249136412, -2.899632198297554, -7.021685381341973e-05]]
[[0.6395349113107569, 0.030868418770064465, -9.721919703038372, -0.046841697624457904, 0.01032168704790348, 0.017794985521395388]]	[[0.0728182391024321, -0.5708285551810435, 0.1996299916649819, -1.2090712807560646, 2.899590709574088, -4.396309788515562e-05]]
[[0.6832614861098739, 0.05379762463038135, -9.714704948422064, -0.04661470810776987, 0.009500270510090104, 0.01730003545947962]]	[[0.07280282811090019, -0.5708134062074302, 0.19958867042829773, -1.2090096074493293, 2.8996371454334935, 0.00012573458940989493]]
[[0.6893222791447662, 0.08666115562561, -9.70690416679685, -0.04584946565306533, 0.009732539011125068, 0.01690507490613527]]	[[0.07281699333810115, -0.5708253330075413, 0.19960519424064965, -1.2090355909426147, 2.8996025278120565, 8.741325947608053e-05]]
[[0.6820067661999986, 0.060741977301053685, -9.701347299628988, -0.04659877173347256, 0.009998231804312505, 0.01714745211782738]]	[[0.07279928478708182, -0.5708263599105134, 0.19960973061176593, 1.2090389028021895, -2.89961018440279, -5.075471398461989e-05]]
[[0.6087601973874839, 0.0898672954302997, -9.690607357506833, -0.046016640197411515, 0.01121027237236388, 0.017533484631637113]]	[[0.07280551954539413, -0.5708206337698701, 0.19959025185068344, -1.2090613819370852, 2.8996155267913073, 0.000126110972201416]]
[[0.6288141046128028, 0.1119765746472115, -9.704538107247677, -0.0452651201074699, 0.01071664692505737, 0.01742197016752676]]	[[0.07280266719170228, -0.5708217962017106, 0.19960710011481533, -1.2089960141405383, 2.899604856833652, 0.00014293488682207627]]
[[0.5951520227257838, 0.06265692368907544, -9.692946281169002, -0.045669783007468046, 0.011645198374196704, 0.01788830561551592]]	[[0.07281504895630257, -0.5708304798664914, 0.19959561416906124, 1.2090573924860921, -2.899604182352112, -0.00012561442584960384]]
[[0.5772220433417456, 0.04749757443241964, -9.675948345708077, -0.045519989351391704, 0.011804008669465613, 0.01831102086505404]]	[[0.07280721614115157, -0.5708182543868737, 0.19959572806881004, -1.2090007489757948, 2.899616137980114, 0.00012484005688452026]]
[[0.5935139135744583, 0.03430762906474849, -9.679129148515766, -0.04579053104165907, 0.011004960926066648, 0.017892732261617885]]	[[0.0728078872157224, -0.5708234838294508, 0.1996373797356596, -1.2090584241842093, 2.8996082550973235, 1.2832083882145755e-05]]
[[0.6277697016328845, 0.05328702587743783, -9.680348980669766, -0.04526763714048807, 0.010250671751371381, 0.01745559121636432]]	[[0.07281612290167265, -0.5708298250052023, 0.1996233246366212, 1.2090773945940847, -2.8996052998409683, 2.3977829261200924e-05]]
[[0.6540883174927725, 0.0357699552393827, -9.68860426106894, -0.04571389471871247, 0.009733722749597464, 0.017468169256071562]]	[[0.07278920832570107, -0.5708125145107356, 0.19958626371991195, -1.2089700079257153, 2.899641460719833, 0.00016291521610329376]]
[[0.6469676713772246, 0.01818064849420653, -9.701841252795413, -0.04549060627950713, 0.010189358570573105, 0.018098445284325394]]	[[0.07279580898449817, -0.5708272063133342, 0.1996164056082117, 1.2089732285081305, -2.8995983935727256, -3.390943536219748e-05]]
[[0.6046612602478659, -0.016752536829118425, -9.699378027234667, -0.04650146931291535, 0.011132970828044843, 0.017879870163800583]]	[[0.07279714511028469, -0.5708404507727545, 0.19962531045638243, 1.2090036061316451, -2.899623080961136, 2.4849150413222393e-05]]
[[0.6000045656489871, -0.03734497799326392, -9.700594494197473, -0.047800425784714884, 0.011646185535584143, 0.018010369267734996]]	[[0.07280214767202664, -0.5708116485921095, 0.19958723701502462, -1.209044828100715, 2.89962232791243, 0.00020171934249671661]]
[[0.6610661076123979, 0.004505919783066803, -9.711935800599026, -0.047144636596713765, 0.009954089152707273, 0.017009812294241207]]	[[0.07280924138337001, -0.5708149199708389, 0.19959883091948083, 1.2090917426940118, -2.899590769751638, -0.00016416600471977095]]
[[0.6486829164626229, -0.02861324122246678, -9.707211107630751, -0.04845550916903571, 0.010100563087492537, 0.017574766184998373]]	[[0.0727957141781398, -0.5708332436884148, 0.19962465112863262, 1.2090251377556893, -2.8996279038957797, -1.30797656847116e-05]]
[[0.6704186089232629, -0.02692630997320017, -9.688840039940494, -0.04883344934107188, 0.010086210591622062, 0.016964826141943837]]	[[0.07280159185997287, -0.5708134847563664, 0.19960298369033416, 1.209022347099551, -2.8996188713317737, -0.00012710944580326727]]
[[0.6287700036675461, -0.014994217571793256, -9.668939081915696, -0.04867615355232839, 0.011248094856634062, 0.01762217216449245]]	[[0.07278739326102683, -0.5708110207406286, 0.19959843837938057, -1.2090098063820938, 2.899637449587015, 0.00014445179115945287]]
[[0.6305420511203709, 0.011203746728422892, -9.65616838007558, -0.04825137602238385, 0.011079515885897138, 0.017868997357449637]]	[[0.07279969896313108, -0.5708370259199715, 0.19963056615643798, -1.2089662586851868, 2.899632879713676, 3.015185441378734e-05]]
[[0.6285367768935398, 0.007928766822484223, -9.642862928669912, -0.0485328572210723, 0.011135693952303322, 0.018614497403098597]]	[[0.07281026992480344, -0.5708277394509989, 0.19962640513192031, 1.2090940505167334, -2.8995475626943996, -1.6321482930642164e-05]]
[[0.633775631495926, 0.02332597009804721, -9.638593617205082, -0.0478334014037154, 0.011274200270817186, 0.018401521988777866]]	[[0.07280875001449065, -0.5708258912719794, 0.19958971696907174, -1.2090920331210246, 2.899591941991105, 0.00010564963557761994]]
[[0.6750247863911398, 0.02762006372684217, -9.631474814514716, -0.04683409433979768, 0.010550388902043007, 0.01796855475858514]]	[[0.07279591308848912, -0.57081737487212, 0.19960671542805114, 1.209039593890448, -2.8996116325687833, -0.00012636279268360168]]
[[0.6972261466012564, -0.02486954847462236, -9.633053460713866, -0.047553305162077016, 0.010551549208040717, 0.017877724892508544]]	[[0.07282026696519732, -0.5708150176471354, 0.19960123127455828, -1.2090526357802533, 2.899594533055394, 0.000124467012862834]]
[[0.7120630010697452, -0.014773587555935719, -9.64190456818769, -0.046853303994536216, 0.010700370483910988, 0.01769571575999682]]	[[0.072813619346045, -0.5708299187544537, 0.19960784885976812, 1.20906840693195, -2.899583703441481, 5.142625923300505e-06]]
[[0.6883377843024849, -0.028953014458373005, -9.646033587087302, -0.0466550428357331, 0.011333956137401683, 0.017706493884681405]]	[[0.07278235234285485, -0.5708267734190778, 0.19959266184667118, 1.2090294024498451, -2.899589275219876, -9.017737750646702e-05]]
[[0.7008667906567823, -0.07084520869533062, -9.634607975983164, -0.04686544354009006, 0.01138167304637953, 0.017259356240353567]]	[[0.0728116376083719, -0.570824630818348, 0.19961640236346156, 1.2090169185845094, -2.8996059936215572, -3.266287476079775e-05]]
[[0.6600315198818081, -0.08406951885334135, -9.627254414140017, -0.04658802686921991, 0.012642527391524161, 0.017440133554325055]]	[[0.07280181669245492, -0.5708073089269208, 0.1995892020698969, -1.209057296738967, 2.899605464768337, 0.00014494811890260098]]
[[0.6805148479498275, -0.061841128232206166, -9.625808190682973, -0.04592826880926881, 0.012468958407514896, 0.01687713188054706]]	[[0.07280969908725134, -0.570819600820824, 0.19958255403121625, 1.2091048428297502, -2.8995736916869896, -0.00022018382279818794]]
[[0.6342646024778797, -0.03630309190802178, -9.62714597133346, -0.045027958325787404, 0.013244584481810512, 0.017273260791366745]]	[[0.07282321920747203, -0.5708228926432608, 0.199603055675439, -1.2090530352517095, 2.8995956782327297, 6.75741238405986e-05]]
[[0.6230012980431091, -0.07683605652716752, -9.625622665242634, -0.04652673395940193, 0.013141157227692695, 0.017342266680269513]]	[[0.07279954102833999, -0.5708236145710909, 0.19961385814864635, 1.2090604875929045, -2.899613266327191, -1.3449393089708781e-05]]
[[0.6126427101130236, -0.10611694049558745, -9.632127555674828, -0.04766624848876269, 0.013843398918148373, 0.017091315876362187]]	[[0.07279813163699876, -0.5708165365401418, 0.19959199802765887, -1.2090746749593024, 2.8995986859808216, 0.00012623487813066104]]
[[0.6184276043466386, -0.06813403252182693, -9.635910764720968, -0.04711004391836095, 0.013790360365552236, 0.01684519022525476]]	[[0.0728259284553735, -0.5708213427107006, 0.19961518620793545, 1.2090734913956858, -2.899595748312591, -5.112923537705699e-05]]
[[0.5744820934754413, -0.05365760061078678, -9.648577449129476, -0.04717644625408776, 0.015322240956408748, 0.01767797586313635]]	[[0.07279404331885657, -0.5708288279513871, 0.1996051974343084, 1.2089739189840294, -2.899651058491297, -8.868488387523955e-05]]
[[0.5463722230002696, -0.051023439311773555, -9.646684628888705, -0.048049559309751314, 0.015189509466277052, 0.017941786437183308]]	[[0.07278510982247403, -0.5708170441570805, 0.19960533647391548, -1.2089658531985752, 2.8996315346561476, 8.815836413883095e-05]]
[[0.5651049355155429, -0.03165034777369452, -9.653709693248377, -0.04842285620754988, 0.014517406667622822, 0.018242152067747923]]	[[0.07279563463812766, -0.5708199924211841, 0.1996090745943892, 1.20900015179226, -2.8996143237889087, -8.992974912775577e-05]]
[[0.6640259392307575, 0.005629248185588964, -9.661177220048273, -0.047648413771565326, 0.01221007521305421, 0.017659679837153816]]	[[0.07279858406592776, -0.5708245308990771, 0.19960065523350484, 1.2090566450386813, -2.8996040975194735, -0.00010727315126156091]]
[[0.6921438836614169, 0.02132100707631157, -9.680259836823922, -0.046836881613166466, 0.011218915011120389, 0.017655837912847555]]	[[0.07279104938104423, -0.5708207520081042, 0.19961693219510301, 1.2090255704003752, -2.89962866815618, -5.125483040900658e-05]]
[[0.7325190337331927, 0.04191570714924814, -9.678987980493465, -0.045935642745406, 0.010238823861330983, 0.016882493244957327]]	[[0.0728020707501839, -0.570827043196661, 0.1996042480217622, -1.2090061238455663, 2.8996290903776587, 4.950696002828238e-05]]
[[0.7274827559252072, 0.04926723561940399, -9.661487926933685, -0.04576067596601711, 0.01040543795130153, 0.017080083777526463]]	[[0.07281308345000198, -0.5708252376254404, 0.19958950114499702, 1.2090577460854595, -2.899604936837249, -0.0001637914963331315]]
[[0.7305303586264131, 0.031153314026458212, -9.665716504324589, -0.046344748347826356, 0.00991712636068122, 0.01700741992837623]]	[[0.07279249222833854, -0.5708280082990599, 0.1996252095328392, 1.2090380740616182, -2.8996100572947308, -3.3166454798697564e-05]]
[[0.747369301397057, 0.07222219582129386, -9.681978762624766, -0.0449920840731916, 0.009118375510302514, 0.016266018349263778]]	[[0.07279909477914095, -0.5708169403401085, 0.1996200603410537, 1.209060196421972, -2.8995634205605185, -9.080429353533915e-05]]
[[0.7598452759293699, 0.06260719479298194, -9.68559715513844, -0.04484507562533337, 0.00916028658662255, 0.017488795061943556]]	[[0.07278128145782504, -0.5708328054123498, 0.19960760268424624, 1.208974290566041, -2.8996500419358795, -5.08805708077386e-05]]
[[0.8025621348738683, 0.09194083528470703, -9.698979590863514, -0.044434655017276864, 0.008423486832945755, 0.01705702749878861]]	[[0.0728138769477114, -0.5708238623824676, 0.19962404102153447, 1.209095331862584, -2.899599509061846, -5.088347870311096e-05]]
[[0.7862596759483316, 0.09528507430618793, -9.692947701702826, -0.04444993002441944, 0.008570191224520431, 0.01674198987657548]]	[[0.07281178218624255, -0.5708217073352942, 0.19959948836417546, 1.2090222332406177, -2.899618861353468, -0.0001256131261490479]]
[[0.8641727548564819, 0.1509857771914821, -9.723422969532393, -0.04392065475267125, 0.006633912546675384, 0.01585795796667869]]	[[0.07278156299262552, -0.5708111047381637, 0.1996127246613842, -1.2089357128333396, 2.899656283716225, 0.00014495446681114666]]
[[0.8263400337956226, 0.1409173868926054, -9.715944350068508, -0.04443425647544041, 0.007740812758399926, 0.016083700854563086]]	[[0.07278867656357244, -0.5708178162529773, 0.19959105339445896, 1.2089867549482773, -2.8996329131998895, -8.892747914732236e-05]]
[[0.8185612161196287, 0.11246125062762413, -9.721343876169376, -0.04540896869126425, 0.008101612980426495, 0.016175822393207372]]	[[0.0727987311771495, -0.5708249438593422, 0.1995939851010937, 1.2090567836514636, -2.899604487521662, -0.00012598712808361314]]
[[0.7499196207384597, 0.09132473639053135, -9.719810766770173, -0.04610168696839305, 0.009285369415859668, 0.016795353806348643]]	[[0.07278717301708112, -0.5708172809339244, 0.19959097186273778, 1.2090176555227694, -2.8996096287092583, -0.00020221813391709063]]
[[0.6749448897099258, 0.06773857566457464, -9.694595578208892, -0.04727720476968976, 0.011425287861671678, 0.017033626857731517]]	[[0.07280897980645373, -0.5708175819778514, 0.19960123765623003, 1.2090695777199847, -2.899586241325333, -0.00012698432290604214]]
[[0.6667432491200089, 0.046932390470770524, -9.663456741422461, -0.047587062410816325, 0.012130853569117299, 0.0167553026880993]]	[[0.07279488315412615, -0.5708310460815437, 0.19962229345026952, 1.2090779925427388, -2.8996067120837363, -5.013555656756381e-05]]
[[0.6945764855458636, 0.06193765818952862, -9.655712668299472, -0.047103859958406206, 0.011464575018488014, 0.01667109336108237]]	[[0.07279800086826227, -0.5708195657826934, 0.19960240133691431, 1.209009413786312, -2.8996367266860266, -0.00010739780242768363]]
[[0.6932467004003375, 0.027678169970478395, -9.641866212772781, -0.047181870399627956, 0.012048955286101982, 0.016397261899457668]]	[[0.07280847862238622, -0.5708284732682545, 0.19962094308759262, 1.209043837098651, -2.8996201473755, -1.345233143661712e-05]]
[[0.6700510267837216, 0.002172773154610952, -9.63819315452419, -0.04726121619634659, 0.012834430787360122, 0.01615436372608316]]	[[0.07279773663123638, -0.5708188909910032, 0.19959456440742807, -1.209027682154014, 2.8996299757248014, 0.0001444528103268137]]
[[0.6401033583691229, 0.005572644694729678, -9.631568573739354, -0.04684045110931042, 0.013383773695686906, 0.01635417420443416]]	[[0.07279388028791635, -0.5708249709998751, 0.19962284872359048, -1.2089880952339098, 2.899636254294936, 6.897507469561044e-05]]
[[0.6501610710886394, 0.010591314004473718, -9.62103909895497, -0.04628320686665758, 0.012826765477289677, 0.01666355161354646]]	[[0.07278881994632826, -0.5708148351946687, 0.19960298210337074, -1.2090435015049983, 2.8996229619210747, 0.00012648679753381154]]
[[0.652321608791765, 0.009383859002117634, -9.632132611318905, -0.04572692112912073, 0.012635737662784464, 0.016561399570612746]]	[[0.07281674684731887, -0.5708158810647401, 0.19960790611061596, 1.2090912837879868, -2.8995896509169956, -0.00010764740454762558]]
[[0.6256826113528013, 0.0008664622156953072, -9.642576706646478, -0.0450450378103594, 0.013721143393348643, 0.016506948484364833]]	[[0.0727861131612273, -0.5708266717607368, 0.19961618015928037, 1.208973955983144, -2.89965099365963, -8.831270253621914e-05]]
[[0.6425790250035648, -0.008343438363504596, -9.647899251532898, -0.04501962548671849, 0.013341075762301844, 0.016256914744772304]]	[[0.07280483031675326, -0.5708221622589179, 0.1996061584774979, 1.2090566614271474, -2.8996040604075892, -0.00010689962732839581]]
[[0.6688610694164454, 0.021044341975789083, -9.65807698996514, -0.04472452417841766, 0.01264800805629528, 0.015693031572372045]]	[[0.07282793068711992, -0.570826702147817, 0.19961427447556268, 1.2091603936492605, -2.8995590839479464, -3.278966855231479e-05]]
[[0.6573921589105227, 0.024329983497518914, -9.64870897605198, -0.04503365073995716, 0.012806676478911781, 0.015554769170793988]]	[[0.07280859830834256, -0.5708185314888752, 0.1996035872957987, -1.2089791832636594, 2.8996130984647057, 8.678813564011491e-05]]
[[0.6596492586862053, 0.017005207687737944, -9.618349969962011, -0.04535800668564047, 0.012997889744108152, 0.015125159893828354]]	[[0.07279627850866224, -0.5708244798931943, 0.1995938430169322, -1.2089785704306102, 2.899613747384646, 6.769559105566731e-05]]
[[0.6653321147367739, 0.03791556924021544, -9.620191786686643, -0.044999366709452274, 0.012746180840228275, 0.015153263595767127]]	[[0.07279612610277932, -0.5708314404034707, 0.19962095116426187, 1.2090203341523407, -2.899565404655302, -1.6569576458907088e-05]]
[[0.6540074770073905, 0.04617266911587753, -9.618508850216458, -0.045326485920674446, 0.012803127970198492, 0.015294038600286483]]	[[0.07281259740157256, -0.5708204613518505, 0.19961282699856614, 1.2090617760032356, -2.8996143879231937, -8.756259794464796e-05]]
[[0.7262596434905539, 0.08502280350083952, -9.614674433420173, -0.04521774273862415, 0.010794563922220998, 0.014997932417074636]]	[[0.0728020443224272, -0.5708214789451916, 0.19961164110480503, 1.2090821235051363, -2.8995676059922277, -0.0001081473125219453]]
[[0.7329231250511821, 0.10176392439673426, -9.611233737731387, -0.04532757829882936, 0.010184418093176873, 0.014791527885941156]]	[[0.07279873241926621, -0.5708146823122607, 0.19959096548111493, -1.2089656005586134, 2.8996290796425073, 0.00019969979970882766]]
[[0.7576953111927607, 0.1271347466232337, -9.613560704747739, -0.04455052337099451, 0.009751938513411908, 0.01528592602216214]]	[[0.07280133499576959, -0.5708162311390864, 0.19958414209360253, 1.2090360203857293, -2.8996011861905826, -0.0001655334800901667]]
[[0.7681280824264843, 0.09647799916779981, -9.612748663918461, -0.04471276297817533, 0.009749116116571581, 0.016029826900017148]]	[[0.07281316798355138, -0.5708150595421985, 0.19961457138021588, -1.209070278589487, 2.8995880728481143, 8.703855111602455e-05]]
[[0.807306214883046, 0.09291921373848289, -9.60749756135643, -0.044298830099541026, 0.009398159526949716, 0.014698260587693922]]	[[0.072769283097194, -0.5708232290005635, 0.19958789592842985, 1.2089873116092944, -2.899634351220517, -0.00016379031825575197]]
[[0.8089484044461484, 0.0565334043382994, -9.60659255826543, -0.044706324792065516, 0.008818897030238713, 0.015029997852385424]]	[[0.07280041704534856, -0.5708293477575634, 0.1996276148684935, 1.2090384446328248, -2.8996090389569464, 4.6381067735092705e-06]]
[[0.7883827793880973, 0.049963037313835, -9.606541271242033, -0.04416838659539622, 0.009251400033321484, 0.015315885352901645]]	[[0.07280632934510256, -0.5708227004799155, 0.1996285248773985, 1.209060493661209, -2.899613181448459, -1.3078693170529828e-05]]
[[0.7949544963028199, 0.03755623818896292, -9.623320471269135, -0.043938201387215464, 0.009521004276942045, 0.015219884980358128]]	[[0.07281328131497636, -0.5708222457879447, 0.19962185475176986, 1.2091124813403693, -2.89959195179139, -3.1792739354496094e-05]]
[[0.8174369792066019, 0.013719319020110143, -9.63559557298175, -0.04376486565038652, 0.009458440526959468, 0.015530080488340285]]	[[0.0728096563755535, -0.5708351071231351, 0.19959224917730228, 1.2090736532429445, -2.899596588512837, -8.893223967518597e-05]]
[[0.8154100442080184, -0.021311330538852036, -9.615779238226688, -0.04491327636410143, 0.009414920499553173, 0.01592997066055407]]	[[0.07279902661306226, -0.5708290487758556, 0.19961973170762165, 1.2090341831567215, -2.8995987916998365, -3.3788513091292275e-05]]
[[0.830292584687817, -0.0021005949269328195, -9.644153244525741, -0.04481455227270735, 0.009173164644273299, 0.01557665560486586]]	[[0.07281372653490309, -0.5708165603898224, 0.19960906821264646, -1.209035675335886, 2.899602472775738, 8.741223467574849e-05]]
[[0.8261076386920547, -0.008824017320432365, -9.648373790101422, -0.04553980017770838, 0.00930084470606636, 0.01596829678571043]]	[[0.07280861466715222, -0.5708219736259977, 0.19960732058004615, -1.2091054607813345, 2.899573399749131, 8.666291749379703e-05]]
[[0.7626324207823447, -0.01497941145726539, -9.65586494856271, -0.04642903514143815, 0.010407698674508713, 0.01709791782386424]]	[[0.0727775870977861, -0.5708229004669182, 0.19961026211683755, 1.2089745508939487, -2.899650389196157, -6.996889682228491e-05]]
[[0.7514253550214296, -0.030656009413245866, -9.648831957338752, -0.04739700591552013, 0.010497355941757703, 0.017123780220524965]]	[[0.07279981112423389, -0.570820974929483, 0.19961147508335308, -1.2090061952747408, 2.8996290531952935, 5.025601771425663e-05]]
[[0.7453478674772314, -0.018923616203785132, -9.653446260559535, -0.04744704143691715, 0.011028179621608594, 0.017043163136035617]]	[[0.07280018261677482, -0.5708322226180703, 0.19960228599514707, 1.2090347182763501, -2.8996002820596116, -0.00010752386957394174]]
[[0.7269749478307954, -0.037078215651362545, -9.64371453828657, -0.04856624237899369, 0.011569801516256004, 0.017534749294749036]]	[[0.07278328227988111, -0.5708224526692004, 0.199610263703828, 1.208987272226328, -2.8996321763529265, -7.059220389106315e-05]]
[[0.7202504515577351, -0.01970753018706245, -9.629515298249476, -0.04893306632848865, 0.010943425931710504, 0.017474554533456026]]	[[0.0728127118089783, -0.5708173862594563, 0.19961709030599717, -1.2091094869110148, 2.8995847601085254, 0.00010602924329539208]]
[[0.738128015153426, 0.0014681602706064778, -9.633500310348897, -0.04866331504703213, 0.010711383627150732, 0.017016009768876822]]	[[0.07279211962503242, -0.5708139885257016, 0.19959413073737864, 1.2090139206014878, -2.899596610718735, -0.00012797866660293076]]
[[0.770714963289453, 0.003827942898610659, -9.626507201416226, -0.048021413750672565, 0.01006626815634347, 0.01671065505033613]]	[[0.07278376024392567, -0.570827205418448, 0.19960162857564295, 1.208930705070279, -2.8996445389509127, -0.00014607566118438945]]
[[0.7801609430565987, 0.008383908324194944, -9.640531933025615, -0.0472110793750373, 0.009589352022903296, 0.016337762420589815]]	[[0.07280067875669509, -0.5708266859446716, 0.19962520794576377, 1.2090778937421747, -2.899606362239867, -3.254289279959481e-05]]
[[0.7659290713372409, 0.009928764336403606, -9.645489998028761, -0.04688629987329229, 0.009852768271808011, 0.015651760728424304]]	[[0.07280215035475761, -0.5708149855078117, 0.19959748054178106, 1.2090403049460277, -2.8996114135430533, -0.00012748282711903114]]
[[0.7480312093274353, 0.038802985786321575, -9.639435590977673, -0.045480115578534736, 0.010479070812114567, 0.016048473308343844]]	[[0.0728175468678426, -0.5708267487428184, 0.19962093989386254, -1.2090880932369208, 2.899582396129683, 1.2180588934688552e-05]]
[[0.785424309340137, 0.038258638840400816, -9.668549688682237, -0.044672394678789945, 0.009907039008362484, 0.016108551618904073]]	[[0.07281729998449532, -0.5708206943757064, 0.19962733731209273, 1.2090860933135508, -2.8995771167055264, -3.303975240402274e-05]]
[[0.7927125262521048, 0.06520177784395775, -9.67648141105089, -0.04359008420664357, 0.009289702422501052, 0.015772363554229566]]	[[0.07280654987616267, -0.5708076924769776, 0.19959724931204223, 1.209074534958475, -2.899597976596321, -0.00016378955530796756]]
[[0.8073622426075453, 0.03759119987690074, -9.6747668284239, -0.044207204489847794, 0.009230146608147392, 0.015590086636722454]]	[[0.07280551954539413, -0.5708206337698701, 0.19959025185068344, -1.2090268153721615, 2.8996299388367577, 0.00012611095797801332]]
[[0.8187606758191395, 0.023804331143587543, -9.681573899246798, -0.04470499912988707, 0.009192118501508955, 0.016032776204540522]]	[[0.07281188285215388, -0.5708185268513506, 0.19961026211683755, 1.209078249342228, -2.8996071500479794, -6.996884351359538e-05]]
[[0.8148470005166533, 0.05991184683464973, -9.686876648208626, -0.04428779491878048, 0.00890185831414058, 0.01601100712694396]]	[[0.07280233281372936, -0.570825619502949, 0.1996085209176901, 1.2090080953612774, -2.8995847392024703, -7.171230430347717e-05]]
[[0.7844108589788954, 0.06608240678545263, -9.693011476526703, -0.04480193912650156, 0.009874729093466272, 0.015637922017160428]]	[[0.07277912473893886, -0.5708236127924562, 0.19961147508335308, -1.2089363709112604, 2.899658165188059, 5.0255795746520644e-05]]
[[0.7510424581488061, 0.04080149613789741, -9.692234162695794, -0.046177499397805806, 0.011267215087125904, 0.015331338515228133]]	[[0.07277122366438686, -0.5708250070031161, 0.19959025185068344, -1.2089576835831874, 2.8996587661436006, 0.00012611100116160056]]
[[0.7519593397965557, 0.06781219425256424, -9.692940116067376, -0.04573225549446305, 0.01105056437633586, 0.015469328706871408]]	[[0.07278593730576378, -0.5708261650541737, 0.19961518462091266, 1.2090427970192246, -2.8996214577379793, -5.050692352405013e-05]]
[[0.7345170028506041, 0.11794806054508672, -9.695372355270441, -0.04487893994506224, 0.010744978547175769, 0.015523942497537616]]	[[0.07280056426976436, -0.5708297610185846, 0.19962094467464242, 1.209038583487369, -2.8996094294754453, -1.4075850682615055e-05]]
[[0.7676479793742726, 0.13333709750790013, -9.691873574535858, -0.0452757920426789, 0.009231520931405352, 0.015352141659894618]]	[[0.0727862477796902, -0.570827036790265, 0.19958717761244255, 1.2090085018038939, -2.899636735717713, -8.830544958459262e-05]]
[[0.7259655528698041, 0.14164679489268805, -9.679409315496981, -0.04477901889964254, 0.010289292432275745, 0.015702547624001317]]	[[0.07279884873913446, -0.5708218078567338, 0.19960480655827753, 1.2090090937744848, -2.8996359977698187, -6.959334928512664e-05]]
[[0.7383105291855911, 0.1343114932576519, -9.679818078526816, -0.04438768561375024, 0.009929194741493619, 0.016527577443872274]]	[[0.07278926121016531, -0.5708160739354604, 0.19958297207902767, -1.208957143329788, 2.8996593050836994, 0.00018262894176141237]]
[[0.7068007735219495, 0.10894768019360884, -9.667531467000723, -0.04432680882530775, 0.010571165523712026, 0.017203590958296374]]	[[0.07279773663123638, -0.5708188909910032, 0.19959456440742807, -1.2090788406890167, 2.8996086459260204, 0.00014445282117593223]]
[[0.7631975104171712, 0.11516435558588034, -9.659661311281209, -0.04389513977347889, 0.009221120128988843, 0.0162986781298352]]	[[0.07277943757160343, -0.5708312175790524, 0.1996121121053397, 1.2089341951619688, -2.899652986972806, -1.3324744723395202e-05]]
[[0.8044261437942817, 0.10340489679910775, -9.645465846286095, -0.04396582002430388, 0.00865009588283833, 0.015683763234977843]]	[[0.07278701218987184, -0.5708167626238854, 0.19960415215965732, 1.209016939429295, -2.89960780133712, -0.0001093923908860992]]
[[0.7513419589004586, 0.035147927466265494, -9.631084541646088, -0.04477621529138333, 0.010019396201106773, 0.01606861203611029]]	[[0.0727901986274567, -0.5708375929519169, 0.1996070456809385, 1.2090079503551487, -2.8996355519885304, -3.1417433286554084e-05]]
[[0.7393934574814742, 0.07362450524195602, -9.636485643145067, -0.04405502865558023, 0.010114779922741627, 0.016640892138858315]]	[[0.07278750311412603, -0.5708234184596308, 0.19961266420175192, -1.2090181395795105, 2.899611075170686, 3.0891632758774684e-05]]
[[0.726950071947936, 0.03548843986303568, -9.63857471655175, -0.044629869908883825, 0.010744945605807223, 0.016946518040991978]]	[[0.07280147695237991, -0.5708199575010033, 0.19960240614025926, 1.2089618534117976, -2.899617829508413, -0.00010926515970444984]]
[[0.6857517342227293, 0.030413980296371657, -9.63729168080561, -0.04514044312616695, 0.011677482276146116, 0.01714983290397451]]	[[0.07280246933465458, -0.5708192757434928, 0.19958789752950704, 1.2090359803726596, -2.899601145274686, -0.00016441218749393077]]
[[0.7195802482094954, 0.02039455968479026, -9.650919256997955, -0.04618480196757119, 0.010917197570356568, 0.017185966458286267]]	[[0.0727841192597919, -0.5708213359662719, 0.19960240133691431, 1.2089921311307967, -2.89964393418029, -0.00010739780066833685]]
[[0.7572240667789827, 0.048575664541098296, -9.656300825707648, -0.0462302658180721, 0.010222677642522507, 0.016394395393214245]]	[[0.07279744237582632, -0.5708180649831651, 0.1996079045236202, 1.208992147302032, -2.8996438961693847, -0.00010702459249056435]]
[[0.7740149375840553, 0.04324645380321285, -9.6632316151342, -0.04671939570560306, 0.010095999025708156, 0.015872974733292806]]	[[0.07280984957032566, -0.5708218373765845, 0.19962185001400265, -1.2090661014398545, 2.8995782298175636, 2.989698860114508e-05]]
[[0.7626004467510967, 0.09705350949260533, -9.672362390281497, -0.04571478495040413, 0.010328069388130919, 0.01735731297527059]]	[[0.07280750252019509, -0.5708190567624725, 0.19959707844679342, -1.209017738800904, 2.8996082460543815, 0.00016152271864575677]]
[[0.7216501668000295, 0.1273043914449259, -9.677996463189018, -0.04536701913295625, 0.010826861832535575, 0.01754067744861536]]	[[0.07279532858746177, -0.5708253607190575, 0.19960950682309292, -1.2089656592831561, 2.899631286578555, 0.00010575450315391643]]
[[0.6762169218585388, 0.1272315934310268, -9.68267442274688, -0.04565309776253745, 0.01247520184588435, 0.01839567705682672]]	[[0.07278396416496537, -0.5708139488115067, 0.19960867722511955, -1.2089660492908758, 2.8996318979760556, 6.832006386815952e-05]]
[[0.6537989739571115, 0.13437225867692404, -9.676363381527164, -0.04485789907355535, 0.013218157337465439, 0.018452400032821913]]	[[0.0727876278495307, -0.5708252156284921, 0.19959147277931882, 1.20899112442213, -2.8995927525390375, -0.00010951395227193129]]
[[0.6521486398769925, 0.09543033286924746, -9.660080595511221, -0.04496271208836754, 0.013397514088458469, 0.018841068907874323]]	[[0.07277938675084823, -0.5708221890538229, 0.19961574790328596, 1.208973606650176, -2.899599127923641, -7.246326068802161e-05]]
[[0.6439634930118754, 0.08136455702887296, -9.66245591465673, -0.044774158592001276, 0.013522941178763515, 0.018390399715865025]]	[[0.07281563732060532, -0.5708163009507689, 0.19960790771175374, 1.2090701300715079, -2.8995855625916884, -0.0001082699474544915]]
[[0.6848918967595223, 0.07414131362185106, -9.65712373679335, -0.044441941226985665, 0.012623272679107362, 0.017509544529883868]]	[[0.0728001851197726, -0.570835559162427, 0.19961253000687856, 1.2090641068543861, -2.899573390088736, -3.328924021741434e-05]]
[[0.7014961310466554, 0.07431029170985687, -9.663822285467434, -0.04394595608564346, 0.012523531264044135, 0.017583988198759008]]	[[0.07276808103279961, -0.570833529868361, 0.19960520551080294, 1.2089511116021265, -2.8995960278745647, -9.180300096534063e-05]]
[[0.6912368380994762, 0.058379640125994114, -9.66318934314698, -0.04369533303749641, 0.012869612983618262, 0.017153115583102885]]	[[0.07279732481457207, -0.5708212009878383, 0.19959708322740088, 1.2090398372822277, -2.8996123855536124, -0.0001634180931043605]]
[[0.7397211008049981, 0.05298079456733806, -9.668422544510461, -0.04371989398012669, 0.012254055362016032, 0.01665594320983385]]	[[0.07280369602581876, -0.5708191177818817, 0.19960240292388726, 1.209056701474294, -2.899604101342013, -0.00010802094181652535]]
[[0.721149260989792, 0.03774383881624449, -9.661802234446785, -0.04365692253568402, 0.012822681903533634, 0.01696092362439865]]	[[0.0727914128926441, -0.5708285798659227, 0.19960403373984476, 1.209000209038426, -2.899614699260471, -0.00010827191060225223]]
[[0.7023157987593994, 0.03226335448502882, -9.664975600895776, -0.04404358849763393, 0.01307899536738066, 0.01692250083552911]]	[[0.07277885998451952, -0.5708263358714813, 0.19960732377368529, 1.209025811273118, -2.8996294163434055, -8.793584436725955e-05]]
[[0.6939387686093131, 0.02188519237775538, -9.658345878886909, -0.04478419583805515, 0.013288385565603425, 0.01704269423040532]]	[[0.07280272822945247, -0.5708232634288463, 0.19962066881589885, 1.2090816700844993, -2.8995665012921608, -5.237804091727624e-05]]
0
