{"Rotations": [[[0.4976703701006587, -0.3091095514131412, -0.810416860602641], [-0.5022542356055222, -0.8644578346743793, 0.021291662368077946], [-0.7071526607036038, 0.39643907135302675, -0.5854666319821854]], [[0.49771580580335467, -0.30908146639076656, -0.8103996691677824], [-0.5022380078475427, -0.8644683379406728, 0.021247968642266968], [-0.7071322083789207, 0.39643806556866423, -0.5854920153523244]], [[0.4976942854032676, -0.3091047414346416, -0.8104040085658227], [-0.5022541209449688, -0.8644583773586789, 0.021272324936324055], [-0.7071359107489362, 0.39644163837445634, -0.5854851245695738]], [[0.49767823729678384, -0.3090927749026098, -0.8104184281123982], [-0.5022768011666832, -0.8644457394034573, 0.0212503796901104], [-0.70713109614196, 0.3964785241727655, -0.5854659620668443]], [[0.4976870193757069, -0.30911664257762733, -0.8104039313986946], [-0.5022748650748328, -0.864446327925711, 0.02127218958670682], [-0.7071262904594788, 0.3964586326683903, -0.585485236298685]], [[0.49771827502957794, -0.30913323861604036, -0.8103784051196943], [-0.5022664446647553, -0.8644510731914794, 0.02127817242917024], [-0.7071102723517793, 0.3964353450953351, -0.5855203496837107]], [[0.49770764286284946, -0.3090629155688063, -0.8104117573530234], [-0.5022271362875025, -0.8644747991309478, 0.02124206308159232], [-0.7071456750998066, 0.3964384389632479, -0.5854754976085867]], [[0.49769171848390614, -0.3091327816314668, -0.8103948893430463], [-0.5022619642589292, -0.8644532059475, 0.021297276489061323], [-0.7071321464983037, 0.3964310508119682, -0.5854968397359804]], [[0.4977238264933627, -0.3090799546418449, -0.8103953196924325], [-0.5022385172564592, -0.8644682098601236, 0.021241137569969287], [-0.7071262011302071, 0.39643952348350453, -0.5854982834264618]], [[0.49769188288419636, -0.3090953789501901, -0.8104090549980434], [-0.5022375064338722, -0.8644679021324739, 0.021277530725291538], [-0.7071494020659774, 0.39642816864385144, -0.5854779502794385]], [[0.4976942127656263, -0.30909503231799157, -0.8104077563646237], [-0.5022541061414466, -0.8644586393820362, 0.02126202393506496], [-0.7071359723869661, 0.39644863701884325, -0.5854803111653213]], [[0.49765683040186953, -0.309112360102663, -0.8104241037790811], [-0.5022807856865807, -0.8644426765212359, 0.021280773925622276], [-0.7071433316410729, 0.39646993308517586, -0.5854570015594656]], [[0.49769939512368505, -0.3091103133634203, -0.8103987452272411], [-0.5022966468313893, -0.864434463058832, 0.021240001368451333], [-0.7071021076729026, 0.39648943649050394, -0.585493583291894]], [[0.49768543207795735, -0.30911409948091423, -0.8104058762123334], [-0.5022679327291547, -0.8644502579754552, 0.02127616596451895], [-0.7071323316391054, 0.39645204626571406, -0.5854823998741294]], [[0.49767281947235137, -0.3090910039184433, -0.8104224306219133], [-0.5022461210994684, -0.8644629069640336, 0.021277131475632954], [-0.7071567001725848, 0.39644247222009676, -0.5854594500228342]], [[0.49769196434503943, -0.30914238630332364, -0.8103910744924712], [-0.5022620440864924, -0.8644529123462437, 0.02130730874970274], [-0.7071319167570034, 0.3964242012374918, -0.5855017548878758]], [[0.49769047930875326, -0.30912479277546645, -0.8103986977389267], [-0.5022768870252936, -0.8644450312632956, 0.021277139948312096], [-0.7071224190800373, 0.39645510517046517, -0.5854923005631001]], [[0.49764873161327383, -0.3091381504798647, -0.8104192395554217], [-0.5022578200589903, -0.8644547541585054, 0.021332140125851218], [-0.707165342839488, 0.3964234881167444, -0.5854618655011296]], [[0.4976731430962806, -0.3090967345347216, -0.8104200462356793], [-0.5022341067796123, -0.8644694964241962, 0.021292997425946203], [-0.7071650052342479, 0.39642363508255696, -0.5854621737738296]], [[0.49768990240621924, -0.3090762390446522, -0.810417571071174], [-0.502220831722924, -0.8644777231278861, 0.021272103778441964], [-0.7071626384548485, 0.396421675332769, -0.5854663594946666]], [[0.49767257301230683, -0.3091146448862592, -0.8104135650321704], [-0.502258318657834, -0.8644554442768666, 0.021292397682993763], [-0.7071482103564399, 0.3964403122500624, -0.585471167020851]], [[0.4977102833063412, -0.3091200633026099, -0.8103883392268869], [-0.5022989536506297, -0.8644330740386125, 0.02124197894823404], [-0.7070928051200946, 0.396484863484024, -0.5855079145284466]], [[0.49771487319609664, -0.30910243688796923, -0.8103922436137407], [-0.5022528876223238, -0.8644594321525955, 0.021258575621375786], [-0.7071222962645365, 0.39644113519201224, -0.5855019081550784]], [[0.4977171561560564, -0.30908353617155804, -0.8103980504268339], [-0.5022348758756435, -0.8644700593759332, 0.02125196218582201], [-0.7071334823936036, 0.39643269808412096, -0.5854941109589741]], [[0.4976904881441315, -0.30911055035096746, -0.8104041249108852], [-0.5022642995996983, -0.8644524624605205, 0.021272364550429662], [-0.7071313536808278, 0.396450006693989, -0.5854849620902791]], [[0.4976677879884575, -0.3090808564663636, -0.8104293904867316], [-0.5022376253149227, -0.8644678621315343, 0.021276349775335435], [-0.7071662750136657, 0.3964395786343163, -0.5854498441160803]], [[0.49768191382169263, -0.30907344661079966, -0.8104235418933106], [-0.5021984456672861, -0.8644902274636891, 0.021292435021407652], [-0.7071841583520797, 0.3963965832596191, -0.5854573553692538]], [[0.49773211416114665, -0.30911621744552187, -0.8103763981291947], [-0.5022829442413836, -0.8644424723790641, 0.02123807598105565], [-0.7070888108695268, 0.39646737073729393, -0.585524583159217]], [[0.49770206783279114, -0.30914496362020266, -0.8103838862805872], [-0.5023010016554301, -0.864431151715516, 0.021271757796162166], [-0.7070971329392559, 0.3964696399625708, -0.5855129965910527]], [[0.4977116076503579, -0.30909004960489145, -0.8103989738674046], [-0.5022290688877452, -0.8644730623500303, 0.02126703635464028], [-0.707141511986282, 0.39642107121898407, -0.5854922854481932]], [[0.49771768597268007, -0.30906543735861397, -0.810404627640002], [-0.5022666563705295, -0.8644527230522988, 0.02120602522479978], [-0.7071105365983242, 0.396484608828382, -0.5854866727721783]], [[0.49769187765800754, -0.30904285455025415, -0.8104290894116999], [-0.50222576853222, -0.8644758600099826, 0.021231224228050377], [-0.7071577421873196, 0.3964517644196217, -0.5854518990942817]], [[0.49768844773314425, -0.30910138643463075, -0.810408873283827], [-0.5022480386832847, -0.8644617893759114, 0.02127727303464111], [-0.7071443393196093, 0.39643681414972803, -0.585478211170191]], [[0.49768844773314425, -0.30910138643463075, -0.810408873283827], [-0.5022480386832847, -0.8644617893759114, 0.02127727303464111], [-0.7071443393196093, 0.39643681414972803, -0.585478211170191]], [[0.49768809196654407, -0.3091153740123536, -0.8104037565707007], [-0.5022602577875535, -0.864454566535944, 0.021282289405365806], [-0.7071359109548045, 0.3964416576803656, -0.5854851112485806]], [[0.4976769272854123, -0.309081335813983, -0.8104235953494904], [-0.5022240908313664, -0.8644755713623102, 0.02128260102559909], [-0.7071694553898366, 0.39642239387962347, -0.5854576389410175]], [[0.4976797098453657, -0.30910672950763485, -0.8104122014020559], [-0.502249719081264, -0.8644605783680411, 0.021286806486252807], [-0.7071492954751663, 0.39643528881859863, -0.5854732578763017]], [[0.4976936816396873, -0.3090701548782318, -0.8104175705273668], [-0.5022666232652198, -0.8644522657643645, 0.02122544154100195], [-0.7071274555620701, 0.3964819284386144, -0.5854680537927839]], [[0.4976936816396873, -0.3090701548782318, -0.8104175705273668], [-0.5022666232652198, -0.8644522657643645, 0.02122544154100195], [-0.7071274555620701, 0.3964819284386144, -0.5854680537927839]], [[0.49771781392009673, -0.3090986209621277, -0.8103918929912312], [-0.5022785723794083, -0.8644451746829683, 0.021231478889524175], [-0.7071019823442045, 0.39647519782029716, -0.5855033766582843]], [[0.497710823859138, -0.309088711682744, -0.8103999655255169], [-0.5022533186392442, -0.8644594909057551, 0.021245999595879916], [-0.7071248402717326, 0.3964517081477437, -0.5854916766081412]], [[0.497710823859138, -0.309088711682744, -0.8103999655255169], [-0.5022533186392442, -0.8644594909057551, 0.021245999595879916], [-0.7071248402717326, 0.3964517081477437, -0.5854916766081412]], [[0.49767754343725845, -0.3090876633638261, -0.8104208037276348], [-0.5022329917415471, -0.8644704245658992, 0.021281613124688126], [-0.7071627003487886, 0.39642868388544233, -0.5854615391537392]], [[0.4976750177991768, -0.3090810890743888, -0.8104248620539592], [-0.5022627653892555, -0.8644538680073631, 0.021251460906163006], [-0.7071433314131773, 0.3964699111706943, -0.585457016675157]], [[0.4976796966223165, -0.3091245090098101, -0.8104054278565532], [-0.5022740904653085, -0.8644464478648666, 0.021285601261458925], [-0.7071319944799318, 0.396452237606573, -0.5854826775230633]], [[0.497705581371342, -0.30909647004789254, -0.8104002261079074], [-0.5022787410034102, -0.8644449567789244, 0.02123636116459951], [-0.7071104727041203, 0.39647734979871974, -0.5854916656014327]], [[0.497705581371342, -0.30909647004789254, -0.8104002261079074], [-0.5022787410034102, -0.8644449567789244, 0.02123636116459951], [-0.7071104727041203, 0.39647734979871974, -0.5854916656014327]], [[0.49770561285361353, -0.3090594018086755, -0.8104143440781841], [-0.5021986949480943, -0.8644908052637875, 0.021263076136813497], [-0.7071673025009293, 0.39640627362345393, -0.5854711542898826]], [[0.4976894445642965, -0.30906106939848643, -0.810423637458549], [-0.5022333630973697, -0.864471089204002, 0.021245821291528272], [-0.7071540608390701, 0.3964479679765176, -0.5854589165143036]], [[0.4976894445642965, -0.30906106939848643, -0.810423637458549], [-0.5022333630973697, -0.864471089204002, 0.021245821291528272], [-0.7071540608390701, 0.3964479679765176, -0.5854589165143036]], [[0.49770258786647115, -0.30908041880375425, -0.8104081864980841], [-0.5022526977103889, -0.8644599353791234, 0.021242593225839074], [-0.7071310781415665, 0.39645720429375186, -0.5854804210987146]], [[0.49772656483847316, -0.3090950481236395, -0.8103878811282522], [-0.5022431067017472, -0.8644652814010899, 0.02125180045812708], [-0.7071210139888863, 0.3964341414126433, -0.5855081921696311]], [[0.497728200135459, -0.3090871924122676, -0.8103898730096635], [-0.5023056177617344, -0.8644304607160921, 0.02119068076224251], [-0.7070754593075048, 0.3965161863945364, -0.5855076504813702]], [[0.4976845719984863, -0.30907434450049126, -0.8104215670663479], [-0.5022462558395798, -0.8644634414349364, 0.021252221474219762], [-0.707148333300593, 0.3964542949623041, -0.5854615501603291]], [[0.49767822992494287, -0.3090928030287176, -0.8104184219121788], [-0.502276808631635, -0.8644457343720734, 0.02125040791953675], [-0.7071310960278834, 0.39647851321575706, -0.5854659696247316]], [[0.49769013852018346, -0.30911503765669507, -0.8104026280277358], [-0.5022766636901963, -0.8644454075252168, 0.021267123002586374], [-0.7071228175727368, 0.3964618908584553, -0.585487224425036]], [[0.4976749600570297, -0.30913362261372357, -0.8104048602408244], [-0.5022747975504659, -0.8644457422349481, 0.02129756975592284], [-0.7071348258132056, 0.3964466699337829, -0.5854830279525973]], [[0.4976749600570297, -0.30913362261372357, -0.8104048602408244], [-0.5022747975504659, -0.8644457422349481, 0.02129756975592284], [-0.7071348258132056, 0.3964466699337829, -0.5854830279525973]], [[0.49770447428536024, -0.3090934818245125, -0.8104020457587289], [-0.502280891703346, -0.864443812904768, 0.021232055019662494], [-0.7071097242338169, 0.3964821734003512, -0.585489303121508]], [[0.4976570115136085, -0.3091276397802173, -0.8104181644159121], [-0.5022685250947843, -0.8644491515204404, 0.021307114649820574], [-0.7071519126683135, 0.396443901150595, -0.5854642650495785]], [[0.49769173815662315, -0.30912310826814304, -0.8103985671910341], [-0.5022620944535189, -0.864453387401462, 0.021286838311549955], [-0.7071320401776486, 0.3964381981403653, -0.5854921287339537]], [[0.49770626336025153, -0.30907043138636137, -0.8104097382525854], [-0.5022301465988744, -0.8644728941947075, 0.02124841287952342], [-0.7071445080457379, 0.39643673347114805, -0.5854780620104199]], [[0.4977033840447871, -0.3091063839149037, -0.8103977942550306], [-0.5022620970450273, -0.8644539963955167, 0.021262031599806608], [-0.7071238416163738, 0.39644991050430534, -0.5854940999521938]], [[0.4976465072987973, -0.3091331416130012, -0.8104225160555355], [-0.5022537587148572, -0.8644571298822635, 0.021331489692885203], [-0.7071697926453776, 0.3964222134948997, -0.5854573537139133]], [[0.49769651545334226, -0.3090906601727682, -0.8104080097701176], [-0.5022584782866693, -0.86445633669432, 0.02125236312026607], [-0.7071312463006851, 0.396457066708362, -0.5854803111653207]], [[0.4976659147102075, -0.309113129949049, -0.8104182316734706], [-0.5022882981752216, -0.8644385779601499, 0.021269942418209398], [-0.7071316022155228, 0.3964782690480483, -0.5854655235970528]], [[0.4977089592954115, -0.3090852096867075, -0.810402446312943], [-0.5022249526499832, -0.8644754579372108, 0.021266865306659694], [-0.7071462994125052, 0.3964196208276951, -0.5854874853060702]], [[0.49771486367040624, -0.3090550634486904, -0.8104103172086808], [-0.502218688972003, -0.8644798466939744, 0.021236362852545126], [-0.7071465922485883, 0.39643355359591903, -0.5854776978284656]], [[0.497687946461855, -0.30906226763782224, -0.8104241004987138], [-0.5022479476691565, -0.8644628590862568, 0.021235920571882505], [-0.7071447567568485, 0.3964649795164538, -0.5854586347542546]], [[0.49772341197936343, -0.3091255876509412, -0.8103781686515754], [-0.5022968437467731, -0.8644343052683547, 0.021241766340086704], [-0.7070850627255894, 0.39647787193572015, -0.5855219988486102]], [[0.4977072455008398, -0.3091042691058985, -0.8103962293819458], [-0.5022636051548862, -0.8644532631366975, 0.02125621765818861], [-0.7071200525460888, 0.39645315823287886, -0.585496477029873]], [[0.49766607174837374, -0.30908040986329266, -0.8104306147162026], [-0.5022765786102215, -0.8644460095383716, 0.02124465045126009], [-0.7071398161680285, 0.3964875746248868, -0.5854493005870979]], [[0.4976689905729248, -0.309120699803807, -0.810413455450322], [-0.502268759792043, -0.8644493788500587, 0.02129235409040328], [-0.7071433155726563, 0.39644881682072486, -0.5854713202902071]], [[0.49770690811430884, -0.30907089812894856, -0.8104091642775643], [-0.5022514210513037, -0.8644609641140286, 0.02123091083750922], [-0.7071289441588718, 0.39646238340201884, -0.5854794914255748]], [[0.4976957592938272, -0.30907000619804526, -0.8104163512970853], [-0.5022270457013319, -0.8644744893126163, 0.02125680817534145], [-0.7071541032526453, 0.3964335866149983, -0.5854686034763227]], [[0.4976957592938272, -0.30907000619804526, -0.8104163512970853], [-0.5022270457013319, -0.8644744893126163, 0.02125680817534145], [-0.7071541032526453, 0.3964335866149983, -0.5854686034763227]], [[0.49769101841505337, -0.3091120449834342, -0.810403229161352], [-0.5022304774622338, -0.8644713919061413, 0.02130164509881094], [-0.7071550025963503, 0.39640756327549853, -0.5854851373698038]], [[0.4976542470935919, -0.30908409922979313, -0.810436468795067], [-0.5022086944294935, -0.8644837951221819, 0.021311856103423593], [-0.7071963500960209, 0.3964023052083032, -0.5854387541292508]], [[0.4977022356705389, -0.3091312772806629, -0.8103890041303455], [-0.5022889694828875, -0.8644382597594504, 0.021267021415132814], [-0.7071055619526453, 0.39646481366052994, -0.5855060851816616]], [[0.49769605441006315, -0.30909910588685824, -0.8104050716552804], [-0.5022829692108677, -0.8644423769395996, 0.021241369817639744], [-0.7071141748440417, 0.39648091970605603, -0.5854847769529709]], [[0.4977082765010837, -0.3090780555588195, -0.8104055941775701], [-0.5022708582782964, -0.8644498986015537, 0.021221633588091565], [-0.7071141749581213, 0.39648093066343426, -0.585484769395031]], [[0.4977213842720362, -0.30907900903533514, -0.8103971802838801], [-0.5022560399933811, -0.864458374555287, 0.021227080614127813], [-0.7071154742533186, 0.3964617066438659, -0.5854962179523775]], [[0.4976959322172087, -0.30914549759458265, -0.8103874507736664], [-0.5023067578271694, -0.8644278198820056, 0.02127123069313236], [-0.7070973625290939, 0.3964764879927194, -0.5855080822442659]], [[0.4976959368470198, -0.30910859902845284, -0.8104015229826722], [-0.5022826976240933, -0.8644422786050172, 0.02125179116285683], [-0.7071144505053133, 0.39647373300993505, -0.585489310679312]], [[0.49771422772173307, -0.30911420650166865, -0.8103881507414842], [-0.5022888661791343, -0.8644389417546041, 0.02124172522795828], [-0.7070971944760059, 0.39647663653363496, -0.5855081846115708]], [[0.4976798370493202, -0.30908359560312904, -0.8104209466219413], [-0.5022378769479239, -0.8644678264772226, 0.02127185804268772], [-0.7071576166268762, 0.39643752082110945, -0.5854616958707105]], [[0.497684740783879, -0.3090374854585829, -0.8104355195648317], [-0.5022222680205584, -0.8644778583196698, 0.02123266302946386], [-0.7071652510518097, 0.39645159232429933, -0.5854429456816078]], [[0.497691696030503, -0.3090997611957732, -0.8104074983185912], [-0.5022499460190852, -0.8644608105560446, 0.021272017690208644], [-0.7071406984653814, 0.39644021572174354, -0.5854803053326304]], [[0.4976891418387471, -0.3091120563675864, -0.810404377273478], [-0.5022789411796166, -0.8644441941640089, 0.021262653259195186], [-0.7071219013319378, 0.3964668608904654, -0.5854849655391381]], [[0.49769176578271657, -0.30911899943792254, -0.8104001175089868], [-0.50224981291521, -0.864460380980346, 0.021292607683227077], [-0.7071407439107991, 0.3964261518893688, -0.5854897730955416]], [[0.4977195686066529, -0.30906969918395905, -0.8104018460445073], [-0.5022395269282999, -0.864467849987139, 0.021231908285683998], [-0.707128480982661, 0.3964483035465674, -0.5854895848759429]], [[0.4977195686066529, -0.30906969918395905, -0.8104018460445073], [-0.5022395269282999, -0.864467849987139, 0.021231908285683998], [-0.707128480982661, 0.3964483035465674, -0.5854895848759429]], [[0.4977393746848408, -0.30910833910133784, -0.8103749438293086], [-0.5022744590319446, -0.8644475431574341, 0.021232355810008763], [-0.7070897274692303, 0.39646245702094884, -0.5855268033834158]], [[0.4977393746848408, -0.30910833910133784, -0.8103749438293086], [-0.5022744590319446, -0.8644475431574341, 0.021232355810008763], [-0.7070897274692303, 0.39646245702094884, -0.5855268033834158]], [[0.4976845719984863, -0.30907434450049126, -0.8104215670663479], [-0.5022462558395798, -0.8644634414349364, 0.021252221474219762], [-0.707148333300593, 0.3964542949623041, -0.5854615501603291]], [[0.4977054639235733, -0.3091059631312632, -0.8103966773977511], [-0.5022784694203419, -0.8644448585024976, 0.02124678247065237], [-0.7071107482830248, 0.39647016302023386, -0.5854961993876048]], [[0.49766660379411215, -0.3091016361739538, -0.8104221924297355], [-0.5022522794227562, -0.8644590838010048, 0.02128709112522098], [-0.7071567006560004, 0.3964425190976776, -0.5854594176958875]], [[0.4976663884002105, -0.3091288452318405, -0.8104119464212752], [-0.5022762264172548, -0.8644449404133193, 0.021296416831376896], [-0.7071398434770407, 0.39645214344160373, -0.5854732613261041]], [[0.4976663884002105, -0.3091288452318405, -0.8104119464212752], [-0.5022762264172548, -0.8644449404133193, 0.021296416831376896], [-0.7071398434770407, 0.39645214344160373, -0.5854732613261041]], [[0.4976688601076236, -0.3091478866534826, -0.81040316500916], [-0.5022928577236397, -0.864435152020377, 0.021301479557229802], [-0.7071262905301979, 0.39645863861088104, -0.5854852321893429]], [[0.4976875407327927, -0.3090900080240023, -0.810413770082337], [-0.5022723201580289, -0.8644484611440295, 0.02124557433419713], [-0.707127731179039, 0.3964747469454285, -0.5854725841848984]], [[0.49769651264423526, -0.30910427278343017, -0.8104028194970655], [-0.5022705843692414, -0.8644491922069373, 0.021256861719318954], [-0.7071226494598707, 0.39646203177580625, -0.585487332041482]], [[0.4977040908365203, -0.30910215321031054, -0.8103989738674046], [-0.5022500915960315, -0.8644608485388265, 0.02126703635464053], [-0.7071318713340323, 0.39643826786056036, -0.5854922854481928]], [[0.49766139466113235, -0.309136487078703, -0.8104120980220966], [-0.5023013726458526, -0.8644305674636303, 0.021286734662677692], [-0.7071254961476285, 0.3964775231852946, -0.5854734035862135]], [[0.49771573623002874, -0.30909498784907147, -0.8103945547667402], [-0.5022499438565999, -0.8644612906171082, 0.021252550920911467], [-0.7071237796913938, 0.3964428906049219, -0.5854989279954074]], [[0.4976674807616741, -0.30913583479211676, -0.8104086094308902], [-0.5022954288662125, -0.86443400681305, 0.021287320292671552], [-0.7071254349352989, 0.39647053296873924, -0.5854782111701915]], [[0.4976930915360799, -0.3091115658613552, -0.8104021387484117], [-0.5022468561266973, -0.8644622533778598, 0.021286333543411945], [-0.7071419108977401, 0.39642786523605256, -0.5854872035461393]], [[0.4976930915360799, -0.3091115658613552, -0.8104021387484117], [-0.5022468561266973, -0.8644622533778598, 0.021286333543411945], [-0.7071419108977401, 0.39642786523605256, -0.5854872035461393]], [[0.49771569706685664, -0.3090950138074146, -0.8103945689185279], [-0.5022499822525228, -0.8644612678341974, 0.021252570240617108], [-0.7071237799852252, 0.3964429200451005, -0.5854989077065136]], [[0.49770200478560694, -0.3091311742164464, -0.8103891852437004], [-0.5022887239822105, -0.8644383967158366, 0.02126725284742731], [-0.7071058988530008, 0.3964645954065945, -0.5855058260994291]], [[0.4976802737169932, -0.30911191239870295, -0.8104098782506266], [-0.5022929184710158, -0.8644362305664464, 0.021256230567602424], [-0.7071182144499237, 0.39648433625717194, -0.5854775844520963]], [[0.4977057422366991, -0.3090731099755582, -0.8104090367429603], [-0.5022109093559324, -0.8644836005280437, 0.02126750906798594], [-0.7071585371530938, 0.3964112979067397, -0.5854783396705553]], [[0.497703582314348, -0.3091297708809934, -0.8103887517152061], [-0.502274328200902, -0.8644465280649235, 0.021276732522464786], [-0.7071150142528427, 0.3964479598529478, -0.5855060817332626]], [[0.497703582314348, -0.3091297708809934, -0.8103887517152061], [-0.502274328200902, -0.8644465280649235, 0.021276732522464786], [-0.7071150142528427, 0.3964479598529478, -0.5855060817332626]], [[0.49768775993820136, -0.3090864712206784, -0.8104149843851878], [-0.5022603267802339, -0.8644552814441246, 0.021251600550827754], [-0.7071360956352801, 0.3964626334116596, -0.585470684627321]], [[0.49767234002519384, -0.3091185950287069, -0.810412201402056], [-0.5022703292847923, -0.8644486035559105, 0.02128680648625253], [-0.7071398435203569, 0.3964521484589473, -0.585473257876302]], [[0.4976761319292222, -0.30912636873410726, -0.8104069075848456], [-0.5022722589851042, -0.864447373321922, 0.021291233191860853], [-0.7071358041861323, 0.3964487695908445, -0.5854804245471728]], [[0.4976989318711719, -0.3090863251781504, -0.8104081791308383], [-0.5022629747552807, -0.8644539648645528, 0.021242570935043087], [-0.7071263517959648, 0.39646561795169677, -0.5854804321050435]], [[0.49767462500140347, -0.30914153265997424, -0.8104020486242334], [-0.5022989252420877, -0.8644320020082845, 0.02128623039883959], [-0.707117923213912, 0.3964704613065026, -0.5854873320414824]], [[0.4977215749828595, -0.3090654964243875, -0.8104022166285878], [-0.5022442208998582, -0.8644653578446463, 0.021222338684084602], [-0.70712373483661, 0.39645701407148093, -0.585489418883253]], [[0.49771687094122385, -0.3091072028093787, -0.8103891988124216], [-0.5022471121887593, -0.8644625743819134, 0.021267246908015458], [-0.7071249922598754, 0.3964305672679092, -0.5855058075349167]], [[0.4977100649408195, -0.3091341183444144, -0.810383111948927], [-0.502311273082886, -0.8644257944698831, 0.021246900690735898], [-0.7070842072840092, 0.3964897763253591, -0.5855149708410633]], [[0.49767429047164097, -0.3090717559099023, -0.8104288681323728], [-0.5022072318517091, -0.864485234639311, 0.021287915972671878], [-0.7071832837952214, 0.3964087900001532, -0.5854501467513882]], [[0.49769819995906345, -0.3091274535019791, -0.8103929412629963], [-0.5022990606288353, -0.8644326426147345, 0.02125700057620425], [-0.7071012342295112, 0.3964800422133363, -0.5855009997238377]], [[0.4977115540676321, -0.30905227262148743, -0.810413414088807], [-0.5022603052110839, -0.8644565386872113, 0.021200908711529326], [-0.7071193638678347, 0.3964865514849395, -0.5854746960669855]], [[0.497659635100435, -0.3090952963314091, -0.8104288897722614], [-0.5022387833887593, -0.8644667136127677, 0.02129566894276358], [-0.7071711900607098, 0.39643082478704805, -0.5854498348336772]], [[0.4976993290946325, -0.30913983079559, -0.8103875263319562], [-0.5022407855415607, -0.8644650054043088, 0.02131778060503403], [-0.7071418324193166, 0.39639982271313184, -0.5855062846764745]], [[0.4976993290946325, -0.30913983079559, -0.8103875263319562], [-0.5022407855415607, -0.8644650054043088, 0.02131778060503403], [-0.7071418324193166, 0.39639982271313184, -0.5855062846764745]], [[0.49768705937578056, -0.3091070575025615, -0.8104075628546393], [-0.502274976733488, -0.864446517446647, 0.02126184897269054], [-0.70712618299513, 0.39646569268534637, -0.5854805853709123]], [[0.4976976045599558, -0.30911279419534576, -0.8103988986172354], [-0.5022560445514138, -0.8644571363768835, 0.02127733720762698], [-0.7071322083789217, 0.39643806556866434, -0.5854920153523234]], [[0.49765841222122603, -0.30912605237912805, -0.8104179097761501], [-0.502253829690313, -0.8644574522305724, 0.02131675032554009], [-0.7071613644048025, 0.3964270387139655, -0.5854642667743384]], [[0.49766996893159043, -0.3090764760292356, -0.8104297218074984], [-0.502241881673149, -0.8644656230376784, 0.02126684930809772], [-0.7071617172309631, 0.3964478762100109, -0.5854497306614186]], [[0.49766201981242375, -0.30907762268203953, -0.8104341658601503], [-0.5022317107691443, -0.864471177809287, 0.0212812460848201], [-0.7071745348456188, 0.39643486967501085, -0.5854430556182556]], [[0.49764840608240113, -0.3091093059522778, -0.8104304417390468], [-0.5022578836488334, -0.864455472415729, 0.02130151457275975], [-0.7071655267589337, 0.39644441373816786, -0.5854474738006477]], [[0.4977284651125726, -0.30912209604742386, -0.8103763969612701], [-0.5022932136112215, -0.8644365065373683, 0.021238025463359594], [-0.7070840845166821, 0.3964757948484595, -0.5855245866080159]], [[0.4977284651125726, -0.30912209604742386, -0.8103763969612701], [-0.5022932136112215, -0.8644365065373683, 0.021238025463359594], [-0.7070840845166821, 0.3964757948484595, -0.5855245866080159]], [[0.49766717393236637, -0.3091070123888592, -0.8104197917636304], [-0.5022400216956558, -0.8644658225916861, 0.021302633124267972], [-0.707165005212588, 0.39642363257368207, -0.5854621754987825]], [[0.49770978867019994, -0.30913877178589644, -0.8103815064773956], [-0.5022683521695279, -0.8644497335010631, 0.021287570524809396], [-0.7071148907149196, 0.3964339516598561, -0.5855157156734386]], [[0.4976796256078295, -0.3090775448143154, -0.8104233841310391], [-0.5022500134082942, -0.8644611781357658, 0.021255482292624195], [-0.7071491457155408, 0.3964567350767024, -0.5854589165143036]], [[0.4976806802322694, -0.3090742555821961, -0.8104239909207135], [-0.5022686939818282, -0.8644508063357591, 0.02123587698317264], [-0.7071351352954639, 0.3964819137889736, -0.5854587880191898]], [[0.4976863991333527, -0.3090689642012313, -0.8104224969022362], [-0.5022198306900706, -0.8644784236769962, 0.021267267303832382], [-0.7071658149114066, 0.3964258194978145, -0.585459716680979]], [[0.49773371924352666, -0.3091011453157273, -0.8103811613632877], [-0.502256417641425, -0.8644577639907567, 0.021243003886046302], [-0.707106523563464, 0.3964457796983162, -0.5855178119352011]], [[0.4976746284115021, -0.30912792030827435, -0.81040723906031], [-0.5022868192448, -0.8644391471332944, 0.02128173198788394], [-0.7071265201139149, 0.39646549634154005, -0.5854803111653213]], [[0.4976844726839284, -0.3091542431532934, -0.810391152215789], [-0.502282537189182, -0.864441001241349, 0.021307468353878006], [-0.7071226332710032, 0.3964409278986818, -0.5855016415030054]], [[0.4976868644186144, -0.30910689963140164, -0.8104077427970626], [-0.5022746956797863, -0.8644466762995794, 0.021262029874585087], [-0.7071265198427685, 0.39646546941048, -0.5854803297295154]], [[0.4976663232504508, -0.30915661295956165, -0.8104013939806309], [-0.5022450189274124, -0.864461703465948, 0.02135191334177375], [-0.7071620547406239, 0.3963939352514405, -0.5854858464821296]], [[0.49766232734828775, -0.30909702233708175, -0.8104265782417522], [-0.5022318170837545, -0.8644706130769758, 0.021301667424577148], [-0.7071742429182749, 0.39642097561641065, -0.5854528164116196]], [[0.49768064144335766, -0.3091175598401531, -0.8104074983185909], [-0.5022808612256161, -0.8644428481454631, 0.0212720176902087], [-0.7071265202062365, 0.39646550479030146, -0.5854803053326303]], [[0.4976822209411827, -0.3091121038059535, -0.8104086094308904], [-0.5022542088696582, -0.8644579571427816, 0.021287320292671413], [-0.7071443393196086, 0.39643681414972864, -0.585478211170192]], [[0.497715895474401, -0.3091469737107065, -0.8103746269705308], [-0.5023172098324222, -0.8644222141315232, 0.02125220981745815], [-0.7070758856716055, 0.3964875588987209, -0.5855265216369347]], [[0.497715895474401, -0.3091469737107065, -0.8103746269705308], [-0.5023172098324222, -0.8644222141315232, 0.02125220981745815], [-0.7070758856716055, 0.3964875588987209, -0.5855265216369347]], [[0.49770763063909634, -0.3090492732110164, -0.8104169674503114], [-0.502215043510454, -0.8644819358404439, 0.02123752992585043], [-0.7071542720477686, 0.3964335118696464, -0.5854684502099914]], [[0.4976938214000377, -0.3090560076734196, -0.810422879897399], [-0.5022541437256873, -0.8644596354105513, 0.021220599808511098], [-0.7071362211417284, 0.39647688818747495, -0.5854608798908535]], [[0.4976783208399581, -0.30912195941653675, -0.8104072452615421], [-0.5022765068264914, -0.8644451398297682, 0.021281703758640497], [-0.7071312464147641, 0.3964570776656332, -0.5854803036078403]], [[0.4977093093616295, -0.3090904539805431, -0.8104002311406822], [-0.5022683929654668, -0.8644509712742864, 0.02123628241547848], [-0.7071151991031284, 0.39646892629945707, -0.5854916614916891]], [[0.49770543826045277, -0.30912921896105705, -0.8103878224100467], [-0.5022904475126586, -0.8644375321696077, 0.021261686528859902], [-0.7071022578549044, 0.39646800496514867, -0.5855079145284469]], [[0.49769586559654444, -0.30907963066292177, -0.8104126154480681], [-0.502227027093468, -0.8644742488015815, 0.021267026491693652], [-0.7071540416521448, 0.396426607417077, -0.5854734035862119]], [[0.4977150715805921, -0.3090694995346681, -0.8104046840800688], [-0.5022618805714251, -0.8644552561680026, 0.0212158763280908], [-0.7071157690550974, 0.39647591924466624, -0.585486237765428]], [[0.4977077769133806, -0.30912479239610846, -0.8103880746444899], [-0.5022947837220795, -0.8644352513553468, 0.021251975433068004], [-0.7070975314944395, 0.3964764292366964, -0.585507917977365]], [[0.49771996335304824, -0.30910379704736474, -0.8103885985937498], [-0.5022827080556624, -0.8644427517446505, 0.02123229013570488], [-0.7070975316518298, 0.3964764452108576, -0.5855079069703939]], [[0.4977114333655015, -0.3091188859149713, -0.8103880820125287], [-0.5022845069004475, -0.8644412222473956, 0.021251997722640442], [-0.7071022579691231, 0.39646801592324654, -0.5855079069703943]], [[0.4976806801082255, -0.3090841721502677, -0.8104202090108547], [-0.502268546324028, -0.864450629209034, 0.021246576986716864], [-0.7071352402621166, 0.39647456940677595, -0.5854636349024162]], [[0.49771183251277706, -0.30905841402640694, -0.810410901022596], [-0.5022483390678749, -0.8644630913438004, 0.0212172007550894], [-0.7071276671721557, 0.39646747713249164, -0.5854775844520975]], [[0.49770032410198545, -0.30909432411060567, -0.8104042733052352], [-0.5022481367387714, -0.8644620945115082, 0.02126255617766004], [-0.7071359109331181, 0.39644165517183444, -0.5854851129733405]], [[0.497695765190685, -0.30914545685532213, -0.8103875688934106], [-0.502306685406924, -0.8644278590998398, 0.02127134710300524], [-0.7070975315377417, 0.3964764342527576, -0.5855079145284465]], [[0.4977212263648238, -0.3091163838667062, -0.8103830218181195], [-0.5022804903289183, -0.8644436838968182, 0.02124679754313591], [-0.7070982179731732, 0.39646459942354084, -0.5855150993297219]], [[0.49770461686458045, -0.30913606916480585, -0.8103857137764789], [-0.5022928754000567, -0.864435979035433, 0.021267474494996302], [-0.7071011113511447, 0.3964660501107057, -0.5855106228204499]], [[0.497703177964245, -0.3091147916847764, -0.8103947138314568], [-0.502230856035049, -0.8644712866483407, 0.02129699055886833], [-0.7071461757590104, 0.3964056509716277, -0.58549709306466]], [[0.49768496350538904, -0.30913612636232785, -0.8103977618912421], [-0.5022581668714603, -0.864455147334527, 0.02130802801202966], [-0.7071395978953234, 0.39642420918069077, -0.5854924725937167]], [[0.4976861846359353, -0.3090728870724967, -0.8104211325596077], [-0.5022318237130848, -0.8644715943540615, 0.02126165103597405], [-0.7071574484316449, 0.3964376533978809, -0.5854618092549051]], [[0.4976883916888799, -0.309100718332794, -0.8104091625248859], [-0.5023033049166081, -0.8644308193907769, 0.021230835057606784], [-0.7071051227702916, 0.3965048605169186, -0.5854794965995563]], [[0.4976997878802547, -0.30905607768617915, -0.8104191890553826], [-0.5021926001130674, -0.8644942232603259, 0.02126805917808952], [-0.707175730307274, 0.39640141119168626, -0.5854642667743382]], [[0.4977083379570632, -0.30913008123575725, -0.8103857126104781], [-0.5022825349339985, -0.8644419886711184, 0.021267423976569527], [-0.7071058375012151, 0.39645761576427907, -0.5855106262692497]], [[0.4976856981782227, -0.30910050643969056, -0.8104108974758312], [-0.5022560397005795, -0.8644572864373553, 0.021271354203586806], [-0.7071405916882053, 0.3964473191283949, -0.5854756243796694]], [[0.49771761103481094, -0.3090933283106312, -0.8103940362932445], [-0.5022352236047227, -0.8644696142724504, 0.021261847764348113], [-0.7071329152546317, 0.39642603395021436, -0.5854993080866866]], [[0.497711106257365, -0.3091039979087765, -0.8103939617154617], [-0.5022411952135429, -0.8644658908300186, 0.02127217482850613], [-0.7071332523213302, 0.39642583425941574, -0.5854990362017553]], [[0.49768201971225645, -0.309102329040362, -0.81041246130409], [-0.5022540839578733, -0.8644582809038559, 0.02127711738906199], [-0.7071445696622205, 0.39644372962448793, -0.5854732503186282]], [[0.49769865291031284, -0.30905325751199325, -0.8104209615455943], [-0.5022507372442966, -0.8644616882850629, 0.02121759705761353], [-0.7071352401265408, 0.3964745559409383, -0.5854636441852006]], [[0.4976625871258127, -0.3091019520572315, -0.8104245385041424], [-0.5022746076022221, -0.8644464983261175, 0.02127134433334893], [-0.7071436685237853, 0.3964697148158015, -0.5854567424674519]], [[0.49770399078987093, -0.3090884184419935, -0.8104042738885723], [-0.502237849287321, -0.8644680707659896, 0.021262581437235778], [-0.7071406368573957, 0.3964332279352425, -0.5854851112485796]], [[0.49769988640381735, -0.30907899766435043, -0.8104103875669585], [-0.5022601772150954, -0.8644557394365661, 0.021236500159880572], [-0.707127667014584, 0.39646746115914744, -0.5854775954590677]], [[0.49769205485580065, -0.3090858024017622, -0.8104126018807141], [-0.5022377239848981, -0.8644680340753189, 0.021267032431013855], [-0.7071491265213294, 0.3964353475859731, -0.5854734221504069]], [[0.49769433759539017, -0.30908551097099213, -0.810411311145943], [-0.5022543702635544, -0.8644587428810402, 0.02125157424032645], [-0.7071356969328066, 0.3964558345696685, -0.5854757700870474]], [[0.4977005222917622, -0.30909451082595685, -0.8104040803745807], [-0.5022484149497425, -0.8644619365543788, 0.021262406475389517], [-0.7071355738406735, 0.39644185402895565, -0.5854853854564653]], [[0.49767249347010106, -0.30908570630584953, -0.8104246512789864], [-0.5022026545419292, -0.864487407289948, 0.021307660785352817], [-0.7071877989715972, 0.39639317450546263, -0.5854552657472558]], [[0.49769477050054906, -0.30908716721410123, -0.810410413605334], [-0.5022302297161645, -0.8644722395139318, 0.02127306910195062], [-0.7071525378414864, 0.39642511294484106, -0.5854762318412384]], [[0.49770179616859406, -0.30910213835118183, -0.8104003887938867], [-0.5022329532321549, -0.8644704230661626, 0.021282582820659673], [-0.7071456588131357, 0.3964174008674909, -0.5854897620891417]], [[0.4976888487341661, -0.30913983350707086, -0.8103939617154614], [-0.5023034375398636, -0.864429726012301, 0.021272174828505908], [-0.7071047068725371, 0.39647674853075393, -0.5854990362017555]], [[0.4976868698141485, -0.3090877242603952, -0.8104150531216241], [-0.5022749915794215, -0.8644470133154322, 0.021241327734430604], [-0.7071263058665596, 0.39647968407165485, -0.5854709622773394]], [[0.49765852835400487, -0.30911247717653956, -0.8104230164613474], [-0.5022418478979507, -0.8644645277595217, 0.021312120156358916], [-0.7071697924661219, 0.39642219501346115, -0.5854573664445016]], [[0.4977269548260998, -0.309119643889351, -0.8103782599510294], [-0.5022864425613007, -0.864440345225472, 0.021241920006905057], [-0.7070899575433458, 0.3964693371601231, -0.5855218669128949]], [[0.4976979182299364, -0.3090753734520678, -0.8104129784961818], [-0.5022316755610367, -0.8644717847430675, 0.021257409209247513], [-0.7071492955895109, 0.3964352997761433, -0.5854732503186274]], [[0.497700044025315, -0.30910788768374875, -0.8103992719326013], [-0.5022600432622097, -0.8644550592488989, 0.021267333665166477], [-0.7071276512196666, 0.39644642047907724, -0.5854918620868133]], [[0.4976977107420004, -0.3091224184537973, -0.8103951623322087], [-0.5022560259432091, -0.8644568956224887, 0.021287555389556595], [-0.7071321468621731, 0.39643108609190114, -0.5854968154090072]], [[0.49771948441733954, -0.30905999046875393, -0.8104056003772377], [-0.5022395231437687, -0.8644681051712213, 0.02122160535863374], [-0.7071285429281278, 0.39645531580889615, -0.5854847618368995]], [[0.49768235885488527, -0.3090747572902878, -0.8104227687389999], [-0.5022297771609248, -0.8644726363089675, 0.02126762812142538], [-0.7071615944163857, 0.3964339232192081, -0.5854593272837166]], [[0.49769098142518564, -0.3091298756780717, -0.8103964504927795], [-0.5022644584633575, -0.8644518731433287, 0.021292552301238582], [-0.7071308936629387, 0.3964362230955324, -0.5854948507418348]], [[0.49766667850626084, -0.30912915343851854, -0.8104116507053258], [-0.5022766510077697, -0.8644446985448555, 0.021296220559367085], [-0.7071393377241613, 0.39645243050343254, -0.5854736777951302]], [[0.49771671551293745, -0.30906833983360965, -0.8104041167291228], [-0.5022473895513173, -0.864463435480048, 0.021225654452096315], [-0.7071249046582228, 0.39645898909033317, -0.5854866686625497]], [[0.4976970582558725, -0.30908285116563117, -0.8104106547416409], [-0.5022346169464648, -0.8644699269546409, 0.02126346471476051], [-0.7071478118074669, 0.39643352091663775, -0.5854762469558857]], [[0.4976970582558725, -0.30908285116563117, -0.8104106547416409], [-0.5022346169464648, -0.8644699269546409, 0.02126346471476051], [-0.7071478118074669, 0.39643352091663775, -0.5854762469558857]], [[0.4976736313016588, -0.30910173929886164, -0.8104178375809844], [-0.5022771450504697, -0.8644452437320036, 0.02126241164746262], [-0.7071340935543765, 0.3964726161433288, -0.5854663426547206]], [[0.49767491120132346, -0.3090904973250067, -0.8104213393193286], [-0.5022624821238236, -0.8644537784856194, 0.02126179467379699], [-0.7071436076297163, 0.3964627716763769, -0.5854615178328244]], [[0.49770366596870236, -0.3090922473745936, -0.810403013009106], [-0.5022497137143345, -0.8644613140362479, 0.021257036684177694], [-0.7071324387660229, 0.39644497619171115, -