{"Rotations": [[[0.600028495808218, -0.7186022652146584, 0.35153461941391945], [-0.6028508331774831, -0.6950355384211229, -0.3917862596734023], [0.5258675471593033, 0.023159981865748774, -0.8502511029599646]], [[0.6000125170558146, -0.7186264374928143, 0.35151247874397307], [-0.6028666667358179, -0.6950100789228986, -0.39180706008752647], [0.5258676273694646, 0.02317398394693143, -0.8502506718332172]], [[0.6000220682987305, -0.7186094743804212, 0.35153085339015167], [-0.6028397557704388, -0.6950273309780712, -0.3918178633703886], [0.5258875796376554, 0.023182590972397027, -0.850238096687425]], [[0.5999934689489037, -0.718640789307398, 0.3515156513760109], [-0.6028590682001427, -0.6949946822328499, -0.3918460610455542], [0.5258980710247158, 0.02319067941437783, -0.8502313869064015]], [[0.600020553784053, -0.7186101554032388, 0.35153204631727586], [-0.6028237483403635, -0.6950259403797961, -0.3918449573952104], [0.5259076567930463, 0.023203162511024306, -0.850225117116599]], [[0.5999859854135285, -0.7186253268680902, 0.35156003312533696], [-0.602848722357826, -0.6950118289959886, -0.3918315652256568], [0.5259184682618536, 0.023155930976356598, -0.8502197172506201]], [[0.5999908759234654, -0.7186471266814403, 0.35150712101051723], [-0.6028881187678123, -0.6949890257162575, -0.3918113964429508], [0.5258677258181954, 0.02316379602908178, -0.8502508885595607]], [[0.6000415979617769, -0.7185949287908578, 0.3515272521889865], [-0.6028472310300462, -0.69504291301922, -0.3917787195613912], [0.5258567264520665, 0.023166298319304807, -0.8502576232338629]], [[0.6000024832805823, -0.7186230123378199, 0.3515366071914159], [-0.6028413644596682, -0.6950132744630192, -0.3918403215808671], [0.525908080707589, 0.02318435806118671, -0.8502253678806287]], [[0.5999600650287261, -0.7186696733394187, 0.351513614235551], [-0.6028565948572324, -0.6949640155844329, -0.3919042524391674], [0.5259390139625214, 0.023214600254434142, -0.8502054080792226]], [[0.5999794352078145, -0.7186426417702317, 0.3515358171754541], [-0.6028643270035466, -0.6949935385643891, -0.3918399986988436], [0.5259080533270741, 0.023167537272041017, -0.8502258433278043]], [[0.6000251253677751, -0.7186167067867288, 0.3515108499810255], [-0.6028454908510659, -0.6950193720590323, -0.391823157334028], [0.5258775171919063, 0.023197008205060876, -0.8502439271893749]], [[0.6000103393813004, -0.7185979337803137, 0.3515744618174085], [-0.6027980907954411, -0.6950389334908119, -0.3918613819519926], [0.525948718383178, 0.023192466419471897, -0.8502000088993612]], [[0.600018307149183, -0.7186249539843744, 0.35150562811537567], [-0.6028529846121843, -0.695010844750687, -0.39182675332743494], [0.5258767061108627, 0.023197008209953407, -0.8502444288439045]], [[0.600018307149183, -0.7186249539843744, 0.35150562811537567], [-0.6028529846121843, -0.695010844750687, -0.39182675332743494], [0.5258767061108627, 0.023197008209953407, -0.8502444288439045]], [[0.6000034659722312, -0.7186032624240569, 0.3515753006893563], [-0.6028401968142246, -0.6950351867920609, -0.3918032493815124], [0.525908298020003, 0.02313958414549816, -0.8502264531989562]], [[0.5999643058117219, -0.7186365806585906, 0.3515740273273725], [-0.6028690851606713, -0.6950012455944099, -0.3918190076805288], [0.5259198588277442, 0.02312430672578028, -0.8502197177959696]], [[0.6000154356795726, -0.7186180280501403, 0.3515246886174288], [-0.6028545639839274, -0.6950187755345099, -0.39181025552971327], [0.5258781718516194, 0.02317393828933964, -0.8502441513789791]], [[0.6000352288874031, -0.7186130665864162, 0.3515010449846601], [-0.6028532749584813, -0.6950232762797779, -0.3918042550830157], [0.5258570651478166, 0.023192799757465077, -0.8502566912841878]], [[0.600017988665809, -0.7186153392512751, 0.3515258276004937], [-0.6028177934150116, -0.6950200252396737, -0.39186460985664395], [0.5259174091239931, 0.023219791312980048, -0.8502186307484025]], [[0.599996849034317, -0.7186546380437345, 0.3514815676064958], [-0.602882278205593, -0.6949801015440151, -0.3918362120625199], [0.5258676066982304, 0.02319848434917704, -0.8502500164947815]], [[0.599998921829623, -0.7186220703943255, 0.3515446113162067], [-0.6028185883578981, -0.6950134949944823, -0.3918749689706471], [0.5259382504947521, 0.02320693253594361, -0.8502060896916649]], [[0.599992166484745, -0.7186353406032643, 0.3515290135863216], [-0.6028603879810795, -0.6950008780431993, -0.39183304113165857], [0.5258980440734157, 0.02317383773163395, -0.8502318627789383]], [[0.6000186554091309, -0.718617347728305, 0.3515205836148932], [-0.6028874543228294, -0.6950208239489024, -0.39175601041659486], [0.5258367908212177, 0.023133564820952468, -0.850270843671308]], [[0.6000186554091309, -0.718617347728305, 0.3515205836148932], [-0.6028874543228294, -0.6950208239489024, -0.39175601041659486], [0.5258367908212177, 0.023133564820952468, -0.850270843671308]], [[0.600032474230114, -0.7185911163539592, 0.3515506184981875], [-0.6028378303505159, -0.6950471956976145, -0.39178558683438625], [0.5258779137476398, 0.023156062922104675, -0.8502447980331178]], [[0.6000266774131229, -0.7186178279331096, 0.351505908583722], [-0.6028445409507134, -0.6950180040894349, -0.3918270453114002], [0.5258768352366283, 0.023203262017183396, -0.850244178335418]], [[0.5999732310731912, -0.718647897496518, 0.3515356616609891], [-0.6028699494723191, -0.6949882325331643, -0.3918407593189765], [0.5259086860081688, 0.023163679851500196, -0.850225557082883]], [[0.5999732310731912, -0.718647897496518, 0.3515356616609891], [-0.6028699494723191, -0.6949882325331643, -0.3918407593189765], [0.5259086860081688, 0.023163679851500196, -0.850225557082883]], [[0.5999805833529798, -0.718656543424475, 0.3515054369317828], [-0.6028629776143067, -0.6949779258848502, -0.39186976504293314], [0.525908290314414, 0.02320463587254168, -0.8502246850407208]], [[0.6000090038303195, -0.7186000259413731, 0.35157246484843674], [-0.6028433310836779, -0.6950386599395925, -0.39179226556596347], [0.5258983870392476, 0.023135771144126877, -0.85023268732923]], [[0.6000049226135656, -0.7186212379384305, 0.351536071013099], [-0.6028393298302914, -0.6950150427286627, -0.39184031542280084], [0.5259076299591534, 0.023186348671422413, -0.8502255924082932]], [[0.6000049226135656, -0.7186212379384305, 0.351536071013099], [-0.6028393298302914, -0.6950150427286627, -0.39184031542280084], [0.5259076299591534, 0.023186348671422413, -0.8502255924082932]], [[0.5999964419660281, -0.7186411545171586, 0.3515098301077118], [-0.6028477890274205, -0.694993631304715, -0.3918652775006185], [0.5259076087040933, 0.023210848328563044, -0.8502249370766605]], [[0.5999578854905104, -0.7186786710491857, 0.35149893800228105], [-0.602902954598902, -0.6949561361812381, -0.3918469039305511], [0.5258883559974203, 0.02317189165822517, -0.8502379081547174]], [[0.6000263571217177, -0.7185966722748589, 0.35154970253826173], [-0.6028440743817622, -0.6950415789715061, -0.39178594344819495], [0.5258777355450955, 0.023152237392853464, -0.8502450124297511]], [[0.6000199101242202, -0.7186370395494626, 0.3514781825975922], [-0.6028691628819804, -0.6949980073345708, -0.39182463200640605], [0.5258563300945445, 0.023207222767049146, -0.8502567523465706]], [[0.6000425124562127, -0.7185910312353267, 0.35153365852132196], [-0.6028114930105144, -0.6950456364743239, -0.3918288747813724], [0.5258966506260241, 0.023205452940019106, -0.8502318623847133]], [[0.5999903708815141, -0.7186291970022265, 0.3515446373725509], [-0.6028268577024349, -0.695006336171086, -0.39187494473958373], [0.5259385272843886, 0.023200644344038845, -0.8502060900863683]], [[0.5999903708815141, -0.7186291970022265, 0.3515446373725509], [-0.6028268577024349, -0.695006336171086, -0.39187494473958373], [0.5259385272843886, 0.023200644344038845, -0.8502060900863683]], [[0.6000270233748198, -0.7186245943377148, 0.3514914844386824], [-0.6028619973661711, -0.6950112146279549, -0.3918122301218351], [0.5258564284589706, 0.023197067795950155, -0.8502569686242188]], [[0.5999875329388695, -0.7186203855672145, 0.35156749247499663], [-0.6028385354941915, -0.6950168118147788, -0.39183839962162814], [0.5259283795738231, 0.023159722408703398, -0.8502134830833987]], [[0.6000336024180678, -0.7185967866765023, 0.35153710209222766], [-0.6028370341886188, -0.6950407857287181, -0.39179818323248483], [0.5258775391475337, 0.023172491273301843, -0.8502445821458214]], [[0.600009074154896, -0.7186041838919759, 0.3515638460148193], [-0.6028433467572438, -0.6950340234563388, -0.39180046644767863], [0.5258982888375943, 0.023145909596306025, -0.8502324721313868]], [[0.5999877715352726, -0.7186271006830716, 0.351553358925754], [-0.6028557470823972, -0.695010073624905, -0.3918238708522351], [0.5259083781590309, 0.023153568272445413, -0.8502260229247225]], [[0.5999968539800196, -0.7186334850029494, 0.3515248063033311], [-0.6028821973291565, -0.6950036767165937, -0.3917945194792602], [0.5258676937763404, 0.02314743145431125, -0.8502513540473904]], [[0.6000063634337541, -0.7186223045758628, 0.3515314313188476], [-0.6028381370361624, -0.6950137303730722, -0.3918444782406354], [0.5259073534129096, 0.023192627254850745, -0.8502255922208216]], [[0.5999877044635847, -0.7186229460089275, 0.35156196603439277], [-0.6028557285194662, -0.6950147065860565, -0.39181568143753653], [0.5259084759573487, 0.02314344612514302, -0.8502262380200171]], [[0.6000007659170332, -0.7186181819978775, 0.3515494124600961], [-0.6028691763213861, -0.6950199671769008, -0.39178565755651773], [0.5258781580751826, 0.023133389883133765, -0.8502452641044043]], [[0.5999936232007852, -0.7186264280710838, 0.35154474679077463], [-0.6028762852174768, -0.6950114400930114, -0.3917898452770492], [0.5258781577901578, 0.023133417768111064, -0.8502452635220006]], [[0.5999774290876215, -0.718634173184325, 0.35155655265844504], [-0.6028400735118066, -0.6950020080066751, -0.39186229039672793], [0.5259381430868921, 0.023176151500441527, -0.850206995765114]], [[0.5999924132715952, -0.7186332197267505, 0.3515329280760071], [-0.6028506362803728, -0.6950028002016135, -0.39184463508929857], [0.5259089411227736, 0.023181958870632458, -0.850224901087967]], [[0.6000311706262434, -0.7186020054681275, 0.35153058474915794], [-0.6028313003817545, -0.6950348357664727, -0.39181756003415036], [0.5258868866561921, 0.023189109690916254, -0.8502383475442635]], [[0.600010893611119, -0.7186288983799541, 0.35151021885743217], [-0.6028599203376187, -0.6950071182632716, -0.39182269206096654], [0.5258772138042361, 0.02318646106236444, -0.8502444025248841]], [[0.5999864695706904, -0.7186343443543076, 0.35154077351930857], [-0.6028569725672012, -0.6950021177959892, -0.3918360969668304], [0.5259084587256686, 0.023167550011704757, -0.8502255922208218]], [[0.6000008787690164, -0.7186265096153094, 0.3515321964692934], [-0.6028692345027152, -0.695010683034169, -0.39180203746086883], [0.5258779626172961, 0.023153620591511354, -0.8502448343194954]], [[0.5999734723907648, -0.7186606770352908, 0.3515091232251951], [-0.6028703224069696, -0.6949739913587629, -0.391865443354969], [0.5259079831950495, 0.023194452311862707, -0.8502251528822633]], [[0.6000222846519134, -0.7186136379183257, 0.35152197273980995], [-0.6028399795730097, -0.6950226894096865, -0.39182575238763934], [0.5258870762335878, 0.02319268426715515, -0.850238132788087]], [[0.6000222846519134, -0.7186136379183257, 0.35152197273980995], [-0.6028399795730097, -0.6950226894096865, -0.39182575238763934], [0.5258870762335878, 0.02319268426715515, -0.850238132788087]], [[0.6000207828059689, -0.7186168607262116, 0.3515179478787912], [-0.6028409685686973, -0.695019214505554, -0.39183039453727597], [0.5258876560788119, 0.023196959888896668, -0.8502376575027983]], [[0.600040786787343, -0.7185978252933841, 0.35152271573149535], [-0.6028045840631883, -0.6950378431907789, -0.3918533271073718], [0.5259065388679183, 0.023228474257458998, -0.8502251174598627]], [[0.6000414593053776, -0.7185965705020367, 0.3515241328520487], [-0.6028300923584202, -0.6950403346061413, -0.3918096642730016], [0.5258765319557548, 0.023192717246907857, -0.8502446536173536]], [[0.5999774941193305, -0.7186451082844734, 0.3515340878052742], [-0.6028571890871048, -0.6949905700122361, -0.3918562455289719], [0.5259184500626342, 0.023180076204894623, -0.8502190705640822]], [[0.5999990838319522, -0.7186264527142343, 0.35153537639926674], [-0.6028452964582427, -0.6950097800107529, -0.39184047037994707], [0.52590745187627, 0.02318247503527357, -0.8502258081899465]], [[0.600009919140223, -0.7186430991923902, 0.3514828486804149], [-0.6028786237493051, -0.6949921609970889, -0.3918204450749604], [0.5258568835334256, 0.02319465748297933, -0.8502567529309958]], [[0.6000182124784315, -0.7186057420092911, 0.3515450643167451], [-0.6028428704577116, -0.6950318175633883, -0.39180511241284244], [0.5258884085359699, 0.023163767521917178, -0.8502380970302941]], [[0.6000182124784315, -0.7186057420092911, 0.3515450643167451], [-0.6028428704577116, -0.6950318175633883, -0.39180511241284244], [0.5258884085359699, 0.023163767521917178, -0.8502380970302941]], [[0.6000023617986617, -0.7186060407922662, 0.3515715062016428], [-0.6028411404204078, -0.6950321861536667, -0.39180712043947996], [0.5259084761178985, 0.02314342989530188, -0.8502262383624909]], [[0.6000076564151305, -0.7186218357011994, 0.3515301829098898], [-0.6028540138670763, -0.6950148893491698, -0.3918179954357838], [0.5258876783188378, 0.02317241542004439, -0.8502383130370116]], [[0.6000087482718868, -0.7185962469477575, 0.3515806249920517], [-0.6027912351084016, -0.6950405894994507, -0.3918689906394024], [0.5259583908197414, 0.023195103380972915, -0.8501939533456202]], [[0.5999778014994466, -0.7186476653088616, 0.3515283357768085], [-0.6028745989071849, -0.694988471741443, -0.39183318151860747], [0.5258981419442277, 0.023163706366114062, -0.8502320783215562]], [[0.6000227998822073, -0.7186271742163118, 0.3514934197099503], [-0.6028747144312504, -0.6950091072631305, -0.39179640059697424], [0.5258466680706031, 0.023180278237867502, -0.8502634629218523]], [[0.6000200060667821, -0.7186177957625377, 0.35151736220706076], [-0.6028592129266988, -0.6950190148230032, -0.39180267791818724], [0.5258676275537595, 0.023173964871234243, -0.8502506722391502]], [[0.6000644136395098, -0.7185701941090311, 0.351538867867524], [-0.6027897812237643, -0.6950668261305465, -0.39182468894266326], [0.5258965479404458, 0.02321601496634801, -0.8502316375632023]], [[0.5999732879588208, -0.7186539330582091, 0.3515232257416987], [-0.602853058426347, -0.6949807571692149, -0.39188000345833485], [0.5259279833607274, 0.023200682413933, -0.8502126114411891]], [[0.6000122560637596, -0.7186162245877974, 0.35153380254601096], [-0.6028239193490679, -0.6950195907630693, -0.39185595659140404], [0.5259169276928688, 0.02320539193196333, -0.8502193216761061]], [[0.6000095418081207, -0.7186121276681311, 0.35154681012276406], [-0.6028169754164715, -0.6950239846718281, -0.391858845607231], [0.525927983557584, 0.023200661610740525, -0.850212611887096]], [[0.6000383209668256, -0.7185791260578479, 0.3515651475406109], [-0.6028147609759796, -0.6950592552557742, -0.3917996881478601], [0.5258976871224903, 0.023166166649389475, -0.8502322926130172]], [[0.5999733414343147, -0.7186393367716236, 0.35155297355104886], [-0.6028435925349086, -0.6949966082229602, -0.3918664536524995], [0.5259387725845553, 0.0231779680520611, -0.8502065568373542]], [[0.5999806298375802, -0.7186481925803356, 0.35152243046599085], [-0.6028631139225773, -0.6949872389817106, -0.3918530381713945], [0.5259080810286852, 0.023184325601482703, -0.8502253685671407]], [[0.6000135172588279, -0.7185923831624044, 0.3515803833658335], [-0.6028038009867203, -0.6950452155254743, -0.3918414550441408], [0.525938548333028, 0.023176178203559022, -0.8502067443517629]], [[0.600051590519412, -0.7185810865415817, 0.35153849117819763], [-0.6028454485038052, -0.6950577706255162, -0.3917551029805907], [0.5258473675253779, 0.023149893256927928, -0.8502638581692291]], [[0.6000759305757246, -0.718574418260554, 0.3515105730489263], [-0.6028134942950794, -0.6950625979970981, -0.3917957069204317], [0.5258562243041671, 0.023211856604562986, -0.8502566912841878]], [[0.6000020470059647, -0.7186034773597311, 0.3515772829907457], [-0.602823736320199, -0.6950342923123379, -0.3918301614715781], [0.5259287846444684, 0.023159767623839228, -0.8502132312814253]], [[0.6000325623936209, -0.7186037160576787, 0.35152471226848436], [-0.6028379992679017, -0.6950331561120155, -0.3918102328215077], [0.5258776195142925, 0.023186443734772466, -0.8502441520651085]], [[0.5999903375332932, -0.7186226120160895, 0.35155815502681514], [-0.6028362262571216, -0.6950140908666703, -0.39184677848471394], [0.525927826967501, 0.023172289398095736, -0.8502134825003033]], [[0.6000271472056171, -0.7185985511722862, 0.35154451335411374], [-0.6028349259313738, -0.6950390432608728, -0.3918045181213795], [0.5258873212900312, 0.023170036601234845, -0.8502385986946805]], [[0.6000734710788803, -0.7185811847467574, 0.35150093916701014], [-0.6028431233341738, -0.6950564843536174, -0.3917609630969979], [0.5258250640241884, 0.02318543693648492, -0.8502766829438652]], [[0.6000400821316061, -0.7186058279894469, 0.3515075586884252], [-0.6028405582237206, -0.6950305452833212, -0.39181092695799347], [0.5258661057683868, 0.02319924789234762, -0.8502509239637563]], [[0.6000224788527738, -0.7186222393252765, 0.3515040569019054], [-0.602840314699825, -0.6950131065967838, -0.3918422343639131], [0.5258864704895809, 0.02321333250123478, -0.8502379439605118]], [[0.6000427729443536, -0.7186021034870697, 0.35151057950111525], [-0.6028287712092922, -0.6950340444156495, -0.3918228550065961], [0.5258765475275978, 0.023209781713407845, -0.8502441783354182]], [[0.6000427729443536, -0.7186021034870697, 0.35151057950111525], [-0.6028287712092922, -0.6950340444156495, -0.3918228550065961], [0.5258765475275978, 0.023209781713407845, -0.8502441783354182]], [[0.5999821732707817, -0.7186517113054732, 0.35151260232740567], [-0.6028791776304828, -0.6949839487696494, -0.3918341589654202], [0.5258879052962359, 0.02317388163990447, -0.8502381326857067]], [[0.6000207470141402, -0.7186101254749798, 0.3515317776779604], [-0.602823909789557, -0.6950259713603114, -0.3918446540667455], [0.5259072512702455, 0.02320316141152448, -0.8502253679830339]], [[0.6000139241236779, -0.7186187120463338, 0.3515258703916021], [-0.6028385536663817, -0.695017381574663, -0.3918373610600754], [0.5258982497319513, 0.02319452534473293, -0.8502311714603872]], [[0.6000037219385106, -0.718643942436104, 0.3514917035433811], [-0.6028841508081686, -0.694991769330886, -0.3918126354096278], [0.5258576179577964, 0.02318026234144549, -0.8502566912841873]], [[0.6000149555790467, -0.7186062947338855, 0.35154949331539476], [-0.6028028703050149, -0.6950295978727962, -0.3918705878639205], [0.5259379741314655, 0.023213169745111534, -0.8502060903786061]], [[0.6000399430287618, -0.718602185003621, 0.3515152435927374], [-0.6028481006072697, -0.6950349452695189, -0.39179151656002453], [0.5258576179577958, 0.02318026234144588, -0.8502566912841877]], [[0.5999794199088252, -0.7186683572903176, 0.3514832683293843], [-0.6028909354290541, -0.6949660459227677, -0.39184782121629036], [0.5258775671801847, 0.02319455203512319, -0.8502439632790934]], [[0.6000355331920852, -0.7185956548911723, 0.3515361200195752], [-0.6028265518210243, -0.6950414902753319, -0.3918130615681662], [0.5258873523165051, 0.023186452237735716, -0.8502381319995964]], [[0.600015066145318, -0.7186245044682406, 0.35151207941748636], [-0.6028641721852196, -0.6950119983835471, -0.391807493545412], [0.5258675786679183, 0.023176360384753597, -0.8502506371801531]], [[0.6000208436727155, -0.7186083573602234, 0.3515352270972631], [-0.6028410874160833, -0.6950286948566724, -0.39181339518809843], [0.5258874503934061, 0.023176325374660023, -0.8502383474419692]], [[0.6000224896125633, -0.7186109482536648, 0.35152712129949504], [-0.6028224262714549, -0.6950249030400014, -0.39184883123269976], [0.525906963581333, 0.023209679106036024, -0.8502253680362973]], [[0.6000242424569783, -0.7186151862197662, 0.35151546566013275], [-0.602846482037387, -0.6950211541103611, -0.3918184712775137], [0.5258773883321812, 0.023190719553996514, -0.8502441784378721]], [[0.5999878975622407, -0.7186212311968215, 0.351565141690707], [-0.602872813892816, -0.6950173596482413, -0.39178468583718956], [0.5258886698226161, 0.023117003714835216, -0.8502392081593556]], [[0.5999878975622407, -0.7186212311968215, 0.351565141690707], [-0.602872813892816, -0.6950173596482413, -0.39178468583718956], [0.5258886698226161, 0.023117003714835216, -0.8502392081593556]], [[0.599996674403923, -0.7186092680785388, 0.3515746158866705], [-0.6028378009841069, -0.6950287214662759, -0.39181840441919047], [0.5259187925990849, 0.023147271298813166, -0.850219752430241]], [[0.6000063156079803, -0.7186092864860305, 0.3515581240798948], [-0.6028111429771204, -0.695027052973224, -0.39186237576217087], [0.5259383491752188, 0.0231967457069564, -0.8502063066429538]], [[0.6000111170092082, -0.7186200140712985, 0.3515280000818262], [-0.6028330978330249, -0.6950158275884262, -0.3918485109817482], [0.5259077063728963, 0.02320074950817866, -0.8502251522978239]], [[0.6000341779023647, -0.7185981079444882, 0.3515334189058492], [-0.602819901613196, -0.6950385294350611, -0.391828545182462], [0.5258965217303593, 0.02319917798866375, -0.8502321133505605]], [[0.600000849408027, -0.7186392581915201, 0.35150618386536003], [-0.6028691702144119, -0.6949964716670834, -0.39182734459873003], [0.5258780698171706, 0.02318449818838561, -0.8502439266052538]], [[0.6000297858830211, -0.7185946916389787, 0.35154789887219784], [-0.6028231862452962, -0.695042697898188, -0.391816097453228], [0.5258977678011622, 0.023180104544403862, -0.8502318628321722]], [[0.6000183104274545, -0.7186249572631405, 0.35150561581620815], [-0.6028529814953363, -0.6950108407971295, -0.3918267651356274], [0.5258767059434807, 0.02319702508977889, -0.8502444284869014]], [[0.6000140460369018, -0.7186275790493811, 0.35150753503737636], [-0.6028657394794136, -0.6950086905100327, -0.39181094966510255], [0.5258669458336079, 0.02318022314722526, -0.8502509232776395]], [[0.6000377399584861, -0.7186187918915866, 0.3514850531186053], [-0.6028603729722829, -0.6950170840037068, -0.3918043180501004], [0.5258460623844512, 0.023200967291493096, -0.8502632732227747]], [[0.6000471028827831, -0.7185975600889921, 0.3515124762453333], [-0.6028332166548841, -0.6950390919384889, -0.3918070616704684], [0.525866510836642, 0.023199295495082678, -0.8502506721367692]], [[0.6000471028827831, -0.7185975600889921, 0.3515124762453333], [-0.6028332166548841, -0.6950390919384889, -0.3918070616704684], [0.525866510836642, 0.023199295495082678, -0.8502506721367692]], [[0.6000041234234454, -0.7186379604880766, 0.35150324837816227], [-0.6028752214226965, -0.6949980240831461, -0.3918152803491166], [0.5258673970397834, 0.0231781851330016, -0.8502506997730392]], [[0.6000108944394658, -0.7186158441576922, 0.35153690429239354], [-0.6028328801303384, -0.695020477028681, -0.39184059915300445], [0.5259082098500774, 0.023190623888803663, -0.8502251171165991]], [[0.6000005809510075, -0.7186281756956248, 0.3515292988569112], [-0.6028519008020716, -0.6950080770382127, -0.3918333300664645], [0.525898173183538, 0.023180119672338156, -0.8502316116766028]], [[0.6000195257162437, -0.7185874691028282, 0.3515801729444455], [-0.6028244528808535, -0.6950513066142321, -0.3917988772096581], [0.5259080221561124, 0.02314585108050468, -0.8502264532520765]], [[0.6000341219324241, -0.7186196533383942, 0.3514894683380858], [-0.6028464679330758, -0.695015688022703, -0.391828188754897], [0.5258661318409839, 0.023216098684627068, -0.8502504478943047]], [[0.5999863526880075, -0.7186337540275787, 0.35154217977416446], [-0.6028492354092481, -0.6950024406361096, -0.39184742805884976], [0.5259174611615652, 0.023176174880250144, -0.8502197886213264]], [[0.6000081443272041, -0.7186310246872651, 0.3515105647031912], [-0.6028622633040419, -0.695004986517781, -0.39182286839763086], [0.5258776646948919, 0.023184457559977112, -0.8502441782821548]], [[0.5999994790672019, -0.7186211865086344, 0.35154546707361833], [-0.6028703019941807, -0.6950167313679794, -0.3917896656268708], [0.5258783358273389, 0.023137273380678086, -0.8502450484936539]], [[0.6000049918356928, -0.7186323440831273, 0.3515132484129733], [-0.6028564440948685, -0.6950034141533304, -0.3918346106822437], [0.5258879325346244, 0.023190695392860144, -0.8502376574003615]], [[0.6000414826866936, -0.7185895053730847, 0.35153853533122087], [-0.6028122769807253, -0.6950474224487391, -0.3918245005977516], [0.5258969269509643, 0.02319920936216574, -0.8502318618521083]], [[0.6000004403562293, -0.7186259210664088, 0.3515341479056999], [-0.6028611101095738, -0.695011002762046, -0.3918139711102042], [0.5258877765167996, 0.023162288555992144, -0.8502385282372622]], [[0.5999992546257908, -0.7186290133076685, 0.35152985034125117], [-0.602862489140096, -0.6950076751224319, -0.3918177519060616], [0.5258875484704912, 0.023166198509017938, -0.8502385627636151]], [[0.5999704010762544, -0.718645005754517, 0.35154640310560437], [-0.6028644309147827, -0.6949913516705254, -0.3918437176234561], [0.5259182405756554, 0.02315981017335661, -0.8502197524302412]], [[0.599997655368184, -0.7186338361766197, 0.3515227205384555], [-0.6028462982502701, -0.695001664103814, -0.39185332406255735], [0.5259079332341623, 0.023196904858291456, -0.8502251168757408]], [[0.5999732635120085, -0.7186521004752593, 0.3515270139736749], [-0.6028700026740881, -0.6949835483085871, -0.391848985523953], [0.525908588013635, 0.023173822794352178, -0.8502253413011169]], [[0.5999618549083473, -0.7186606031758342, 0.35152910277512067], [-0.6028728658461884, -0.6949747567370012, -0.39186017292492226], [0.5259183209219271, 0.023173798594365885, -0.8502193215737742]], [[0.6000413184239656, -0.7185871192528884, 0.3515436931988166], [-0.602795080467652, -0.6950493312951725, -0.39184756989182656], [0.5259168253136854, 0.023215923629442387, -0.8502190974931144]], [[0.6000182104611981, -0.7186206451696838, 0.3515146020449914], [-0.6028529914952415, -0.6950156527714245, -0.39181821428814234], [0.5258768085399655, 0.023186434366190917, -0.850244653909216]], [[0.5999822068778856, -0.7186560819891252, 0.3515036091564098], [-0.6028792330796702, -0.6949790774077732, -0.3918427137088416], [0.5258878033870067, 0.02318442980709781, -0.850237908154717]], [[0.5999908063679822, -0.7186531321889518, 0.35149496137058267], [-0.6028710014987597, -0.6949815799912287, -0.3918509398033617], [0.5258874288531538, 0.023200841965419577, -0.8502376921228056]], [[0.600055733554739, -0.7185561298805047, 0.35158242965090836], [-0.6027977480223582, -0.6950832780862679, -0.3917832455631835], [0.5258973204031925, 0.023158685973075743, -0.8502327232333173]], [[0.5999917498234973, -0.7186117375110741, 0.35157797265336815], [-0.6028426593230678, -0.6950264246976768, -0.3918150036334185], [0.5259188418796469, 0.023139569643345542, -0.8502199315898747]], [[0.5999891816887214, -0.7186392174455786, 0.3515261825322612], [-0.6028717639704725, -0.694997204506241, -0.3918220539168781], [0.5258884083754167, 0.023163783752151224, -0.8502380966874244]], [[0.6000588400330932, -0.7185761577644214, 0.35153619158012805], [-0.6028301203323425, -0.6950622324975789, -0.39177077350866185], [0.52585666727563, 0.023168911239053236, -0.8502575886363876]], [[0.600041478172882, -0.7185823389912634, 0.3515531916537636], [-0.6028470930486943, -0.6950569432510023, -0.39175404023610494], [0.5258570213231365, 0.023135853743009138, -0.850258269819671]], [[0.6000368383060616, -0.7185841575405143, 0.35155739390240986], [-0.6028252366139104, -0.6950541821459516, -0.39179257009647933], [0.5258873708096132, 0.02316230586990753, -0.8502387787026305]], [[0.6000209799176633, -0.7186041398855236, 0.3515436157833528], [-0.6028412196074124, -0.6950333945871717, -0.39180485493531125], [0.5258871434071138, 0.02316615091074742, -0.8502388145992194]], [[0.5999903697620462, -0.7186106045930151, 0.3515826434272095], [-0.6028437922411268, -0.695027804759128, -0.3918108124695444], [0.5259191176874445, 0.023133300200550905, -0.8502199315898747]], [[0.6000385713249923, -0.7186161325599145, 0.35148907087830494], [-0.602859347522587, -0.6950199622350544, -0.39180079019755015], [0.5258462893535557, 0.02319711446312578, -0.8502632379761468]], [[0.6000168439247046, -0.7186365824992177, 0.3514843514304468], [-0.6028805297424092, -0.6949991690400527, -0.39180508150245896], [0.5258467969514969, 0.023186576450212187, -0.8502632114871075]], [[0.6000613182969183, -0.7185719749714115, 0.3515405112777899], [-0.6028110412582279, -0.6950659314585779, -0.3917935674086429], [0.525875710430645, 0.023187662911668405, -0.8502452995858074]], [[0.5999802445929697, -0.7186286255106592, 0.35156308778769785], [-0.6028454361449066, -0.6950082894962449, -0.39184289919655424], [0.5259287843590778, 0.023159795512142256, -0.8502132306982869]], [[0.5999860328643934, -0.7186234437298442, 0.35156380144933397], [-0.6028395194605538, -0.695013520277021, -0.39184272407269705], [0.5259289630208779, 0.02316360839771267, -0.8502130163093141]], [[0.6000180956462386, -0.7186273723368416, 0.35150104498465995], [-0.6028698454333362, -0.6950089029401194, -0.3918042550830161], [0.5258576179577955, 0.02318026234144624, -0.850256691284188]], [[0.600008104231686, -0.7186224336901801, 0.35152819610025693], [-0.6028621290944904, -0.6950145583666714, -0.3918060961266918], [0.5258778642992646, 0.023163796225647626, -0.8502446179685352]], [[0.6000400358919017, -0.7185974414376081, 0.3515247821792502], [-0.6028404332770717, -0.695039889764017, -0.39179454264082825], [0.525866301766103, 0.023179059431886334, -0.8502513533483468]], [[0.5999852234580547, -0.7186547234841948, 0.3515012376163762], [-0.6028848337304035, -0.694980690449007, -0.3918312355605226], [0.5258779410565272, 0.02317818622924578, -0.8502441783354184]], [[0.600058771201121, -0.7185863765797464, 0.35151542000115876], [-0.6028130877599656, -0.6950500952616286, -0.39181851194411005], [0.5258762709325231, 0.02321603908489478, -0.8502441785741975]], [[0.6000141405949241, -0.7186428811164188, 0.35147608810106545], [-0.6028829121170683, -0.6949923856824022, -0.39181344811112184], [0.5258471501904126, 0.023194681808043016, -0.8502627719549091]], [[0.5999920446501905, -0.7186396959471042, 0.3515203177136954], [-0.6028602443474531, -0.6949960228842511, -0.3918418736689616], [0.5258983477268329, 0.023184382332229164, -0.8502313874905232]], [[0.5999865032620586, -0.7186429293518827, 0.35152316566040565], [-0.6028571126642851, -0.6949925528190533, -0.3918528464055573], [0.5259082596931233, 0.023188178423513534, -0.8502251529847549]], [[0.6000152750080653, -0.718615644802706, 0.3515298348672371], [-0.6028373648990205, -0.6950206816877794, -0.39183333639171103], [0.5258980711493447, 0.023190667757647193, -0.8502313871472599]], [[0.6000133998832375, -0.7186140109890801, 0.3515363753166155], [-0.6028307800315479, -0.6950223046077164, -0.39184058843403974], [0.5259077586489038, 0.023192656336978312, -0.8502253407685054]], [[0.6000094058952066, -0.718615190209909, 0.35154078175491643], [-0.6028609036152613, -0.6950225136832946, -0.3917938697396188], [0.5258777840235049, 0.023149813669468333, -0.8502450484405053]], [[0.6000123086278109, -0.7186154583428189, 0.35153527920518096], [-0.6028493411202079, -0.6950215631458527, -0.3918133467267623], [0.5258877269969849, 0.02317001927136192, -0.850238348230018]], [[0.600007999453524, -0.7186190203162266, 0.35153535274780906], [-0.6028366738492839, -0.6950172462896643, -0.3918404930864906], [0.5259071641022891, 0.023189027570783644, -0.8502258075042236]], [[0.6000080127941766, -0.7186189903684608, 0.35153539119780997], [-0.6028366602732789, -0.6950172784167862, -0.3918404569881506], [0.5259071644438232, 0.0231889927322739, -0.8502258082431514]], [[0.5999895020835684, -0.71864632101511, 0.3515111131685007], [-0.6029156744941238, -0.6949912038673114, -0.39176512861197876], [0.5258377000927252, 0.02312340456143938, -0.8502705577183538]], [[0.6000050976210832, -0.7186237591125618, 0.3515306183928291], [-0.6028565178404909, -0.6950129814962852, -0.39181752698020295], [0.5258877273011341, 0.02316998900679268, -0.8502383488666415]], [[0.6000137787556037, -0.718603986079221, 0.35155622095829303], [-0.602848216131076, -0.6950342274626276, -0.39179261218533484], [0.5258873392762, 0.02314592505136226, -0.8502392442968718]], [[0.6000137787556037, -0.718603986079221, 0.35155622095829303], [-0.602848216131076, -0.6950342274626276, -0.39179261218533484], [0.5258873392762, 0.02314592505136226, -0.8502392442968718]], [[0.6000021733597347, -0.7186378879067804, 0.3515067254384717], [-0.6028510851968182, -0.6949971363990852, -0.3918539899938378], [0.5258972913417734, 0.023207034751423744, -0.8502314229063948]], [[0.5999935550884438, -0.7186322279201209, 0.35153300676734994], [-0.6028591615184442, -0.6950042253304402, -0.39182899094644963], [0.5258978657739625, 0.023169975558855804, -0.8502320783215563]], [[0.6000287445483264, -0.7186106316660903, 0.35151709172133005], [-0.6028511101071166, -0.6950262135512905, -0.39180237559153863], [0.525866945869748, 0.023180218571413835, -0.8502509233800367]], [[0.6000125442331916, -0.7186308017440882, 0.3515035100073129], [-0.6028667282959429, -0.695005215651886, -0.391815591995037], [0.5258675257862553, 0.02318449916052731, -0.8502504479987749]], [[0.6000311792829957, -0.7186132733955066, 0.3515075350373764], [-0.6028491690096252, -0.6950230637517975, -0.3918109496651022], [0.5258663930245608, 0.023192760785637617, -0.8502509232776395]], [[0.6000205506316019, -0.7186101522505399, 0.35153205814293187], [-0.6028237513375825, -0.6950259441813147, -0.3918449460413609], [0.5259076569541788, 0.02320314628080436, -0.850225117459863]], [[0.6000035760621919, -0.7186244763456728, 0.3515317492197385], [-0.6028405179632994, -0.6950115515579448, -0.3918446798193885], [0.5259078042911347, 0.023190627372405792, -0.8502253678806296]], [[0.6000267068463764, -0.718622027403749, 0.3514972728218787], [-0.6028445973156514, -0.6950133238317372, -0.3918352602608536], [0.5258767370386551, 0.0232133889487576, -0.8502439626454815]], [[0.6000296051787659, -0.7186053867643909, 0.35152634470579075], [-0.6028330468471808, -0.6950312208812093, -0.3918212853193668], [0.5258866708122188, 0.023192673704772043, -0.8502383838362422]], [[0.6000440223429967, -0.718582047134738, 0.3515494457200681], [-0.6028273361364651, -0.6950562739145837, -0.3917856287545387], [0.5258767669873344, 0.02316500869037391, -0.8502452636241641]], [[0.5999940083999926, -0.7186373619339367, 0.35152173747400284], [-0.6028937872416223, -0.6950000053258427, -0.39178319757556224], [0.5258576529723258, 0.02313729953367094, -0.8502578398231482]], [[0.6000269413903859, -0.7186160470286117, 0.3515090988277134], [-0.602861904316283, -0.6950207419111502, -0.39179547296698014], [0.5258566286829937, 0.023176394591200883, -0.8502574085557323]], [[0.6000487970434344, -0.7186012556050783, 0.3515020293106883], [-0.602849486569816, -0.695035607172337, -0.3917882097576315], [0.5258459258273627, 0.023189226062670737, -0.8502636779760605]], [[0.6000467003916042, -0.7185823968910305, 0.35154415971182007], [-0.6028156438862464, -0.6950552373167059, -0.3918054575482935], [0.5258871141558408, 0.023185253006145934, -0.8502383120089817]], [[0.6000473638989773, -0.7186104676312955, 0.3514856425070855], [-0.6028599978053147, -0.6950258731449276, -0.3917893039700122], [0.5258355105202234, 0.023195505380599724, -0.850269947961278]], [[0.6000313425606477, -0.7186019942156402, 0.3515303142748453], [-0.6028314828880196, -0.6950348479058418, -0.39181725770508735], [0.525886481271289, 0.023189094544818323, -0.8502385986946804]], [[0.5999602304571516, -0.7186400707912723, 0.3515738478938908], [-0.6028565370741641, -0.694997003649892, -0.39184583782990334], [0.5259388914852642, 0.023143326700954592, -0.8502074269567776]], [[0.6000326939995939, -0.7186057113611185, 0.35152040869737694], [-0.602847387193442, -0.6950313395548555, -0.39179901070654], [0.5258667073371638, 0.023179055972236295, -0.8502511026035815]], [[0.6000329822531063, -0.7186164902363226, 0.3514978807459195], [-0.6028385490195092, -0.6950189206034918, -0.39183463836063526], [0.5258765102421823, 0.0232172341932968, -0.8502439979276051]], [[0.6000312037791921, -0.7185957787973478, 0.3515432564933191], [-0.6028220159841233, -0.6950413649416521, -0.39182026244808077], [0.5258974914716095, 0.023186369156874526, -0.8502318629345703]], [[0.5999937470990155, -0.7186579245236534, 0.3514801430542512], [-0.6028859182773555, -0.6949767508480789, -0.3918365543482596], [0.5258669727078815, 0.023197053692260855, -0.8502504476417794]], [[0.5999981760019648, -0.7186273724025373, 0.3515350458036014], [-0.6028368921762731, -0.6950084289133431, -0.39185579639793366], [0.5259181212180919, 0.02319446859127064, -0.8502188814659442]], [[0.6000413070334124, -0.7185913614881323, 0.35153504099629523], [-0.6027951775834162, -0.6950446074357352, -0.3918557994424518], [0.5259167269975469, 0.023226038601916188, -0.850218882050411]], [[0.6000093639102917, -0.7186157767009127, 0.3515396545149786], [-0.6028090411627323, -0.6950195756585478, -0.3918788707545724], [0.5259372805881267, 0.023219709902481983, -0.8502063408135758]], [[0.6000253403020583, -0.7185890562355025, 0.351567005354553], [-0.6028356052525526, -0.695049743563761, -0.3917844905196452], [0.5258886042073807, 0.02314351378937929, -0.8502385275522941]], [[0.6000489981101853, -0.7185933744202954, 0.3515177977090428], [-0.6028573124502604, -0.6950447261409944, -0.3917599896477929], [0.5258367243662347, 0.023160114482506877, -0.8502701620102551]], [[0.600023940189332, -0.7186103300388507, 0.35152590908939185], [-0.6028384968974012, -0.6950262297543252, -0.39182175362270344], [0.5258868869425737, 0.02318908180464671, -0.850238348127692]], [[0.6000130855560613, -0.7185850914600862, 0.3515960231470127], [-0.6027785810306794, -0.6950522518537974, -0.3918677703557754], [0.5259679452325359, 0.023191238092556576, -0.850188148037597]], [[0.6000374337541219, -0.7185950775368329, 0.35153405615046807], [-0.6028428854795364, -0.6950427602580913, -0.3917856771750594], [0.5258664597789766, 0.02316626755967005, -0.8502516042483421]], [[0.6000091073586769, -0.7186072354165043, 0.3515575518939858], [-0.6028087675860916, -0.6950290971611819, -0.3918624041939337], [0.5259378868345398, 0.023199036755030267, -0.8502065301358592]], [[0.6000598907689434, -0.7185901887512397, 0.3515057156303738], [-0.6028292194926056, -0.6950465029911965, -0.3918000648361922], [0.5258565009736966, 0.023205587908222358, -0.8502566912841876]], [[0.599995027552764, -0.718641916970578, 0.3515106855912226], [-0.6028581121141083, -0.6949933063807269, -0.39184997223963025], [0.5258973888223555, 0.0231969665870064, -0.8502316373618369]], [[0.5999962782391342, -0.7186327067770756, 0.35152737994278854], [-0.6028474278054475, -0.6950030405835925, -0.3918491449115554], [0.5259082095646953, 0.02319065177642199, -0.8502251165324637]], [[0.6000328475692335, -0.718595146652095, 0.35154174296377805], [-0.6028118218813105, -0.6950415391413641, -0.39183563680213984], [0.5259073009933329, 0.02320073438616549, -0.8502254034583124]], [[0.599991710414698, -0.718604998512628, 0.35159181382152704], [-0.6028256028293452, -0.6950331863311455, -0.39182925167962124], [0.5259384374687611, 0.02314575578894218, -0.850207641686357]], [[0.6000283259013379, -0.7185954950526783, 0.35154874854852425], [-0.6028335545087808, -0.6950423310479261, -0.39180079582585525], [0.5258875485066614, 0.023166193935579477, -0.850238562865854]], [[0.6000400762155016, -0.7185816041588677, 0.35155708654465107], [-0.6027963398947642, -0.6950555951395572, -0.3918345215453478], [0.5259167990706998, 0.02319909113875257, -0.8502195731842246]], [[0.5999939868168411, -0.7186475442838468, 0.3515009571515111], [-0.6028767073191746