{"Rotations": [[[0.5361536481251954, -0.8400767748929154, 0.08252440782921072], [-0.5365819214403023, -0.26371426248661983, 0.8015825779946637], [-0.6516280435842807, -0.474052528784159, -0.5921613739242595]], [[0.5361536481251954, -0.8400767748929154, 0.08252440782921072], [-0.5365819214403023, -0.26371426248661983, 0.8015825779946637], [-0.6516280435842807, -0.474052528784159, -0.5921613739242595]], [[0.5361717002289067, -0.8400682227110609, 0.0824941759442614], [-0.5366005407826925, -0.2637723078504398, 0.8015510147476421], [-0.651597857198261, -0.47403538982056204, -0.5922083093745836]], [[0.5361522442655027, -0.8400740137549902, 0.08256162778582332], [-0.5366722506593391, -0.263743248595414, 0.8015125664595515], [-0.6515548068591804, -0.4740412959162079, -0.5922509463266208]], [[0.5361596241335282, -0.8400716664724284, 0.08253758319233107], [-0.536653899347876, -0.2637592384038559, 0.80151959206955], [-0.6515638493376638, -0.4740365590825829, -0.592244789668454]], [[0.5361596241335282, -0.8400716664724284, 0.08253758319233107], [-0.536653899347876, -0.2637592384038559, 0.80151959206955], [-0.6515638493376638, -0.4740365590825829, -0.592244789668454]], [[0.5361754169307988, -0.8400648996859105, 0.08250385806000632], [-0.5366039087949656, -0.26376874298308867, 0.8015499331239982], [-0.6515920252313168, -0.47404326230927796, -0.5922084245551804]], [[0.5361704964680398, -0.8400665911157026, 0.08251861128532723], [-0.5366123846801594, -0.2637565655621946, 0.8015482660019351], [-0.6515890939273682, -0.4740470405076685, -0.5922086254529163]], [[0.5361097967478601, -0.8401072668956233, 0.0824988844781207], [-0.5366171024083872, -0.26372618412258914, 0.8015551042885103], [-0.6516351519322716, -0.4739918563828964, -0.5922021182408089]], [[0.5361097967478601, -0.8401072668956233, 0.0824988844781207], [-0.5366171024083872, -0.26372618412258914, 0.8015551042885103], [-0.6516351519322716, -0.4739918563828964, -0.5922021182408089]], [[0.5361769349465484, -0.8400610115327672, 0.08253357700880565], [-0.5366324664601833, -0.2637624800280524, 0.8015328752274054], [-0.6515672569828728, -0.47405363729434136, -0.5922273706912068]], [[0.5361871054714445, -0.8400569070791394, 0.08250927702255273], [-0.5366030900833124, -0.2637731131637767, 0.8015490430940143], [-0.6515830811486703, -0.47405499432082754, -0.5922088742329735]], [[0.5361742991788891, -0.8400650558427138, 0.082509531885748], [-0.5366172591584282, -0.2637720726517423, 0.8015398997319474], [-0.6515819503894529, -0.474041132857669, -0.5922212139781]], [[0.5361794868059315, -0.8400650649266167, 0.08247572138736958], [-0.5365560019897072, -0.2637642673854732, 0.8015834753657448], [-0.6516281260483996, -0.4740454597825442, -0.5921669421727349]], [[0.5360945613339075, -0.8401180194225575, 0.08248839160587829], [-0.5365870289672765, -0.26370111143431496, 0.8015834854663476], [-0.6516724496649192, -0.47398674798967366, -0.5921651636814657]], [[0.5361651679530843, -0.840071451680126, 0.08250374988984627], [-0.5366068490328129, -0.26376209745268636, 0.8015501515927965], [-0.651598037324328, -0.47403534891335375, -0.5922081439288709]], [[0.5361688650055596, -0.8400657496179718, 0.08253777630542675], [-0.5366365318999355, -0.2637544326230236, 0.8015328015135225], [-0.6515705493874464, -0.47404971847950883, -0.59222688522258]], [[0.5361445380571294, -0.8400855711559393, 0.0824940449190491], [-0.5365990788372684, -0.2637478155124712, 0.8015600528989666], [-0.6516214107152265, -0.4740182727996867, -0.5921960943382686]], [[0.5361396548524431, -0.8400834109844237, 0.08254776243774742], [-0.5366063441796141, -0.2636976119876473, 0.8015717065978576], [-0.6516194455975763, -0.4740500311367861, -0.5921728346507626]], [[0.536173345717649, -0.8400633846862282, 0.08253273927030508], [-0.5366277176826795, -0.26375671165495285, 0.8015379527331467], [-0.6515741216136661, -0.47405264134532954, -0.5922206153764789]], [[0.5362256046084183, -0.8400353433911554, 0.0824786203572761], [-0.5366152687501773, -0.26384461428979555, 0.8015173565522107], [-0.6515413680699875, -0.47405341615051405, -0.592256029373713]], [[0.5361698688835503, -0.8400709490210494, 0.08247831419391344], [-0.5365980490056923, -0.26378404144751555, 0.8015488215204984], [-0.6516014161315804, -0.4740240290201423, -0.5922134871875429]], [[0.536159653796808, -0.8400784800972239, 0.08246801148339106], [-0.5366008547828311, -0.26378705446657635, 0.8015459516098762], [-0.6516075109195885, -0.47400900537161234, -0.5922188063037115]], [[0.5361536111003818, -0.8400744011260751, 0.08254880905674467], [-0.5366082553374657, -0.26371010555866137, 0.8015663169881335], [-0.6516063885565441, -0.47405904779774644, -0.5921799841208687]], [[0.5361424311020153, -0.8400874834521056, 0.08248826412968852], [-0.5365963072310039, -0.26374948803478443, 0.8015613579929108], [-0.6516254266356332, -0.47401395307363847, -0.5921951330882681]], [[0.5361488871745242, -0.8400814965020696, 0.08250727250589956], [-0.5366426849446772, -0.26377068800600356, 0.8015233326885798], [-0.6515819207719682, -0.474012767110426, -0.5922439506988904]], [[0.5361488871745242, -0.8400814965020696, 0.08250727250589956], [-0.5366426849446772, -0.26377068800600356, 0.8015233326885798], [-0.6515819207719682, -0.474012767110426, -0.5922439506988904]], [[0.5361463289799262, -0.8400838922398283, 0.08249950254716143], [-0.5366015070918412, -0.2637459275592324, 0.8015590485314759], [-0.6516179375278993, -0.47402229873192736, -0.5921966935037598]], [[0.5361921329882299, -0.84005418799528, 0.08250428930136577], [-0.5365942230915738, -0.26377578106670396, 0.8015541011481389], [-0.6515862462224651, -0.47405832821947264, -0.5922027230429424]], [[0.5361370536488834, -0.8400878702242359, 0.08251927051787272], [-0.5366188897629175, -0.2637316684372887, 0.8015521032427636], [-0.6516112543950636, -0.47402318230798757, -0.5922033398928955]], [[0.5361722747148612, -0.8400659106761458, 0.08251398394787063], [-0.536614725193531, -0.2637642255954875, 0.8015441784465058], [-0.6515857031370185, -0.4740439842629276, -0.5922148026278695]], [[0.5361242067587418, -0.8401005966471807, 0.08247316193987442], [-0.5366048065866195, -0.263754277416859, 0.8015540921812122], [-0.6516334218526906, -0.4739880469562091, -0.5922070709365027]], [[0.5361436196453475, -0.8400881255429745, 0.08247399854061171], [-0.5365845788341853, -0.26375559852664965, 0.8015671986821749], [-0.651634106589676, -0.4740094150621279, -0.59218921432388]], [[0.536167182196082, -0.8400736188251345, 0.08246858607952284], [-0.5366090887739032, -0.2637990246039298, 0.8015364997698211], [-0.651594535413822, -0.47401095933750054, -0.5922315187887147]], [[0.5361679413975167, -0.8400633561316869, 0.08256813127542378], [-0.5366225386965103, -0.2637144876594301, 0.8015553131016202], [-0.6515828340130372, -0.4740761823623823, -0.592192184798354]], [[0.5361426156748816, -0.8400931860661894, 0.0824289656762422], [-0.5365975338483252, -0.2638071184833918, 0.8015415715391094], [-0.651624264684175, -0.47397177443667315, -0.5922301703832384]], [[0.5361199354301477, -0.8401017826890138, 0.08248884504656284], [-0.5366139543951154, -0.26374226426157954, 0.8015519209574715], [-0.651629402945272, -0.4739926294415524, -0.5922078253892564]], [[0.5361327325733036, -0.8400936412288222, 0.08248858727352176], [-0.5365997944339886, -0.26374330666576257, 0.8015610574388022], [-0.6516305346412825, -0.47400647902313386, -0.5921954948893211]], [[0.5361633385375818, -0.8400707617882155, 0.08252266111075979], [-0.5366307548506764, -0.26375985879139663, 0.8015348837316661], [-0.6515798549346253, -0.4740378171400562, -0.5922261734881893]], [[0.5361697750591368, -0.8400690017512289, 0.08249875520108563], [-0.536598127292556, -0.26376451326913203, 0.8015551954332403], [-0.6516014288651897, -0.47403834637779224, -0.5922020128843295]], [[0.5361061863483234, -0.8401154911779052, 0.08243857375017927], [-0.5365594523215389, -0.2637386663728265, 0.8015895894934596], [-0.6516855922018431, -0.47397033382142173, -0.5921638384549861]], [[0.536163189837759, -0.8400727099324484, 0.08250379318401974], [-0.5366320581375262, -0.26377868030451407, 0.801527817356261], [-0.6515789039265174, -0.4740238916379229, -0.5922383659594816]], [[0.5361386136990693, -0.8400874709393769, 0.08251319937756385], [-0.5366194369283559, -0.26373921190778826, 0.8015492548889014], [-0.6516095201971303, -0.474019692916803, -0.5922080410763817]], [[0.5361397881449266, -0.840090535266179, 0.08247436040429829], [-0.5365812061030023, -0.26374947760180406, 0.8015714705014287], [-0.6516400362354668, -0.4740085501559654, -0.5921833816936095]], [[0.5361616694296414, -0.8400736322739062, 0.0825042822679285], [-0.5366038014089689, -0.2637563385353662, 0.801554086881142], [-0.6516034258257579, -0.47403468885783384, -0.5922027433333898]], [[0.536187946363115, -0.8400549761284895, 0.08252347094414053], [-0.5366436609123884, -0.2637898170406435, 0.8015163838800885], [-0.6515489754250672, -0.47404912140771543, -0.5922510980277861]], [[0.5361442751525324, -0.8400852026864657, 0.08249950574643145], [-0.5365726841545034, -0.26372317643511267, 0.8015858287358916], [-0.6516433616944142, -0.47403263435992915, -0.5921604433946839]], [[0.5361450418329589, -0.8400833219923161, 0.08251367297781237], [-0.536613114187733, -0.2637397345947138, 0.8015533158047898], [-0.6516094380836406, -0.474026755053198, -0.5922024786287691]], [[0.5361800794639249, -0.8400652348658781, 0.08247013735769065], [-0.5365966250849339, -0.2637996619989829, 0.8015446339890757], [-0.6515941868475486, -0.47402546292257286, -0.5922202936133838]], [[0.536139613210886, -0.8400882616731702, 0.0824986529892004], [-0.5366074582971905, -0.26374524388809784, 0.801555289438125], [-0.6516185623859332, -0.47401493533997296, -0.5922018998861207]], [[0.5361307140232152, -0.8400925119672601, 0.08251320389789935], [-0.5365974541961077, -0.2637163663311466, 0.8015714879406282], [-0.6516341225190816, -0.4740234693194372, -0.5921779469915702]], [[0.5361451714803294, -0.8400876059653868, 0.08246920274668146], [-0.5365867070121082, -0.26376306808853445, 0.8015633161331829], [-0.651631077340722, -0.4740061795123226, -0.5921951374571576]], [[0.536124185411382, -0.8400976019469268, 0.08250380003372693], [-0.5366051305050707, -0.263725261982935, 0.801563422386319], [-0.6516331726766358, -0.4740094992666871, -0.5921901745827319]], [[0.5361864471139572, -0.84005588112988, 0.08252399960261131], [-0.5366153855499375, -0.26376744016414494, 0.8015426785270674], [-0.6515734969459723, -0.4740599688735114, -0.5922154371419595]], [[0.5361969661813573, -0.8400472355171245, 0.08254365849624995], [-0.5366262750856556, -0.26376572822969013, 0.8015359514701482], [-0.6515558720060797, -0.4740762414543661, -0.5922218021509331]], [[0.5361470735769878, -0.840082591031337, 0.08250791320174905], [-0.5366140677903048, -0.2637476857393817, 0.8015500611419492], [-0.6516069810433083, -0.4740236265347916, -0.5922076863250174]], [[0.5361651295204541, -0.8400690825457933, 0.0825281190684965], [-0.5366331829092836, -0.26375797084693037, 0.8015338793933549], [-0.6515763814680255, -0.47404184347521366, -0.5922267722314274]], [[0.5361644332128057, -0.8400694992068732, 0.08252840153488894], [-0.5366191011013383, -0.2637468525818588, 0.8015469656148384], [-0.6515885518414074, -0.47404729115930655, -0.5922090212532575]], [[0.5361490240171912, -0.8400812226432126, 0.08250917165805643], [-0.5365904589007502, -0.26373100157950946, 0.8015713556649534], [-0.6516248180219164, -0.4740353343034188, -0.5921786878719549]], [[0.5361307692877295, -0.8400987084382545, 0.08244973197848698], [-0.5365722744688513, -0.263758659924485, 0.8015744279766938], [-0.6516548108425744, -0.4739889549295605, -0.5921828080166732]], [[0.5361753189791691, -0.840063545280759, 0.08251828408243089], [-0.5366302027303771, -0.2637740231189116, 0.8015305922079449], [-0.6515704511679002, -0.4740427244647748, -0.592232591594614]], [[0.5361607880820016, -0.8400757718334164, 0.08248822280650603], [-0.5366155774845454, -0.26377946405477437, 0.8015385931718468], [-0.6515944531103792, -0.4740180291101435, -0.59222595076062]], [[0.5361205761815948, -0.8401018269366856, 0.08248422984036319], [-0.5366017758889718, -0.26373836475749596, 0.8015613570200621], [-0.6516389045380243, -0.4739947207856698, -0.5921956963367756]], [[0.5361568983131968, -0.8400797827234125, 0.08247265638110746], [-0.5366381602222041, -0.263807371027434, 0.8015142893204849], [-0.6515790553605144, -0.47399538990477297, -0.5922610108427887]], [[0.5361826410808149, -0.8400562995127339, 0.08254446712272256], [-0.5366121876311967, -0.2637422835015879, 0.8015530974171516], [-0.6515792626298536, -0.4740732238192116, -0.5921984827474622]], [[0.5361369868475185, -0.8400914372644965, 0.08248338238055392], [-0.5365907668577792, -0.2637453949421096, 0.8015664136987101], [-0.6516344682849771, -0.4740092232032026, -0.5921889698915812]], [[0.5361516421764205, -0.8400780458835194, 0.08252450191340083], [-0.5366071583372186, -0.2637307929348337, 0.8015602450715847], [-0.6516089120114785, -0.4740410801634086, -0.5921915907075395]], [[0.536157913106346, -0.8400747095592562, 0.08251772277747044], [-0.5366251961103394, -0.2637558215870459, 0.8015399338014809], [-0.6515888973217607, -0.47403306734643935, -0.5922200266363324]], [[0.5361280637703721, -0.8400961507472078, 0.08249337390091677], [-0.5366083577061802, -0.26374092030090523, 0.8015561099503313], [-0.6516273242258246, -0.4740033591215954, -0.5922015247056832]], [[0.5361623857715506, -0.840073202005159, 0.08250400812420194], [-0.5366178642785645, -0.2637674519326346, 0.801541015193906], [-0.6515912551752603, -0.47402926763414593, -0.5922204738147476]], [[0.536154634885168, -0.8400811376359223, 0.0824735695813294], [-0.5365958675782545, -0.2637737711825178, 0.8015536616684457], [-0.6516157474993161, -0.4740116874344841, -0.5922075968665216]], [[0.5361544470070316, -0.840081282098162, 0.08247331946085301], [-0.5365956159831415, -0.2637736638934058, 0.8015538654038923], [-0.6516161092715991, -0.47401149111024354, -0.5922073559431582]], [[0.5361622603107252, -0.8400723022880497, 0.08251398394787057], [-0.5366178694699965, -0.2637578286307309, 0.8015441784465056], [-0.651591354135378, -0.47403621672236956, -0.5922148026278699]], [[0.5361178756582275, -0.8401016650722463, 0.0825034286714687], [-0.5366115547181461, -0.26372481821380744, 0.8015592676783595], [-0.6516330737022813, -0.47400254493086125, -0.5921958499148602]], [[0.5361543967991635, -0.8400768926758116, 0.0825183445367001], [-0.5366221671441022, -0.26374997547498436, 0.8015438853653069], [-0.6515942852131931, -0.47403245124052173, -0.5922145917219619]], [[0.5361704864890878, -0.8400665978302111, 0.08251860776836473], [-0.5366123944469667, -0.2637565673697909, 0.8015482588685463], [-0.651589094095311, -0.474047027603042, -0.5922086355979392]], [[0.5361635876201916, -0.8400740191003805, 0.08248787633815552], [-0.5366045438687185, -0.26377419567350363, 0.8015477136117606], [-0.65160123604064, -0.4740240670359786, -0.5922136549092567]], [[0.5361197911748454, -0.8400983521247892, 0.08252471307344311], [-0.5365879601199418, -0.2636890076877823, 0.8015868438784115], [-0.6516509269271089, -0.4740283387961597, -0.5921555568034413]], [[0.5361504675673526, -0.8400793741777324, 0.08251861128532684], [-0.5366186729742035, -0.26374377165100393, 0.8015482660019344], [-0.6516003959043564, -0.4740315052783441, -0.592208625452917]], [[0.5361874673954758, -0.8400571102735739, 0.08250485614094644], [-0.536576686188895, -0.26375843548760347, 0.8015715486141435], [-0.6516045270304449, -0.47406280089028763, -0.5921790279683044]], [[0.5361782608153729, -0.8400673620635078, 0.0824602924119281], [-0.5365679070913792, -0.263786586945747, 0.8015681615602569], [-0.6516193319021302, -0.4740289693079659, -0.5921898196931862]], [[0.5361597521332143, -0.8400784079927606, 0.08246810666432619], [-0.5366009759212986, -0.26378713704752965, 0.8015458433355995], [-0.6516073302478724, -0.4740090872046825, -0.5922189395946599]], [[0.5361673467222248, -0.840071907007495, 0.08248495235883818], [-0.5365832500959006, -0.263764754664398, 0.8015650752829427], [-0.6516156781611147, -0.4740330634603668, -0.592190562843592]], [[0.5361148020418559, -0.8400954773531295, 0.08258636668626795], [-0.5366466093207163, -0.2636685206658015, 0.801554320002385], [-0.6516067339555351, -0.4740448292521763, -0.5921909861886409]], [[0.5361496533631156, -0.8400798729708805, 0.08251882347586237], [-0.5366044889191697, -0.2637325444607064, 0.801561455824866], [-0.6516127467065143, -0.4740368677872125, -0.5921907431800004]], [[0.5361586389293393, -0.8400770448035455, 0.08248922775478268], [-0.5365727907192868, -0.2637455156236084, 0.8015784074238488], [-0.6516314557793808, -0.47403466306018077, -0.5921719210299203]], [[0.5361608621531574, -0.8400751163947794, 0.08249441623213505], [-0.5365895103732333, -0.2637546557445001, 0.8015642076156556], [-0.6516158586564608, -0.4740329950408494, -0.5921904190038921]], [[0.5361379706909606, -0.8400951111186925, 0.0824395576034373], [-0.5365800740737086, -0.263780285042675, 0.8015620907514645], [-0.6516424636949563, -0.4739832966437499, -0.5922009236840913]], [[0.5361512498563841, -0.8400750638103647, 0.08255740088840097], [-0.536631714300315, -0.26371692717337325, 0.8015483675545338], [-0.6515890119427594, -0.47405407865162874, -0.5922030817457917]], [[0.5361552917443275, -0.8400767666247011, 0.08251381285543996], [-0.5366101738029829, -0.2637463503206528, 0.8015531074505717], [-0.6516034257933943, -0.47403469163123807, -0.5922027411490001]], [[0.5361554250341265, -0.8400800554248908, 0.08247945613174096], [-0.5365838631883246, -0.263760107213604, 0.8015661941527735], [-0.6516249826183529, -0.4740212087238088, -0.5921898139175062]], [[0.5361544115983288, -0.8400802672232394, 0.08248388658265676], [-0.536595755696612, -0.2637636522992073, 0.8015570663989964], [-0.6516160233542694, -0.4740188607512508, -0.5922015516359735]], [[0.5361580548653724, -0.840075026019724, 0.08251357985774332], [-0.536599177751177, -0.26374096916570317, 0.8015622393927349], [-0.6516102075932672, -0.47404077023131186, -0.5921904132276742]], [[0.5362065825997698, -0.8400420726362234, 0.08253373236267775], [-0.5366087055668116, -0.2637707556171389, 0.8015460595568257], [-0.6515624282343073, -0.4740825926800113, -0.5922095046782104]], [[0.5361882076329861, -0.8400596023304746, 0.08247466597501951], [-0.5365910278571294, -0.2637983178451647, 0.8015488234195663], [-0.6515921077012486, -0.4740361927473752, -0.5922139926977563]], [[0.536191399270115, -0.8400536366125838, 0.08251467119688188], [-0.5365802781499823, -0.26375509298759114, 0.8015702439734119], [-0.6515983336759266, -0.47407081595166833, -0.5921794263681202]], [[0.5361812848632684, -0.840059727538779, 0.08251838540499368], [-0.5366234631780505, -0.2637741969717502, 0.8015350471306316], [-0.6515710924597331, -0.47404939318533124, -0.5922265481143589]], [[0.5361671935163169, -0.8400696122346163, 0.08250931581838672], [-0.5366094812141287, -0.2637604581981431, 0.8015489288634909], [-0.6515942029115517, -0.474039520811385, -0.5922090234376477]], [[0.5361827362307164, -0.8400572199993496, 0.0825344806435831], [-0.5366122119005646, -0.26375191240830964, 0.8015499128189976], [-0.6515791643440765, -0.47406623569699996, -0.592204185028062]], [[0.5361697040982273, -0.8400646645025869, 0.08254336957851749], [-0.5366246944170576, -0.26374121116339266, 0.8015450772575841], [-0.6515796081439467, -0.4740589973708158, -0.592209491027253]], [[0.5361347850852939, -0.8400923674077123, 0.0824882200368734], [-0.536574125077584, -0.2637267645168715, 0.8015836837003909], [-0.6516499831341757, -0.47401794048407964, -0.592164919241642]], [[0.5361636144353712, -0.840071978430041, 0.082508482062364], [-0.536604722152408, -0.2637546877916823, 0.8015540136707253], [-0.6516010671563819, -0.4740385382271668, -0.592202257304137]], [[0.5361233355815498, -0.8400927427714304, 0.08255878261994987], [-0.5366175788110354, -0.2636811196403696, 0.8015696109859599], [-0.6516236207780494, -0.4740426675817021, -0.5921741349941998]], [[0.5361871210741043, -0.8400578927982063, 0.082499139036122], [-0.5366029740218858, -0.26378271549658283, 0.8015459608008242], [-0.6515831638901755, -0.47404790449139883, -0.5922144584372984]], [[0.5361427720212065, -0.8400838333066001, 0.0825232150749457], [-0.5366232415297663, -0.26373602929145235, 0.8015477549738786], [-0.6516029655085245, -0.47402791043404535, -0.5922086756119247]], [[0.5361416490861327, -0.8400825768485974, 0.0825432988838109], [-0.5366089076076223, -0.26370546502360515, 0.8015674070175498], [-0.6516156937884141, -0.4740471408964558, -0.5921792767537034]], [[0.5361416649779224, -0.8400875567633741, 0.08249249690757315], [-0.536608388140136, -0.26375357316027237, 0.8015519262174062], [-0.6516161084966718, -0.4740115500876889, -0.5922073095894039]], [[0.5361546146940103, -0.8400825308346365, 0.08245950841952138], [-0.5365694743681344, -0.26376797093619697, 0.8015732385031983], [-0.6516374976308692, -0.4740124459280296, -0.5921830568217107]], [[0.5361270718637174, -0.8400953642478044, 0.08250782862362299], [-0.5366203278362076, -0.26373497599669804, 0.8015500522044661], [-0.6516182828679666, -0.47400806048565247, -0.5922077102054926]], [[0.5361851601590171, -0.8400553104963366, 0.08253816894111565], [-0.5366269920624689, -0.26376124893018577, 0.8015369454696242], [-0.6515649970764512, -0.47406442480921457, -0.5922212219391266]], [[0.5361535444738822, -0.8400774077377806, 0.08251863884398442], [-0.536608021673328, -0.26373866481737085, 0.8015570770420458], [-0.6516066358040948, -0.47403783149546375, -0.5921966957752706]], [[0.536163103538709, -0.8400669665993823, 0.08256281264741416], [-0.5366309503776456, -0.2637214871696937, 0.8015473787005918], [-0.6515798872744036, -0.4740658908142594, -0.5922036656978391]], [[0.5361451898576342, -0.8400875997721856, 0.0824691463611053], [-0.5365866883210048, -0.2637631242274458, 0.8015633101723619], [-0.6516310776115717, -0.47400615924984046, -0.5921951533776655]], [[0.5361925039864175, -0.8400549602434817, 0.08249401456528854], [-0.5366084745663167, -0.2637962750872855, 0.8015378158725164], [-0.6515742042871144, -0.4740455558492196, -0.5922261960494639]], [[0.5361263528567418, -0.8400996033388907, 0.08246932910098853], [-0.5365535520140668, -0.2637225139019007, 0.8015988532192084], [-0.6516738598360508, -0.47400748109191326, -0.5921470157615277]], [[0.5361845187741066, -0.840056702934415, 0.08252816296234966], [-0.5366123719284412, -0.26375960276745497, 0.8015472751131321], [-0.651577565697525, -0.47406287325935437, -0.5922086355979395]], [[0.5361691023646377, -0.8400700023457992, 0.08249293805064589], [-0.5366102331322118, -0.26377828727089636, 0.8015425583599574], [-0.6515920129707637, -0.47402890874203174, -0.592219927315475]], [[0.5361670680417185, -0.8400687124566388, 0.08251929167771616], [-0.5366094865209996, -0.26375083480072703, 0.8015520919550947], [-0.6515943017884795, -0.474046469761525, -0.5922033522223757]], [[0.5361684005560187, -0.840076808681121, 0.08242816121534835], [-0.5365688538105822, -0.2638093836828378, 0.8015600253264125], [-0.6516266656342407, -0.4739995407139378, -0.5922053056477771]], [[0.5361260308336355, -0.8400930504082029, 0.08253814704978674], [-0.5366062310609612, -0.26369489087569653, 0.801572677498806], [-0.651630748084467, -0.47403446201926613, -0.5921728607163477]], [[0.5361442119456461, -0.8400858113583877, 0.08249371825479523], [-0.5365987455106621, -0.26374760193997504, 0.8015603463166676], [-0.6516219535233337, -0.4740179659308621, -0.5921957426908794]], [[0.5361754197067533, -0.8400639077179188, 0.08251393974345567], [-0.5366040061627917, -0.2637591967409939, 0.8015530092917049], [-0.6515919427619784, -0.4740503318048046, -0.5922028563283236]], [[0.5361797483260242, -0.8400582558844789, 0.08254334743253633], [-0.5366215206936582, -0.26374763371399546, 0.801545088712228], [-0.6515739566722007, -0.47406678056007573, -0.5922094786103459]], [[0.5361807842258282, -0.8400609847847798, 0.08250883873502235], [-0.5366095251939405, -0.26377273127168344, 0.8015448606962745], [-0.6515829832784997, -0.47404798077821436, -0.5922145960899545]], [[0.5361350403791497, -0.8400878525755551, 0.082532529542233], [-0.5366148717967121, -0.26371434884160483, 0.8015604915298946], [-0.6516162197522752, -0.4740328492520749, -0.5921901383725617]], [[0.5361234455275311, -0.8401016260128595, 0.08246762471563102], [-0.5366167861007933, -0.26376761414455974, 0.8015416836343214], [-0.6516241831228675, -0.4739788008962389, -0.5922246366628289]], [[0.5361661164925475, -0.8400694853649314, 0.08251760590322177], [-0.5366475280653079, -0.2637792940950735, 0.8015172578479514], [-0.6515637544758722, -0.4740292646719232, -0.5922507324502869]], [[0.5361630895065808, -0.840071967830412, 0.08251200104407636], [-0.5366304602239509, -0.26376959952226975, 0.8015318755531137], [-0.651580302503528, -0.4740302598288434, -0.5922317301158477]], [[0.5361957520128683, -0.8400485287868201, 0.08253838383718137], [-0.5366239837387327, -0.26376804088265027, 0.8015367244769893], [-0.651558758363148, -0.4740726630929353, -0.5922214910894786]], [[0.5361855033337589, -0.8400634761860155, 0.0824527864477077], [-0.5365998033717871, -0.26382323301739274, 0.8015347483057798], [-0.6515871062537095, -0.47401546145512813, -0.5922360891278062]], [[0.536172480963121, -0.8400657600083277, 0.08251417768773295], [-0.5366149580841728, -0.2637643890328313, 0.80154396874935], [-0.6515853416231625, -0.47404416032661806, -0.5922150594522723]], [[0.536167254118705, -0.8400707582451974, 0.08249725299758137], [-0.5366073587562947, -0.2637704763316513, 0.8015470531069071], [-0.6515959009534982, -0.4740319155469522, -0.5922132427626775]], [[0.5361398171800493, -0.840088280799885, 0.08249713265827219], [-0.5366061156453278, -0.2637458946526431, 0.8015559741564589], [-0.6516195002347428, -0.474014539351453, -0.5922011849002444]], [[0.5361768522228441, -0.840064458364896, 0.08249902382753488], [-0.5366059339658895, -0.26377607359285454, 0.8015461650039453], [-0.6515891763780284, -0.47403996539535637, -0.5922141981031622]], [[0.5361307084454788, -0.8400944957643588, 0.0824930399983953], [-0.5365972596827717, -0.26373545922184427, 0.8015653363575443], [-0.6516342872828971, -0.4740093308527489, -0.5921890828965358]], [[0.5361344234982246, -0.8400920417785227, 0.0824938863226769], [-0.5366021026199754, -0.2637413959061524, 0.8015601409434574], [-0.6516272426810035, -0.47401037691791803, -0.5921959972594257]], [[0.5361370460822013, -0.8400900206259612, 0.08249742458358106], [-0.5366171206106041, -0.26375121864616624, 0.8015468548564373], [-0.6516127175599291, -0.474008493497041, -0.5922134871875429]], [[0.5361923060690345, -0.8400521350052371, 0.08252406549312608], [-0.5366085337787952, -0.26376747323912364, 0.8015472547122969], [-0.6515743183921099, -0.47406658871322194, -0.5922092342049948]], [[0.5361903191448891, -0.840060157035776, 0.08245528616364933], [-0.5365668377821515, -0.26380104238451746, 0.8015641200985136], [-0.6516102901641165, -0.474033693525966, -0.5921959871143727]], [[0.5361481254123631, -0.8400867788459259, 0.08245842361508915], [-0.5365756344575845, -0.26376786004897723, 0.801569151422149], [-0.6516377645005312, -0.47400497889100257, -0.5921887400679706]], [[0.5361632899178967, -0.8400722114032402, 0.08250821881780868], [-0.5366043879908677, -0.26375441445272996, 0.8015543273201412], [-0.6516016093698387, -0.47403827744684046, -0.5922018694515147]], [[0.5361635340059387, -0.8400706214624466, 0.08252281961955438], [-0.5366309979345653, -0.26376005391544743, 0.8015346567767817], [-0.6515794938900514, -0.4740379572504919, -0.5922264585678063]], [[0.5361734304268948, -0.8400661574418754, 0.0825039612691274], [-0.5366291266205491, -0.26378526818381354, 0.8015276119708291], [-0.6515728915222934, -0.474031837970864, -0.5922386205097081]], [[0.5361761717691923, -0.8400658573735149, 0.08248919991268583], [-0.5365917356126326, -0.26377452765327747, 0.8015561788380856], [-0.6516014288651892, -0.47403834637779224, -0.5922020128843299]], [[0.5361930433204836, -0.8400564487081814, 0.08247534952042912], [-0.5365559155200341, -0.26377631464865553, 0.8015795689454863], [-0.6516170422995216, -0.4740540252061702, -0.5921722818324506]], [[0.536149187841993, -0.8400821026836524, 0.08249914621973059], [-0.5365904152581186, -0.26374067772816423, 0.8015682011935155], [-0.6516247191670148, -0.47402839119835605, -0.5921843544947866]], [[0.5361872849240451, -0.8400533917307712, 0.08254389454955752], [-0.5366297449355469, -0.26375963149699366, 0.8015356346682162], [-0.6515609812873933, -0.4740687248007379, -0.5922221980216644]], [[0.5361872790065277, -0.8400577684661327, 0.08249937861146467], [-0.536603254906478, -0.26378282821911425, 0.8015457356635983], [-0.6515828026086552, -0.47404806209542405, -0.5922147297798523]], [[0.5361815734542666, -0.8400639386156601, 0.0824736280616506], [-0.536597114332388, -0.2637979828728344, 0.8015448590829949], [-0.6515925545755271, -0.474028694563703, -0.5922195028466813]], [[0.5361560160646448, -0.8400817404166405, 0.0824584492713536], [-0.5365976274258581, -0.26379067585445787, 0.8015469203815758], [-0.6516131618365518, -0.4740012117608946, -0.5922188265924812]], [[0.5361461811264431, -0.8400791900133098, 0.08254833111646015], [-0.5366001429133183, -0.26369821695321505, 0.8015756589375088], [-0.6516191825667332, -0.474057174697606, -0.5921674054089652]], [[0.5361976420352614, -0.840046832408402, 0.08254337063892475], [-0.5366403762352201, -0.26377684916626537, 0.8015228508520753], [-0.6515437017345393, -0.47407076813965926, -0.5922395727452923]], [[0.5361606897479768, -0.8400758439391054, 0.0824881276243658], [-0.5366154563480989, -0.2637793814723747, 0.8015387014476426], [-0.6515946337849134, -0.47401794727631497, -0.5922258174739203]], [[0.5361545085673328, -0.8400770204494599, 0.08251631751162908], [-0.5366200938349366, -0.26375049812594853, 0.8015451014327879], [-0.6515959007203052, -0.47403193399925314, -0.5922132282492701]], [[0.5361616720361841, -0.8400814471207467, 0.08242465433883017], [-0.5365506782557732, -0.2637936744974885, 0.8015773618050743], [-0.6516471676472118, -0.4740000627622589, -0.5921823278338703]], [[0.536183747845274, -0.8400577361770012, 0.0825226540761208], [-0.5366243599298794, -0.2637729124880299, 0.8015348694644726], [-0.6515683270973526, -0.47405363676144674, -0.5922261937780222]], [[0.5361640349098709, -0.8400731170661948, 0.08249415525874759], [-0.5365783789949838, -0.26374955816945433, 0.8015733364830278], [-0.6516224143353898, -0.47403937447020694, -0.5921780987064724]], [[0.5361543040608702, -0.8400749803837465, 0.08253841269525386], [-0.5366222402861943, -0.26373080050556974, 0.8015501457144882], [-0.6515943012851094, -0.47404650847563407, -0.5922033217863867]], [[0.536172472448937, -0.8400687752276244, 0.08248352972292805], [-0.5366146627838908, -0.26379340917430544, 0.801534616196661], [-0.6515855918245316, -0.47402266840706764, -0.5922319869467694]], [[0.5361405940591855, -0.8400890585358949, 0.08248416290499183], [-0.5365954983331551, -0.26375121982643557, 0.8015613296614675], [-0.6516276042115284, -0.4740101979581671, -0.5921957426908797]], [[0.5361632104178751, -0.8400762577052874, 0.08246752715024974], [-0.5366040621537485, -0.26379293400541676, 0.8015418694297324], [-0.6516019431174939, -0.4740096720623891, -0.5922243987854712]], [[0.5361820292015822, -0.8400690224085581, 0.08241886404703208], [-0.5365703339301044, -0.26383114945458486, 0.801551870638207], [-0.6516142327385199, -0.4740012259129738, -0.5922176369592416]], [[0.5361500034003633, -0.8400830043484497, 0.08248466317245579], [-0.5365784006718874, -0.26374646404055946, 0.8015743400574282], [-0.6516339415547583, -0.4740235737924696, -0.5921780624971051]], [[0.5361630739995323, -0.8400693296015986, 0.08253895772356484], [-0.5365906211218903, -0.2637148817012679, 0.801576550613421], [-0.6516131240263627, -0.4740653780144747, -0.5921675049887467]], [[0.5361632687125719, -0.840076224653915, 0.0824674848329649], [-0.5366040043939374, -0.26379298291631476, 0.8015418920009758], [-0.6516019427164421, -0.47400970341896786, -0.5922243741292827]], [[0.5361787339030266, -0.8400584680135701, 0.08254777785525946], [-0.536633413074296, -0.2637511792907133, 0.8015359601384021], [-0.6515649969744994, -0.47406443205692195, -0.5922212162496112]], [[0.5361707641907493, -0.840069399861408, 0.08248827215793597], [-0.536612471176699, -0.26378580846792465, 0.8015385848657316], [-0.6515888023936142, -0.47402579114159715, -0.5922259551284784]], [[0.5361573809652501, -0.8400752958460139, 0.0825152116019543], [-0.5365866463455428, -0.26372971138639645, 0.8015743323583229], [-0.6516210814577185, -0.4740465553521929, -0.5921738170154041]], [[0.5361762712097922, -0.8400687963591802, 0.08245861734956256], [-0.5365915510317933, -0.26380366000410693, 0.8015467150015224], [-0.651601499041291, -0.4740169262295132, -0.5922190811642822]], [[0.536161450418895, -0.8400747782780242, 0.08249403606222544], [-0.5366034814822662, -0.26376569224134716, 0.801551223102775], [-0.6516038694988071, -0.4740274533163369, -0.592208046852295]], [[0.5361455845260401, -0.8400917339635086, 0.08242445462007203], [-0.5365604503488091, -0.26378702372255663, 0.8015730092992642], [-0.6516523577143829, -0.47398553210175176, -0.5921882471338866]], [[0.5361749820903071, -0.8400661409278156, 0.0824940449190491], [-0.5365895203632389, -0.2637672614881442, 0.8015600528989666], [-0.651604232043353, -0.47404188700334515, -0.5921960943382688]], [[0.5361989335116721, -0.8400508068311074, 0.08249451886853332], [-0.5366021503351666, -0.26379676869878765, 0.8015418872895874], [-0.6515741216136661, -0.4740526413453297, -0.5922206153764791]], [[0.5361487881284158, -0.8400853828494086, 0.08246833641582435], [-0.5365898521176866, -0.2637693185698565, 0.8015591538904117], [-0.651625511772483, -0.4740066414133415, -0.5922008918460809]], [[0.5361645643269515, -0.8400737799659471, 0.08248396313111722], [-0.536592693078121, -0.2637701552827339, 0.8015569767130043], [-0.6516101915219401, -0.47402673911483906, -0.5922016623658638]], [[0.5361368667453813, -0.8400871461453656, 0.0825278558898746], [-0.536617164662262, -0.26372205983496355, 0.8015564195652347], [-0.6516128288380147, -0.4740298113386315, -0.5921963012852928]], [[0.5361470378481324, -0.8400824802316775, 0.08250927350586945], [-0.5366156769222725, -0.2637475274418205, 0.8015490359607311], [-0.651605685279007, -0.4740239109750893, -0.5922088843777644]], [[0.5362137758840135, -0.8400414480247784, 0.08249334611132497], [-0.5366162096312093, -0.2638209891033372, 0.8015245032246808], [-0.6515503281506683, -0.4740557470477188, -0.5922443064967244]], [[0.5361346038049821, -0.8400923321268641, 0.08248975757341748], [-0.5365760445981662, -0.26372653656236206, 0.8015824737830833], [-0.6516485517257453, -0.47401812983731684, -0.5921663428626038]], [[0.5361434817481299, -0.8400886567886524, 0.08246948353197325], [-0.536558178549705, -0.26374058316674365, 0.801589811451149], [-0.6516559583172823, -0.47401682831509645, -0.5921592340440878]], [[0.5361751795698166, -0.8400660518800822, 0.08249366819269183], [-0.5366036073381422, -0.26377804049410325, 0.8015470753142228], [-0.6515924688062071, -0.474036046975019, -0.5922137120696632]], [[0.5361060402204202, -0.8401043889561459, 0.08255258503404234], [-0.5366388946650271, -0.263687542622675, 0.8015532275515543], [-0.6516202961632487, -0.4740184548329701, -0.5921971750235593]], [[0.5361769064815735, -0.8400640408847257, 0.08250292218022465], [-0.5366321906981468, -0.26379150338061785, 0.8015235084828776], [-0.6515675075250131, -0.474032119119179, -0.592244318825451]], [[0.5361771195328964, -0.8400632859605519, 0.08250922415443235], [-0.5366062060049039, -0.2637667706683294, 0.801549044268798], [-0.6515887323814222, -0.47404721945430817, -0.5922088800087433]], [[0.5360933288619947, -0.8401194197857733, 0.08248213896644979], [-0.5365985975000791, -0.26371442286536384, 0.8015713619720555], [-0.6516639378626172, -0.4739768598482457, -0.5921824452124389]], [[0.5361334014117204, -0.8400966872713724, 0.08245321052794152], [-0.5365872833457102, -0.2637685401663269, 0.8015611296527516], [-0.6516402866937937, -0.4739870391204708, -0.5922003237954532]], [[0.5361605605534502, -0.8400696698025791, 0.08255182120822813], [-0.536640491552389, -0.2637367109772145, 0.8015359817932888], [-0.6515741217493372, -0.4740526312137783, -0.592220623337176]], [[0.5361913296921794, -0.8400562691757687, 0.08248831784817084], [-0.5366061393877635, -0.26379899328724216, 0.8015384846106877], [-0.6515770937765482, -0.4740417236479568, -0.5922260844530418]], [[0.5361678903341447, -0.8400643718514068, 0.08255812813123536], [-0.536622489665476, -0.2637239522855566, 0.8015522319700141], [-0.6515829164119162, -0.47406911746789243, -0.5921977498296958]], [[0.5361597265372726, -0.8400752752884443, 0.08250017871812199], [-0.5366028795264842, -0.2637578984598777, 0.8015541907344225], [-0.6516057836785698, -0.47403090917056645, -0.5922031744490768]], [[0.5361444000312136, -0.840089662020343, 0.08245327211042508], [-0.5365985937088927, -0.2637862455454155, 0.8015477315111635], [-0.6516219237754425, -0.4739896374685838, -0.5922184495839281]], [[0.5361245087039304, -0.8400983535990673, 0.08249404491904905], [-0.5366053669226988, -0.2637350219185187, 0.8015600528989667], [-0.6516327120063306, -0.4740027367998788, -0.5921960943382687]], [[0.536174175984943, -0.8400599095076579, 0.08256271219414302], [-0.5366421842276433, -0.263739358751105, 0.8015339772916305], [-0.6515615236600849, -0.47406845400589714, -0.5922218180734369]], [[0.5361835645366408, -0.8400615197134312, 0.08248532122470359], [-0.5365735686268672, -0.2637714228818019, 0.8015693618907463], [-0.6516103057593632, -0.4740477608508137, -0.5921847092424114]], [[0.536148991140301, -0.8400808270214954, 0.08251341327395006], [-0.536616588811506, -0.2637459347488602, 0.8015489495444137], [-0.6516033271182249, -0.47402772701006657, -0.5922084245551809]], [[0.5361533610057989, -0.8400795294160777, 0.08249822869763529], [-0.5366075658024867, -0.2637576482619988, 0.8015511358028443], [-0.651607162181107, -0.4740235091631654, -0.5922075809671159]], [[0.5361481530700556, -0.8400833157352712, 0.08249351842902869], [-0.5366022288474452, -0.26375374402583834, 0.8015559933705856], [-0.65161584231472, -0.47401897128235787, -0.5922016623658641]], [[0.5361542364901046, -0.840079413247355, 0.08249372177137432], [-0.5365955915889791, -0.2637539968696415, 0.8015603534497966], [-0.6516163025745954, -0.47402574674090125, -0.592195732546043]], [[0.5361380584997635, -0.8400897729713981, 0.08249336686648817], [-0.5366052331654236, -0.2637473207668198, 0.801556095683768], [-0.6516216739547462, -0.47401110128053875, -0.5922015449956419]], [[0.5361214933830118, -0.8400930510263797, 0.08256760835798721], [-0.5366413973969929, -0.2636884289988108, 0.8015512603769904], [-0.6516055209500391, -0.4740380554653053, -0.5921977431889625]], [[0.5361360015768458, -0.8400886632387331, 0.08251803264105873], [-0.5366029312456425, -0.26372032809567114, 0.8015665179682194], [-0.6516252619349381, -0.4740280861371718, -0.5921840014398847]], [[0.5361416718275744, -0.8400815709822096, 0.0825533877317941], [-0.5366089853315179, -0.2636959149572771, 0.8015704967726315], [-0.6516156110709842, -0.4740542358537755, -0.5921736880997677]], [[0.5361795792386843, -0.840056963859865, 0.08255759370265531], [-0.5366476645960905, -0.263752915951829, 0.8015258470008744], [-0.6515525634137196, -0.4740661312490619, -0.5922335352811068]], [[0.5361434357522867, -0.8400833142466673, 0.08252418690341079], [-0.536584823629946, -0.2637077294922616, 0.8015827845307407], [-0.6516340563151632, -0.47404457441296766, -0.5921611251339243]], [[0.5361416733776588, -0.8400875572848397, 0.08249243700482611], [-0.536608379214582, -0.2637536311061629, 0.8015519131254155], [-0.651616108935701, -0.4740115169207447, -0.5922073356536469]], [[0.5361470654161478, -0.8