[[0.008359792577908698, -0.5405599818214293, 0.08981682696477186, -0.013582347615032561, 0.0008130633666289964, 0.17990056498950321]]	[[0.07280696401463384, -0.5708373465556569, 0.28498163192712117, -1.2089729494971604, 2.89959259121801, 8.15877931287717e-06]]
[[-0.36620733504208536, -0.23789087435436623, 0.17482806840180284, -0.004817708454972194, 0.007315371241780706, 0.17872737078971207]]	[[0.07280385550320757, -0.570835781124548, 0.2850236073929021, -1.2089830392955023, 2.8996165248366013, -8.528468557017185e-05]]
[[0.3468486358479626, -0.2587073757288967, 0.07660637285608396, -0.00926426922257542, -0.010077719002824143, 0.1809596197589247]]	[[0.0728218182853319, -0.5708292840706622, 0.2849808126472872, -1.2090044907700952, 2.899617315588518, 4.708404783484198e-05]]
[[0.7212102881964997, 0.13729058085440804, 0.0925026103782294, -0.0006688713003852476, -0.019558868988512293, 0.17074218694067878]]	[[0.07281929863574015, -0.570827947093512, 0.28499018415991695, -1.2090031615083863, 2.8995657492392657, 4.531804229589208e-05]]
[[-0.07702039491032886, -0.6638639221257207, 0.13417980207841973, -0.014773937583261513, 0.004475789124239663, 0.18289224522836126]]	[[0.07281111759801404, -0.5708294485705556, 0.2849540937481865, -1.209006421780223, 2.899575535624758, 0.0001395314964098096]]
[[-0.19369474808188308, -0.39040042334014136, 0.023831569550216355, -0.008666835821385551, 0.0030010834096579017, 0.17736374147026612]]	[[0.07280156019930384, -0.5708330546503105, 0.28498202720344373, -1.208986671359411, 2.899625180387036, 2.799375909542809e-05]]
[[-0.21438673079314347, -0.1546470585568088, 0.2954516109485605, -0.003930894500933847, 0.0034165011092123065, 0.17747622556230605]]	[[0.07280236240623164, -0.5708318513539127, 0.28500118130257723, -1.2089475156558045, 2.8996286862229512, 2.775051560129395e-05]]
[[-0.18162847379143718, -0.09166312197787588, 0.1496370874554009, -0.0017457956136802367, 0.004864883944835205, 0.1783857118604896]]	[[0.07282374249318399, -0.5708310864251769, 0.2849768482252443, -1.2090340932070083, 2.8995911965237213, 8.463955831326843e-05]]
[[0.05369452718669615, -0.4330470129805487, 0.10064346559923497, -0.011600494710290652, -0.0016033740215276784, 0.17695219220685568]]	[[0.07280288422157816, -0.5708332136098867, 0.2849925702654261, -1.2089656262440174, 2.8996214956877293, 9.781391705916873e-06]]
[[-0.39423449795998483, -0.5788755337999437, 0.20017934955813896, -0.016634817792517558, 0.009423420361674952, 0.1910120045132197]]	[[0.07280435350576148, -0.5708268972383618, 0.28497723435360944, -1.2089674407286262, 2.899579329444145, 0.00010070980229068564]]
[[-0.13928334200186615, -0.3269275872683043, 0.09026717499222149, -0.006726893759614592, 0.007692311958764299, 0.1820580048815158]]	[[0.07280589589868867, -0.5708325124019595, 0.28499138425145526, 1.2090796234733956, -2.899604709064623, -3.039010555950972e-05]]
[[0.24549134393811503, -0.050248920801750016, 0.15633929932288476, -0.0016535657278798346, -0.008309908501810466, 0.17869349842743634]]	[[0.07280222430030175, -0.5708384221356706, 0.28496470146179975, -1.208990745594052, 2.899635132328639, 0.00010462290731281391]]
[[0.4830440428337691, -0.3316029968009022, 0.13754128695035595, -0.00923312257679511, -0.011542886071774672, 0.17698684093608136]]	[[0.07281807257391333, -0.5708350125468644, 0.28499213918007427, -1.208965115257762, 2.899620488569944, 6.48062824329555e-05]]
[[-0.16476650568949372, -0.2590559648573513, 0.05954578618289645, -0.004650910359449938, 0.008029772892768832, 0.17424296063044123]]	[[0.07279552200737228, -0.5708326263735587, 0.28497295011917134, -1.2089815748424282, 2.899613083680035, 8.388806201721249e-05]]
[[-0.171429429950224, -0.3217918204765402, 0.23147495280575675, -0.0063605732871180164, 0.003053781464441363, 0.1792172167402233]]	[[0.07279185401373069, -0.57083654478253, 0.2849689935713828, 1.2090066483895305, -2.8996244272821037, -0.00012458513508570597]]
[[0.03452418161073076, -0.18711149477074038, 0.14261857842047043, -0.005831621172274616, -0.0020752798981069163, 0.18043824030443903]]	[[0.07280474494200158, -0.5708381862775396, 0.28498163497469364, -1.2090512971645406, 2.8995857402863128, 9.403486336932899e-06]]
[[-0.057562519952360225, -0.4915779681798597, 0.07001836708006892, -0.01319517888075308, 0.0038912304117018027, 0.18438497395236148]]	[[0.07280700542989647, -0.570832092527704, 0.28499138267755675, -1.2089921574285716, 2.8996363398387373, 2.9767157300375048e-05]]
[[-0.038169162586894734, -0.7589583325303463, 0.1422305898470938, -0.021723240294608426, 0.001454961747790343, 0.17717546584024593]]	[[0.0728126702127906, -0.5708300344723038, 0.2849914552760528, -1.2089853503443535, 2.899573631704585, 2.5339434175380018e-05]]
[[0.20738261922741488, 0.027412720343615124, 0.04971622729692472, -0.00819244993414149, -0.007235238657996038, 0.1815810247852445]]	[[0.07281738699670097, -0.5708400785997395, 0.2849703155161001, -1.2090261570715177, 2.8996208776606367, 8.357011768075888e-05]]
[[0.03387052022571101, -0.12266308426253902, 0.30922358843698605, -0.005554731746340465, -0.0035435329035355644, 0.180727279984326]]	[[0.07283257380909691, -0.5708288576204117, 0.28496636312343204, -1.2089901641499534, 2.899583270915277, 0.00010000290810859782]]
[[0.10128484375857333, -0.5350581019840629, 0.16888159160713248, -0.011558765061532417, 0.0010466642509237073, 0.18167474159562783]]	[[0.0728344809869812, -0.5708339060510651, 0.2849817033728746, -1.2090953206486317, 2.8995415917117615, 7.036412173088658e-06]]
[[-0.12363122046972456, -0.26440874273552395, 0.20489619021657846, -0.005330564069795684, 0.0022858504400988266, 0.17707285836881229]]	[[0.07280683602153082, -0.5708281318557994, 0.28499573531119976, -1.2090563808247996, 2.899595753162751, 4.680536651563575e-05]]
[[0.2109335931946557, -0.1672771772615967, 0.07763799754883421, -0.009016509726986527, -0.006139207756332462, 0.174663052270628]]	[[0.07281619289443225, -0.5708394411108312, 0.28498721478473477, -1.2090201557632412, 2.89955998161253, -1.3074472577310037e-05]]
[[0.350587190151242, 0.2964227906311203, 0.07932499153184963, 0.002349143569224655, -0.010628582014546802, 0.17624447200858212]]	[[0.07278884483936003, -0.5708338606630868, 0.2849652082289594, -1.2089812567024434, 2.899612380792694, 0.0001194446249851346]]
[[-0.20295213697561842, -0.28323487099590305, 0.1004975995057993, -0.009473910742086145, 0.002595514205806784, 0.17582797796550073]]	[[0.0728206931483461, -0.5708385964354675, 0.2849782255033396, -1.209012487058391, 2.899588231062546, 4.3405392670597456e-05]]
[[-0.13601719582493574, -0.28599540533496637, 0.02783418271595856, -0.01249840243113739, 0.0013625160365378529, 0.17822524838212087]]	[[0.07281571332197935, -0.5708320126666567, 0.2849927325634496, -1.209039386965638, 2.8996037071086427, 7.877748369462211e-06]]
[[0.35208299259244474, 0.09527743882442086, -0.04264470284381593, 0.00425393274490378, -0.0028193804873544214, 0.1738287163571532]]	[[0.07281061116790015, -0.5708285765100164, 0.28500018957356865, 1.209040502562292, -2.8996059189177146, 6.560423465582242e-05]]
[[0.2704852466702272, -0.10867585902469847, 0.32534803643054744, 0.00394287291646805, -0.0008941547847457214, 0.1753423893106336]]	[[0.07281388585511761, -0.5708401072492819, 0.2849931753298669, -1.208961088256408, 2.8996126677925025, -8.778470098242861e-05]]
[[-0.27728608781390873, -0.5008917513129603, 0.2994082918777795, -0.008603477513592311, 0.008201537184399374, 0.17948275533393812]]	[[0.07281908423482257, -0.5708376245218956, 0.2849544389708015, -1.2089825207479996, 2.899613496015613, 4.453718015436009e-05]]
[[0.08939358080670304, -0.1957373675258003, 0.0945767739408385, -0.011262874915671173, -0.004553477177245175, 0.18172518002927582]]	[[0.07282042138895449, -0.5708377911387047, 0.2849735995118816, -1.2089784261973884, 2.8996036965840086, -1.4378641073688941e-05]]
[[0.0052254502697143684, -0.16987958844386125, 0.08057991858452357, -0.016390439759852132, -0.004889025628683109, 0.17683335446077042]]	[[0.07281477059822063, -0.5708424449131302, 0.28499535868637793, -1.2089793685382537, 2.899605905636744, -0.00012554242569541932]]
[[0.2721452233771221, 0.17558442217385928, 0.06800368869982248, -0.007767572701463509, -0.013369912328777031, 0.17528174587766063]]	[[0.07281329226218335, -0.5708419674696172, 0.28495974152090364, -1.2089992529843852, 2.8996069939906004, 2.493374877629583e-05]]
[[-0.15075640486426262, 0.11086682479423783, 0.23679240196631002, 0.0009708775662850284, -0.002748345852904518, 0.17291152504881238]]	[[0.07280689332046208, -0.5708317392705994, 0.28497878059059867, -1.2090434997040924, 2.8996153570277876, 7.772876154681083e-06]]
[[-0.22365339749725713, -0.27226536867266793, 0.064627607257549, -0.006630532579027547, 0.006119003253353777, 0.17721248761531724]]	[[0.07281707124308734, -0.5708424203442283, 0.28499269938606786, 1.2090104911959332, -2.899629620666914, 0.000143148136163392]]
[[-0.0060284850364981935, -0.3176004274120405, 0.006924570747839846, -0.005240059161174117, 0.004133434495829721, 0.17913909116330834]]	[[0.07282496078624758, -0.5708375659972141, 0.2849792278137367, -1.2090401386314242, 2.8996054655738708, -8.733944321734294e-05]]
[[0.26485058014859075, -0.2125984231545618, 0.205401422955598, -0.0004138913615177814, -0.001843134933776502, 0.1748943881940675]]	[[0.07281284058189508, -0.5708440184832495, 0.28497609779703204, -1.2089885669115237, 2.89962780339363, -0.0001249110997737666]]
[[-0.09260048973224014, -0.5521960624748521, 0.17370060240178498, -0.006797034358676919, 0.005719872887335193, 0.181112006975325]]	[[0.07279907092777432, -0.5708452745292675, 0.2849918734394072, -1.2089546653291563, 2.899643691121349, -0.0001999565428472835]]
[[0.14471599727228845, -0.22301793059199043, 0.020327616490865712, 0.0016461673478517583, -0.0020656937975844455, 0.17523345272438354]]	[[0.07281858717621394, -0.5708464654345708, 0.2849706595372711, 1.208992675972842, -2.8996375891609314, 0.00012359558441881217]]
[[0.2855983776308131, -0.3234388303191464, -0.03151528416510425, -0.0031543692525818116, -0.004684105027937365, 0.17311262566176955]]	[[0.0728300514448671, -0.57084432621853, 0.2849971285630478, -1.209066566836552, 2.899571672438483, -0.00022010115842165107]]
[[-0.20474105075645566, -0.4224242390011988, 0.04759990237434116, -0.011480233408269005, 0.0021842778882900918, 0.17852788546003764]]	[[0.07280780614126227, -0.5708462015424981, 0.2849677284905447, -1.2089834137361264, 2.899617438784453, -0.0001449530396552917]]
[[0.1395881596435517, 0.05605178281602704, 0.11384472399366771, -0.0022330087906489034, -0.004474532843236592, 0.17384412017780027]]	[[0.07282717415526528, -0.570840004682647, 0.2849701096132399, -1.209019557139327, 2.8996027799581805, -0.0001634333370359012]]
[[-0.18458979780524049, -0.2827972181099536, 0.18278933193729668, -0.009204648020841286, 0.0018493899571946537, 0.1820245426882471]]	[[0.07283948919690451, -0.5708471504000022, 0.28494867674406754, -1.2090961712364956, 2.899543683705675, -0.00010863052967335611]]
[[-0.07714760050391528, -0.23497656045957074, 0.0461357457849865, -0.006215578550717296, 0.0005805172342795472, 0.17722398706210601]]	[[0.0728073061507419, -0.5708448053734025, 0.28497237408115783, -1.2089839144765604, 2.8996184972921446, -0.00020095794578340153]]
[[-0.09056548497056247, -0.5575004705563021, -0.021297558422934796, -0.014017138761615675, 0.004119536853325013, 0.1808610758167188]]	[[0.07283237711935088, -0.5708538471543068, 0.284970231593481, -1.209036991295221, 2.8995980639440684, -0.00027642609794230094]]
[[0.186846937152007, -0.46873412674077997, 0.10559663963508745, -0.00433299401315004, -0.0028119027816123, 0.17857665422190114]]	[[0.07279500730516499, -0.5708432308428191, 0.2849474457554645, -1.2089054093502503, 2.8996248518695165, -0.00018316625266019752]]
[[-0.035105581602360936, -0.4379173636476439, -0.012218840977633004, -0.003301162297459302, 0.006336729020059205, 0.17571311151223942]]	[[0.07280380260177673, -0.5708510734872515, 0.284942009939303, -1.2089273846098156, 2.8996290291833646, -0.00020214821072357672]]
[[-0.09828467679660699, -0.5231912617992657, 0.12743253149775907, -0.011393587631026152, 0.005404931349113157, 0.18058089473513464]]	[[0.07283324408973935, -0.5708561369782377, 0.284972708273239, -1.2090207089846767, 2.899605721328024, -0.0003146980416495523]]
[[0.12868987842383245, -0.2952779252733868, -0.07409853167848023, -0.006080106058571626, -0.003354318916335899, 0.17790608947071704]]	[[0.0728382485484933, -0.5708504396735334, 0.2849455580865829, -1.2090195534875763, 2.8996047851373015, -0.0002579037755184982]]
[[0.011905236032329791, -0.5326175579891745, 0.04098189947504676, -0.01450360924453201, -0.0014575876072211447, 0.179909324284758]]	[[0.07281978105316801, -0.5708556342651876, 0.2849224080209409, -1.2090311647036218, 2.8995860796293553, -0.00022026023545972193]]
[[-0.08136667308214401, -0.14957664708299126, 0.07922352713394434, -0.0065237099704606215, -0.004007335115667449, 0.17075517894749476]]	[[0.07282778836616957, -0.5708484608804543, 0.28492157465590506, -1.2090456073987372, 2.899618457816022, -0.00018173408179185084]]
[[0.14852910823415533, -0.16007589381513812, 0.08447513427178184, -0.0024848864006170156, -0.005061547731783688, 0.17712806475835483]]	[[0.07280147553446463, -0.5708515545072484, 0.2849193192458195, -1.2089194501546605, 2.8996584199760567, -0.0002182217243004589]]
[[0.4372996659126248, -0.495713735499366, -0.01439685213330049, -0.006544641142629419, -0.0009370183191046745, 0.17482023569879773]]	[[0.07284230778952255, -0.5708612002860444, 0.2849307297563636, -1.2090548138448867, 2.8995921207685798, -0.00035167109871050436]]
[[0.39254792459442023, -0.34099665736299456, 0.005906526539577329, -0.00044480515297959876, -0.0033141404535460255, 0.1687295319701916]]	[[0.07281058262065163, -0.5708500480331727, 0.2849097501283214, -1.208962776112371, 2.899614508981621, -0.00022026371962826263]]
[[0.02125120532732329, 0.11260423164758493, 0.13517981997646183, 0.008127723832333822, -0.0008494463970589667, 0.1695528934400925]]	[[0.07281057813272045, -0.5708533744654453, 0.28493077055453875, -1.20898477115043, 2.899620448584158, -0.00031335372671894847]]
[[-0.026762320978640328, -0.1972706103665184, 0.0825102173131359, -0.0037848585657668304, -0.0017362905296130025, 0.17785422961415553]]	[[0.07281302605364592, -0.5708599097346705, 0.28490361586273394, -1.2089499665434884, 2.8996344373058838, -0.0002954392828728639]]
[[0.2900501246964893, 0.13632897014420417, -0.024695585821393383, -0.0010572696977902917, -0.005547468263538929, 0.17519070609991635]]	[[0.07281264126025296, -0.5708431317320206, 0.2848928269088007, -1.2089718434404813, 2.899637706634842, -0.0002761539676690404]]
[[0.19095730842536413, -0.553695904275963, -0.03537039916982041, -0.021329961359317647, -0.0061513606602852785, 0.16997663772932262]]	[[0.07282216143628271, -0.5708453589044933, 0.2848884636389096, -1.2089853363062766, 2.899619577492964, -0.0002956316910053195]]
[[0.05469093696998558, -0.1559475548561451, 0.015408772898076462, -0.0056891478712857374, -0.0036351890127847095, 0.17637966190106827]]	[[0.07282449937708772, -0.5708515452590801, 0.2849050255310186, -1.2089862550457142, 2.8996217862967013, -0.00040777904327608154]]
[[-0.03604204871896833, 0.07416746747027696, 0.09078367599890359, -0.001170134649456717, -0.002174118007887487, 0.17750862549365493]]	[[0.07283209301584358, -0.5708528055989094, 0.28488111936652316, -1.209037589894623, 2.8995990379524907, -0.0003524340979665497]]
[[0.01564156561724997, -0.4503099547484547, 0.09081655217869686, -0.011673607970093414, 0.0011132225330745841, 0.17674204388546952]]	[[0.07283052603173322, -0.5708555447031465, 0.2848564606215337, -1.2090637346052382, 2.8996130617321914, -0.00029320130337897167]]
[[0.42837390228185873, -0.04857181476642705, -0.070827065491921, -0.005172052538152079, -0.011058966815404189, 0.1697584168589678]]	[[0.07282267050969773, -0.5708499323236842, 0.28489713657322735, -1.2089915125752715, 2.89963410156838, -0.00048141450349129623]]
[[0.5421543604165913, -0.12528447018871974, -0.08258030745854171, -0.00579155254170103, -0.011295054258340596, 0.17242139959869562]]	[[0.0728059126414293, -0.5708651271525319, 0.28486474517460064, -1.2089324095452485, 2.8995923272227153, -0.00042859444602408444]]
[[0.4279813645053963, -0.054018530455530095, -0.08714438264054626, -0.006392221828805252, -0.0085932230140788, 0.1675733214533022]]	[[0.0728346659494278, -0.5708562182729827, 0.28486471388863716, -1.2090506845327698, 2.899581797837547, -0.0004071937142752349]]
[[0.001785916074457626, -0.12635646002575512, 0.09732206967055965, 0.0005572537589473658, -0.0008603008241728528, 0.17917439305466026]]	[[0.07282508987249041, -0.5708495658001683, 0.2848573211139175, -1.2090166732652965, 2.8995971761153427, -0.000463857646064461]]
[[0.01934874022604202, -0.4869694795528482, -0.056832293744757, -0.0077602088460290925, 0.0053369764368545874, 0.17963072434910282]]	[[0.0728125341996596, -0.5708651711808488, 0.2848579307171942, 1.209028385212988, -2.8996273013821208, 0.0005179735896547728]]
[[0.4786580077182679, 0.04791026894738973, -0.1607571514772033, 0.0016076458389255397, -0.005129502406178633, 0.1780324271057685]]	[[0.07282056192339444, -0.5708606400533061, 0.2848430622747945, -1.2090380922323212, 2.8996019483066306, -0.0005009045851198701]]
[[0.13340629304170992, -0.23517635926129943, -0.06876578976379089, -0.0001288731698151984, -0.0021973970150423144, 0.17307128664477564]]	[[0.07280178607118593, -0.5708608906352536, 0.2848233617662761, -1.20894182382704, 2.8996145100687754, -0.00042747836006181924]]
[[0.04650549921777587, -0.2553012361068018, -0.19749068177456658, -0.0011717648242236022, 0.0015209706276818253, 0.17555179024557205]]	[[0.07283486789435939, -0.570860061625712, 0.28480998243577843, -1.209003212968929, 2.899613827749365, -0.0003888058063679832]]
[[0.15700188830813447, -0.41451896340970196, -0.14973465394725197, -0.006389325900669807, -0.0015585953108408356, 0.17626832526337097]]	[[0.07284428990859948, -0.5708539218205816, 0.2847967584321696, -1.2090817337497894, 2.899607089777509, -0.00044312863382275393]]
[[0.12206132036589659, -0.39133414792525556, -0.25851248547442285, -0.006870246470329402, 0.0015730242517496694, 0.18289861258129989]]	[[0.07282676567897926, -0.5708573851575687, 0.28481044676655787, -1.2089864422579542, 2.8996220444180865, -0.0004442978615109416]]
[[0.21350327333261937, -0.07282428643585301, -0.1902896441301528, 0.000619852112666837, -0.007454612929574155, 0.17035731809831708]]	[[0.07284086417620139, -0.5708569225828762, 0.2847736112618896, -1.2091243457383247, 2.899563531257436, -0.0004068303320629797]]
[[0.04080512159667418, -0.3325474140689807, -0.02109679667027526, -0.0045948264478177445, -0.002470689227712297, 0.17379019896946735]]	[[0.07282430757832745, -0.5708637577741975, 0.2847971968681283, -1.2089600001387781, 2.899609295414951, -0.0005400082409664802]]
[[0.196558582564971, -0.29207564199362895, -0.1764408817716844, -0.006204927197074399, -0.00802253195621896, 0.16802085137304237]]	[[0.07281522003243777, -0.5708686625308035, 0.2847820013134068, -1.20895649312056, 2.8996494115735647, -0.0005380098849575925]]
[[0.11861916929892191, -0.5878000486350448, -0.14156192732841452, -0.011937448822117253, -0.002824186330808948, 0.17901018660018975]]	[[0.07283694801668625, -0.5708620274674521, 0.28477678936472606, -1.2090176634060197, 2.899597638317239, -0.0005206772535914817]]
[[-0.1443553183949352, -0.31175692540988625, -0.11942543226466072, -0.0033611763594401343, 0.004455691347197627, 0.17399547605052088]]	[[0.072825949972601, -0.5708550008658401, 0.2847601099153962, -1.2089697909373855, 2.8996303860063457, -0.0005196409370500843]]
[[0.24917868060350598, -0.2716403416588398, -0.04068286012442844, -0.004786002069242624, -0.007292467702611874, 0.1762907262758815]]	[[0.07282573293535863, -0.5708578348588016, 0.2847178474766958, -1.2089735175963323, 2.8996394059249524, -0.0004231605372945535]]
[[0.045545074112887274, -0.703696614234615, -0.01870389364155066, -0.014997671906780401, -0.0008963062167304274, 0.17003604413249826]]	[[0.07284193294228905, -0.5708562835189669, 0.28469276287053424, -1.2090500573488752, 2.8995799123312342, -0.0003505764095601497]]
[[0.6487590780440018, -0.2825322762272434, -0.28402280250358236, -0.006774584861971993, -0.016073966723850273, 0.1753125593137318]]	[[0.07282250860480101, -0.5708724865075462, 0.2847359669199378, 1.2089763922120529, -2.8996483335619945, 0.000574197573176159]]
[[0.4093033178813124, 0.09370290598381578, -0.15021595909514135, 0.004120015453663389, -0.006201496882590602, 0.16660022994365947]]	[[0.0728196485189571, -0.5708579094567771, 0.28470372398006505, -1.2090032749611446, 2.8996152914732334, -0.0004810085485103484]]
[[0.20595826085594776, 0.011493582053189039, -0.1671092074338684, 0.004171614727807943, -0.0021056593449746515, 0.17048026574458466]]	[[0.07280549420031637, -0.570863498549761, 0.28469866246188, -1.2088815644657191, 2.8996155216275583, -0.0005579577187729897]]
[[0.07361840733664536, -0.18110964739747687, -0.08836600034912089, 0.0024385064958801104, 0.0013567978574061572, 0.1718764353976973]]	[[0.07281071347878436, -0.5708496726535938, 0.284660320246769, -1.2089640285428713, 2.8996163934289676, -0.00038675485917065325]]
[[-0.03143723690634684, -0.44850818872824616, -0.004945218670153555, -0.004599141344414073, 0.00477020541282647, 0.1771382278584606]]	[[0.07284427686244213, -0.5708590071178061, 0.2846720282579216, -1.2090117972035965, 2.8995853226555237, -0.00046251109408008766]]
[[-0.12126347140725979, -0.6365685296146724, -0.08168442769357206, -0.00976213922131823, 0.009866177578616086, 0.1742297373025486]]	[[0.07280442148091021, -0.5708518793208844, 0.28465167662219143, -1.208963474586916, 2.899616987455293, -0.0004048179454189094]]
[[-0.1459622277411439, -0.23421780904695078, -0.06311689633161556, -0.0048935628856324916, 0.002898629125788305, 0.17241398531643176]]	[[0.07282499408185515, -0.5708556393228016, 0.28462921497802973, -1.2089909124021838, 2.899632094685209, -0.00044143159061095424]]
[[0.30028394986982077, 0.0017471542643812121, -0.1337640637632086, -0.0037724305802515298, -0.008560372902910562, 0.16800369149193747]]	[[0.07281802020803604, -0.5708500693551192, 0.2846211978492383, -1.2090503895680127, 2.8995801552407783, -0.0003851750422523409]]
[[0.16565319522509958, -0.07063568428402653, 0.0405463780093238, -0.004745770791589195, -0.0052091369497847045, 0.17167941863607536]]	[[0.07283436028426712, -0.570854834224133, 0.28460201936676927, -1.209033195008651, 2.899587669872297, -0.00040473487798878326]]
[[0.39635016329510175, -0.16797683949028128, -0.12239090005639103, -0.007541495520549967, -0.012093618349028706, 0.17112668239190326]]	[[0.07280677361777042, -0.5708546274632207, 0.2846029228060904, -1.2089592883495117, 2.899606833811542, -0.00046192511551843143]]
[[0.11197912145956657, -0.4632437571137072, -0.07453110853702588, -0.012094647722610843, -0.00207249787479932, 0.17553769743844422]]	[[0.07282666520608375, -0.5708566446332752, 0.2845907406729906, -1.2089862640721993, 2.899620929200731, -0.0004420620782075583]]
[[0.6099049907221381, -0.038077946060021906, -0.1381248259369048, 0.0032435630706853453, -0.011973001504402721, 0.1637677441331247]]	[[0.072809136059539, -0.5708574552361221, 0.2845716262008533, -1.208953787196255, 2.8995938610203487, -0.00038645454849507824]]
[[-0.022814168640352184, -0.29995835161624446, -0.1551067796396545, -0.003190385600196029, 0.0027945214310163987, 0.17238079560630684]]	[[0.07282869284844389, -0.570858635117008, 0.28455481979061437, -1.2089814386640017, 2.8996094169932047, -0.00042299383266980163]]
[[0.34602433271991206, -0.44730842456571573, -0.149387808563769, -0.012766833294321843, -0.011004652276532044, 0.17058206060686337]]	[[0.07284693390441112, -0.5708589429979442, 0.2845583623736272, -1.209037025390271, 2.8995482741738914, -0.0004812594112461703]]
[[0.3646927978356559, -0.4579258465662632, -0.12989842683130834, -0.01005352324365115, -0.004813897839717057, 0.17101297658482023]]	[[0.07281216784649697, -0.5708410524462381, 0.2845146373197624, -1.2089369586899987, 2.8996501504120435, -0.00027012243187699134]]
[[0.29228419584736653, -0.2937331110191578, -0.17126479607453515, -0.008566619638328391, -0.0013496299631690946, 0.1760343528218167]]	[[0.07282701514831612, -0.5708574824067754, 0.2845027729636098, -1.2089509593071062, 2.899633485816163, -0.00036506997903274895]]
[[0.35298512486916284, -0.26891121782897015, -0.044448623262075465, -0.00011158664670993593, -0.004385736128542414, 0.17394325440875272]]	[[0.07283820770938641, -0.5708458641728685, 0.2844769225274548, -1.2090842009426679, 2.899563606050052, -0.0003089459041597296]]
[[0.2095617226114738, -0.3360071193609041, -0.04845915579143232, 0.0004596684215616087, -0.0010741256705132567, 0.16870275025555806]]	[[0.07281846970261495, -0.5708544064674627, 0.2844566408789875, -1.2089670802620425, 2.8996252933913973, -0.0003098726253779428]]
[[0.46386580564009755, -0.4627993738196627, -0.20740162120452568, -0.007407195145304831, -0.005765207877252958, 0.17456416568832575]]	[[0.07282558831759224, -0.5708433124933432, 0.2844514726613489, -1.20897080899728, 2.8995836100937455, -0.0002742396141846616]]
[[-0.27499234726014066, -0.7934542821474015, -0.17374860311586285, -0.014138391213398827, 0.01611569925501554, 0.17713838516901934]]	[[0.07282458230455914, -0.5708603534171148, 0.28445413867259806, -1.2089885471653852, 2.8995796170314043, -0.0004246622258606492]]
[[0.5891312929928945, -0.16549762403865897, 0.018995855193915865, -0.0015654945915173843, -0.011468377634341987, 0.16855720738019334]]	[[0.07282047580307445, -0.5708467700463128, 0.28441250061293777, -1.2089941554585901, 2.899639223156289, -0.0002697357385695357]]
[[0.4211559429153462, -0.026356767951996707, 0.05481694975060074, 0.003946209982477323, -0.01267588751411593, 0.16708233685574975]]	[[0.0728077289240283, -0.5708515573151176, 0.2843973768997392, -1.2089588574821863, 2.899653871777382, -0.00026969259272153996]]
[[0.047607723972734745, -0.46168132510893245, -0.029847674826538655, -0.009014069657487706, 0.002469575411392892, 0.17751775036859124]]	[[0.07282488537964922, -0.5708481756052625, 0.2843751257630818, -1.2089982340464973, 2.89959851283313, -0.0002903967770345226]]
[[0.4079750397784467, -0.2771067635825268, -0.06198281095785851, -0.005516933600781337, -0.006985088079164436, 0.1727959814950636]]	[[0.07280896166172902, -0.5708479504091568, 0.28434633358695316, -1.2089139138333742, 2.8996435096734556, -0.000158868341024678]]
[[-0.27715553266863746, -0.5460915198966824, 0.014523172415637525, -0.013734092261704176, 0.005895615651264831, 0.17757760294173738]]	[[0.07282651521211629, -0.5708368876910718, 0.28432195441162966, -1.2090187307150495, 2.899598815718108, -0.00012107072749966068]]
[[-0.05718099340296727, -0.2779019037604537, 0.10237653754053812, -0.0067108781939288, 0.003154118750740923, 0.1668864455381584]]	[[0.07279284581947967, -0.5708361050324656, 0.2843210930188252, -1.208904791585266, 2.8996212997912023, -0.0001586720877851176]]
[[-0.18518371782741905, -0.4287353232238849, 0.14741946785087062, -0.008103697946722365, 0.0028745820903212493, 0.1744071297768805]]	[[0.07280199921050495, -0.5708361180241964, 0.28428332476658486, -1.208871040416851, 2.8996860785009755, -0.00010034803510552414]]
[[0.11790473513792815, -0.2333173048462785, 0.10993937727797028, -0.010220506231295251, -0.006067516964021909, 0.1695741171972369]]	[[0.07280724911156385, -0.5708398581822943, 0.28427212404247726, -1.208908826399366, 2.899631035201568, -0.0001019608500785527]]
[[0.10423140586155866, -0.1900856382476837, 0.1309061459397762, -0.009042057659749055, -0.0023440642527038638, 0.165866874604054]]	[[0.07283098638542292, -0.5708366506099422, 0.28423452784683634, -1.2090255331286637, 2.899618893436446, 1.3243228362296563e-05]]
[[-0.3294062855444356, -0.34043901376706787, 0.381565251405458, -0.012965236429103617, 0.00713611756362178, 0.16899213781151476]]	[[0.07281466034286786, -0.5708310094479002, 0.2842557610641552, -1.2089408813615317, 2.899656822450457, -0.00010096388223374933]]
[[-0.3204812751291101, -0.40068589340657157, 0.27519595543984865, -0.00948048223240796, 0.010804405598617303, 0.16922492119565263]]	[[0.0728290402275891, -0.5708313096161972, 0.2842014432436976, -1.2089747412866234, 2.8996407640177484, -2.620881206996404e-05]]
[[-0.33469422756675193, -0.46239462169583495, 0.27260043208726037, -0.011990936868623495, 0.007222614814422455, 0.16735110622100507]]	[[0.07281475283894326, -0.5708276691195701, 0.2842104877401612, -1.2089523436683765, 2.899637522019348, -6.325609677464474e-05]]
[[0.02652578161081945, -0.4908168503016474, 0.14909715031492243, -0.013164424410345911, -2.8818384359325516e-05, 0.16213792320875203]]	[[0.0728046136942177, -0.5708361048576566, 0.28416706564599364, -1.2089115598677576, 2.8996393052076943, 3.062369071292588e-05]]
[[0.2781767847258098, -0.1325278100445124, 0.1258996770181383, -0.007031450053365961, -0.004475003494273449, 0.15974596605752983]]	[[0.0728277038684464, -0.5708261621095939, 0.2841657944789905, -1.2089622986977604, 2.899566415776378, 8.504961623743982e-06]]
[[0.03064969946124539, -0.22153959700409187, 0.09602011713290934, -0.012968178336361044, -0.0009655545615744211, 0.1581305434112619]]	[[0.07280453481430837, -0.5708304352969207, 0.2841346952717493, 1.2089380832865737, -2.8996556902557042, -5.0347548916674265e-05]]
[[0.18561133903643046, 0.32031433716848584, -0.013165660931573998, 0.008064836136007952, -0.0019278924888012443, 0.14963528196116144]]	[[0.07280130175210726, -0.5708305199116435, 0.284115123924895, -1.208948519106129, 2.8996361097272314, 4.952582835034568e-05]]
[[-0.3349008558795159, -0.4029293782995398, 0.1860030194128639, -0.006522482001814724, 0.011419010940475212, 0.15857201879806823]]	[[0.07282234450891298, -0.5708288220633176, 0.2840880434832122, -1.2089647563199746, 2.8996283648056407, 8.709141795633866e-05]]
[[-0.360268916331486, -0.7067542349383377, 0.12726490946281196, -0.012659133432983591, 0.014949097636787985, 0.1485351572133736]]	[[0.07282403516639901, -0.5708265597407489, 0.2840662437683354, -1.2089372343655005, 2.899613061151558, 0.00012369286663813228]]
[[0.14720613169474134, -0.38942344509780974, 0.03912723130621027, -0.0039038293624702788, 0.004008818334543279, 0.13413345519392075]]	[[0.07282554983150732, -0.5708271658267049, 0.2840373714842328, -1.208844797298027, 2.899638549195892, 0.0001229725048703999]]
[[0.0015733355381393754, -0.5009015347190318, -0.009622362656097512, -0.008626836986989848, 0.006426020062872834, 0.12907499169542552]]	[[0.07278042091151596, -0.5708387717225821, 0.2840094045507024, -1.208746160937838, 2.8997424904001963, 0.000220005385665661]]
[[0.07643533729891158, -0.12618742959593246, -0.1479173395803606, -0.00550664644265806, -0.0006372513443552207, 0.1213759281574733]]	[[0.07282959237509279, -0.5708311113169687, 0.2840001097898119, -1.2088372849857845, 2.89961310545345, 0.0002141004791842008]]
[[0.15174113211299112, -0.03277784284975572, 0.18762673768540417, -0.0010487504260666698, -0.004367804086705566, 0.11211673748986659]]	[[0.0727968327846811, -0.5708149745691903, 0.28399749394923224, -1.20882424208903, 2.89967226269739, 0.00014296422641045094]]
[[-0.12525959780489607, -0.0789599194608238, 0.20817481051411985, 0.004096830667856727, 0.0021859241002842975, 0.10555774845287345]]	[[0.07279526921659486, -0.5708298910369265, 0.28395541650557776, -1.2087198865714086, 2.8997143309484286, 0.00019929008339680598]]
[[0.3050861646987267, -0.23453631868616254, 0.1834464064076086, 0.0005127537401196471, -0.001962259372915063, 0.11457388630153517]]	[[0.07281514634106839, -0.5708284824264832, 0.2839383057482165, -1.2088465283723957, 2.8996735529661177, 0.0002359816737705664]]
[[-0.21552282485954866, -0.32608241298004503, 0.39727564403289406, -0.007799259917653854, 0.008946226445320565, 0.12204281462837109]]	[[0.07281049374682663, -0.5708228972877286, 0.2839257669353957, -1.2088559787692101, 2.8996958543564264, 0.00023762163109804002]]
[[-0.2648456647892904, -0.12784544652690738, 0.28270079069174653, -0.014321286761813858, 0.0013082039321406736, 0.11790124734762496]]	[[0.07281506900155682, -0.5708275623366789, 0.2839171856064635, -1.2087498601829207, 2.8996366122978623, 0.00019502247653177315]]
[[0.008701859994181826, 0.07827554106394433, 0.37891510725335614, -0.011869281632891766, -0.006143543722877934, 0.11523439337960782]]	[[0.07281721299179328, -0.5708339243902426, 0.2838779281644154, -1.2088462639487165, 2.899672940321428, 0.00025500975100685143]]
[[-0.3019846302667141, -0.29363665754672336, 0.21931999845444866, -0.01874990183019696, -0.0014462838722185036, 0.1195372761849735]]	[[0.07282571968522789, -0.570818524272553, 0.28384588496466095, -1.208828967927929, 2.899677855737817, 0.0003487183202778481]]
[[-0.10530771187419151, -0.1263752325977761, 0.30460199878715355, -0.013502196997612483, -0.0010125394594878096, 0.11719608762445516]]	[[0.07279867896293664, -0.5708266739611283, 0.2838588447541722, -1.2088160502741614, 2.8996992889435673, 0.00023525065236704818]]
[[-0.29486903182322816, -0.4619687758185948, 0.3051161723996103, -0.017251543839835376, 0.008107137656830944, 0.12220415678092787]]	[[0.07282623566195871, -0.5708233719884446, 0.28382222088031794, -1.208867744191518, 2.8996754386980843, 0.00032984880862396373]]
[[-0.05215657077728053, -0.5497020890893765, 0.14307818865741725, -0.015499895994757925, 0.007265825564496035, 0.11971859087729389]]	[[0.07280369735480594, -0.5708264096311526, 0.2837854397969031, -1.2087616478745575, 2.899666490023055, 0.00036475302777669153]]
[[-0.23608065708832177, -0.41622311398461703, 0.34786948717700417, -0.01214407236265788, 0.004784703262744028, 0.12088987633951728]]	[[0.07282438218794395, -0.5708080313340593, 0.2837678642900634, -1.208870457612776, 2.8996330694053287, 0.0004027071985592835]]
[[-0.10534943966277667, -0.2821067242216941, 0.13112824033238576, -0.007216514232409163, 0.0031458651835881498, 0.11557958194222805]]	[[0.07280589069850178, -0.5708198882082303, 0.283742579751575, -1.2088571383169675, 2.8996518107185727, 0.0003857302367856309]]
[[-0.5291898334112443, -0.44426060972800424, 0.25124780043147105, -0.008054987608549226, 0.007443397351437356, 0.11604144797627003]]	[[0.07281595770379427, -0.5708202278967148, 0.28371868073533085, -1.2087962441204831, 2.8996500312249243, 0.0004397841889329249]]
[[0.05883771029421103, -0.09599980519349352, 0.19357747404844577, 1.394288292751926e-05, 0.0016691180393436688, 0.12432243783066155]]	[[0.07282127182805022, -0.5708186562783596, 0.2837222342237655, -1.2088535441435553, 2.8996411997651013, 0.0003451468911834999]]
[[-0.41712045693068406, -0.41340189471788485, 0.38719335991140813, -0.004445736451176092, 0.015359115776574134, 0.11854760604263705]]	[[0.07280445583688898, -0.5708192900564858, 0.2837167734333139, -1.2088278566761272, 2.8996785620087167, 0.0003073685255001458]]
[[0.1750787779456994, -0.29441552978417534, 0.21390915733594748, -0.0037458471880887313, 0.003764977257172764, 0.11573791805352208]]	[[0.07281209870993648, -0.5708164581106527, 0.28369329247200226, -1.2088066520883662, 2.8996743695697282, 0.00030683420320497826]]
[[0.19363071105100202, -0.001990995140856572, 0.12981281498919794, 0.004034487085928506, -0.00036978190701988044, 0.11983202323033866]]	[[0.07281803508016949, -0.5708236266063029, 0.28365995244549713, -1.2088716124506558, 2.8996842809654244, 0.0004022029455589885]]
[[0.37064220537518966, -0.5626075858442342, 0.010786986673222166, -0.01134644222511285, -0.004397009353447867, 0.12745259209331655]]	[[0.07282959445483647, -0.5708216764113234, 0.2836748901127377, -1.2088202591570558, 2.8996565572362685, 0.00026868544410535693]]
[[0.47034952744219666, -0.09934590847878519, 0.13869917273442744, -0.0026791347423078165, -0.00595540550034559, 0.11798312425886497]]	[[0.07281134551189036, -0.5708274339597139, 0.28364221699595044, -1.2087965993243475, 2.899652514474367, 0.0003052955039503755]]
[[-0.3939349619364624, -0.6160091109107408, 0.20149214450076028, -0.017001015666141425, 0.012199347972828274, 0.12604269120648207]]	[[0.07281762038429933, -0.5708154360720687, 0.2836121554694794, -1.208845274155116, 2.899669477386312, 0.00036451752501349066]]
[[0.09494544155637988, -0.1624304221087618, 0.17870141954472135, -0.0062866319002383144, -0.001084216025786428, 0.12155364921403002]]	[[0.07281442005520708, -0.5708190349981553, 0.28361264255622176, -1.208819888176645, 2.899657222307416, 0.0002306746368693265]]
[[-0.17441937658005835, -0.16028670943018294, 0.270762526286318, -0.009328952035594515, 0.001064140036409724, 0.12310743761584136]]	[[0.07280431876520149, -0.5708309353240868, 0.28358291687583603, -1.2087503166230036, 2.8996852813521707, 0.0002672566907246302]]
[[-0.44588903486241227, -0.1587783812725492, 0.2832083359766054, -0.011988452595498859, 0.005697683437438178, 0.12492642978143256]]	[[0.07282294144390994, -0.5708261223820142, 0.2835583034092984, -1.208841186559461, 2.8996597581373593, 0.00028649461358131514]]
[[-0.3277165162756245, 0.13369414301310142, 0.267653836923471, -0.007884290095056925, -0.0011169759756936054, 0.12927585808495326]]	[[0.07281583420436044, -0.5708261044563131, 0.2835536534991767, -1.2088416803382245, 2.899660787477233, 0.00022997216453917192]]
[[-0.38278333471490744, -0.17702828125811645, 0.2219446339404563, -0.0165088691946995, 0.0024342264470250787, 0.12105067540055253]]	[[0.07280257552086575, -0.5708295342819165, 0.2835373022311662, -1.2087716674801354, 2.899689484129221, 0.00024830916971341243]]
[[-0.16815322535580463, -0.020925361595081002, 0.10167266517483063, -0.012003311110195794, 0.0013343763369850978, 0.12748948750674904]]	[[0.0727887915256888, -0.5708307077464927, 0.28352266332163084, -1.208737574137457, 2.899704857543968, 0.0001928135314411697]]
[[-0.18820425166451682, -0.2357739585500425, 0.05643018675754049, -0.016012985089772856, 0.0029639446454373672, 0.12148898891823647]]	[[0.0728300383882979, -0.5708258092267996, 0.2835212846402693, -1.2088595890084408, 2.8996548743142156, 0.00015323226949160937]]
[[-0.23457286864508392, -0.39018179529483177, 0.163347937008944, -0.018008115327819842, 0.005360047584674566, 0.11966004083095262]]	[[0.07280972391678923, -0.5708156182614691, 0.28351662313604614, -1.208771909818517, 2.8996409176515443, 7.46388534316697e-05]]
[[-0.206121404775864, -0.06548699219895038, 0.1065318427207645, -0.011712072646717727, 0.0038891796982218783, 0.13163618193654]]	[[0.07281951105613323, -0.5708356985458576, 0.28348383458462323, -1.2087913728541362, 2.8996840040759704, 0.000114576506383867]]
[[0.19064301718108895, -0.3707269187794852, 0.02098987472610969, -0.013596380670334753, -0.002244884364352163, 0.12702503790175057]]	[[0.07282953055166096, -0.5708276702403022, 0.2834791623871143, -1.208882081285767, 2.8996598651393644, 7.879419818760922e-05]]
[[0.6094559181550174, -0.1720372307428854, -0.07612046216769931, -0.006156056369943931, -0.005798705089314105, 0.11748349781033943]]	[[0.07283314472699458, -0.5708305482233997, 0.28344716839272543, -1.2088213418636582, 2.8996584322284296, 0.00011272942229834367]]
[[0.16213497148021122, -0.27689973595125117, 0.068540447689835, -0.006159449473112281, 0.0037834825137314267, 0.11471688001375642]]	[[0.07281894760247026, -0.5708442964695147, 0.2834497646291189, -1.2088575872503755, 2.8996984447683976, -1.6328627955032073e-05]]
[[0.007033855989263441, 0.06192120585060787, 0.032451972444113804, 0.0014058890556178003, 0.003942304942165126, 0.1180573954129361]]	[[0.07283418611945544, -0.5708399235491703, 0.28343449091389117, -1.2088319281669635, 2.8996835695237233, -5.559186499930125e-05]]
[[-0.04216784830796408, -0.2474623884929517, -0.009484676686411352, -0.002387589521264121, 0.005189871376651227, 0.11761017553597604]]	[[0.07281700655018726, -0.5708451822755917, 0.28339346938593873, -1.208838579145598, 2.8996530740849393, 1.9698724783054157e-05]]
[[0.2019097344853937, -0.28022121533431904, -0.22953892315712973, -0.0059787332346508855, 0.002928702466653261, 0.114763442100115]]	[[0.0727966306484224, -0.5708320808892932, 0.2833819683032339, -1.2087738249834112, 2.8996937162336534, -1.7489647316357144e-05]]
[[0.5496530452473878, -0.5249502244711864, -0.0507142832379705, -0.0038645358197434572, -0.0038854170616595927, 0.12317319246505624]]	[[0.07282694158128682, -0.5708463348759129, 0.28340560817640875, -1.2088412110570594, 2.899707447621422, -0.00018637102847041172]]
[[0.33150267682126533, -0.4010753461925764, 0.02330673266236989, 0.003456586889810875, 0.005963402102673472, 0.11993919857421381]]	[[0.07280731902754264, -0.5708537842792938, 0.2833578201220058, -1.2087316438594438, 2.8996883704548337, -0.00015123897075526856]]
[[-0.38412285726327705, -0.4173168263945964, -0.03693163816530524, -0.0012992709652370456, 0.016476143556101913, 0.12525243486377638]]	[[0.07281881129648807, -0.5708393733463745, 0.28337169381139216, -1.2087914435191938, 2.899638768940538, -0.0002254929375655531]]
[[0.08532902602897585, -0.47499145641998086, -0.12576921115834858, -0.008844411658214204, 0.006590732116852921, 0.12356428134347464]]	[[0.07283701568175377, -0.570859448852923, 0.2833388513843755, -1.20884065356115, 2.8996578303151894, -0.00024382319759961584]]
[[-0.02954053064120865, -0.5419900718106659, -0.041434242234489646, -0.013363194976731026, 0.008097916102264888, 0.1280132641120312]]	[[0.07284703392940182, -0.5708583784230646, 0.2833181694844176, -1.2089063278653556, 2.899669150351795, -0.00022247822936806235]]
[[-0.06867266801776008, -0.1711832529898919, -0.09162772342387962, -0.005082195826846672, 0.0009899264424263242, 0.12162245340562428]]	[[0.07281308844466121, -0.5708532863692335, 0.2832999295293715, -1.2088056020169744, 2.8996726127314925, -0.0002615223193092753]]
[[-0.052944160164680454, -0.4883939539770342, -0.028014891097399738, -0.010276480585850132, 0.00675459734051996, 0.11892349938649356]]	[[0.07281030041609875, -0.5708491822380263, 0.28329160257213487, -1.2087411006681064, 2.8997123280262898, -0.0002599672679592773]]
[[0.07169906148657168, -0.44080398801068077, 0.18958944589211435, -0.003126563177354668, 0.0036846692325419577, 0.11436824877245172]]	[[0.0728364396616145, -0.5708577233231923, 0.28325357885981395, -1.2088067111462437, 2.899671496651206, -0.00024225381179872687]]
[[0.21822477632900855, -0.6338346709249866, 0.10436843230490002, -0.002394320377959268, 0.000659892977700884, 0.1139279132483384]]	[[0.07281976875130616, -0.570852495341117, 0.283279020323216, 1.20881350992874, -2.89968887489171, 0.00040628194108070857]]
[[-0.06576108855199492, -0.6266051701991842, 0.20032960437261096, -0.004535172591792319, 0.006901976214959852, 0.1199397000978655]]	[[0.07282218243802795, -0.5708514087909392, 0.2832343807188735, -1.2087794983694633, 2.8996584369057308, -0.00033579315553946106]]
[[-0.019852820488062556, -0.45929983902272403, 0.056128119743864016, -0.002842110388240203, 0.0043591984252193995, 0.12220096388235999]]	[[0.07281068913168624, -0.5708433054876582, 0.283202101335662, -1.208765916675076, 2.8996743620481102, -0.00020134399107750488]]
[[-0.00795951374942186, -0.45087373082302473, -0.010769379485720796, -0.002836978916691658, 0.006613498136824344, 0.12075717381270913]]	[[0.07281655597141329, -0.5708589913284136, 0.28318028854642235, -1.2087313544676477, 2.8996891461776766, -0.0002214651779151943]]
[[0.3022909916128206, -0.6166514627528299, -0.17392092584682206, -0.009674158506667634, 0.0014186146533707684, 0.12659873708902245]]	[[0.07280975182221879, -0.5708509273587331, 0.2831548413154149, -1.2088138928718934, 2.899692061230785, -0.00016346601099725738]]
[[-0.3626476300838303, -0.57477337961315, -0.10516055826065107, -0.008178605998307734, 0.014765915266021563, 0.12797695315918506]]	[[0.07282302446199473, -0.5708509435738521, 0.2831526278320451, -1.2088727102005512, 2.8996830458807703, -0.00025686597280650956]]
[[-0.005493065382827511, -0.8322015800589013, 0.07352201070716155, -0.012882396254141205, 0.008318173145565995, 0.12173125933616974]]	[[0.07281149855074279, -0.5708520874668206, 0.28314285165923636, -1.2087409314937638, 2.899711584638268, -0.0002576658582259959]]
[[-0.0666109511681521, -0.5642779800001023, 0.03905149518457134, -0.005193413804355091, 0.002891718916672851, 0.12067838719529532]]	[[0.07280482275275695, -0.5708498728797888, 0.2831181955850255, -1.2087368566288732, 2.899699812184004, -0.00023892347163172715]]
[[-0.29385322472985065, -0.43334888650119957, -0.13506948020967652, -0.0034639407954654556, 0.010481830797139303, 0.1203595699706042]]	[[0.07280242651162863, -0.5708468253028903, 0.28309250254224577, -1.2087231771148246, 2.899717447706678, -0.0002008787324853256]]
[[-0.34798610118048645, -0.6860858479885038, 0.12663525551110372, -0.012030830931126928, 0.01233591638207534, 0.12021158157209536]]	[[0.07282117002718184, -0.5708484915186651, 0.28308940624266216, -1.2087267338685523, 2.8996775517807643, -0.00024028773253780743]]
[[-0.4337059507243688, -0.6842050549154013, 0.16543371181819144, -0.014359644471644246, 0.012689374343428279, 0.12301875443701014]]	[[0.0728217106460776, -0.5708635992780692, 0.2830632408347703, -1.2088144924781112, 2.899693451942389, -0.0002570647617757508]]
[[0.10625208832828051, -0.4018655188876063, 0.12122072711148263, -0.012017331661910395, -0.0011530991835676145, 0.12496849258245891]]	[[0.07283731996090392, -0.5708473590078796, 0.283059302983411, -1.2088668311633508, 2.8996707212049473, -0.0002187938593126749]]
[[-0.18760656802598327, -0.38402239074212824, 0.16253665398624925, -0.015499859317646298, 0.0025229756087866645, 0.11720247716352365]]	[[0.07281870898636743, -0.5708460125890233, 0.28301472772811254, 1.2088209571270936, -2.899706414587129, 0.00012296624624758056]]
[[-0.3357330864526234, -0.37987452318962694, 0.06255986649130907, -0.017417198621927213, 0.008308521784252872, 0.11992826862680005]]	[[0.072803228341152, -0.5708557791783556, 0.2829884207719589, -1.20878361154138, 2.89971639387352, -0.00012402779203617]]
[[0.12621601884363545, -0.43808781813106284, 0.045569732774448195, -0.014925139113925703, -0.0015853460132185205, 0.12167264321556055]]	[[0.0727847047005619, -0.5708530439632152, 0.2829687852398126, -1.2087008212832395, 2.89971238881301, -0.00016354101539673433]]
[[-0.07736104248127021, -0.3762322055177084, -0.05236393325257489, -0.012249759810114053, 0.005554108722937896, 0.122761579981632]]	[[0.07281101910698269, -0.5708505189345372, 0.28295915916252434, -1.2087745485746608, 2.8996945147984055, -0.00016301417891401607]]
[[0.04113303132791235, -0.6050418501798006, 0.039341786374125644, -0.014199830180660029, 0.0018136079809608673, 0.11899822686305206]]	[[0.07282536776355607, -0.57085340052564, 0.2829293361100601, -1.2088138603923215, 2.899689633291739, -0.00010578549395143815]]
[[0.17603290394063006, -0.5355584004843792, 0.22309111270624526, -0.011549239014380795, 0.003949023657683122, 0.1212044852708191]]	[[0.0728025092889382, -0.5708501626459191, 0.28290729626214906, -1.2087267908319907, 2.899725802722243, -0.00010597947395169417]]
[[-0.48338004196765594, -0.4527412048102559, 0.16133826307477783, -0.008882300972930997, 0.017358390193336896, 0.12329047863293727]]	[[0.07282986471822524, -0.5708497910880754, 0.28289207030724783, -1.2088359351236018, 2.89969365485787, -0.0001052432673175789]]
[[-0.4025449740578706, -0.44456468714536196, 0.23668433731518623, -0.01567038016572866, 0.011235486954944533, 0.12331496324727598]]	[[0.0728382318690591, -0.5708427907628862, 0.2828650751455368, -1.208838753891365, 2.899651836289968, -5.099176748104328e-05]]
[[-0.5340484351363702, -0.6358208815755726, 0.2793315438156788, -0.017975575741288007, 0.013595321240879095, 0.12295664136590631]]	[[0.07281636316659526, -0.5708558896936401, 0.2828483996640161, -1.2087886336419837, 2.8997261088987356, -0.00010650474095759255]]
[[-0.4638897164525484, -0.32887122794178547, 0.23119590867357717, -0.012422004630857502, 0.014196357685164697, 0.12309329287339488]]	[[0.07284396108936428, -0.570851118814221, 0.2828389593689569, -1.2088131578002625, 2.899637362845759, -0.00011065455859664167]]
[[-0.38705305891065817, -0.2603055923872742, 0.2593747137218826, -0.010817033951284527, 0.010228625191306186, 0.12306999907518815]]	[[0.07283979265814822, -0.5708570970055676, 0.2828231086462024, -1.2088190134581744, 2.899701660233202, -0.0001631841405172028]]
[[-0.597425816804635, -1.1065579074042449, 0.3973933807619044, -0.024559147265545454, 0.01624063389791254, 0.12896770327091278]]	[[0.0728307735367081, -0.5708505470649753, 0.28278637661939804, -1.2087900405262348, 2.8996325001180474, -5.2151709841696154e-05]]
[[-0.39595072112627017, -0.2703393708701842, 0.12048255352392954, -0.006533410920357632, 0.010762481932720792, 0.1254400608344846]]	[[0.07282314960089521, -0.5708507109578819, 0.2827621956941906, -1.2087660536676927, 2.8997204631872058, -3.1069385388047386e-05]]
[[0.2733623030983159, -0.33800992517928763, 0.2678657163665279, -0.013974957025709774, -0.005784412760016397, 0.12699281098879014]]	[[0.07281012952995011, -0.5708547139335911, 0.28276269151913885, -1.2088005527696624, 2.8997077555672757, -0.00010583844834299565]]
[[-0.37731064683871274, -0.4361844979801044, 0.21421267525650384, -0.018285522989353764, 0.00399834797454049, 0.12412799674835599]]	[[0.07282566639388108, -0.5708607803576793, 0.2827099127900582, -1.2088222066584473, 2.8997092827752318, -1.0809427222766722e-05]]
[[-0.04243194531164046, -0.5050773020977293, 0.21886828508452844, -0.02029287043590379, 0.0014497950266034176, 0.12065463011750738]]	[[0.0728330559305108, -0.570851140080813, 0.28269633225263513, -1.2088253871843349, 2.899668217883292, 5.545119415182049e-06]]
[[-0.16007933566540059, -0.597081240279234, 0.040920396467692334, -0.02141981557515525, 0.005157854472792442, 0.11949438260497448]]	[[0.07282466371380937, -0.5708546206104502, 0.2826786575500893, -1.2087830795704095, 2.8997125550085734, -1.3591582029209785e-05]]
[[-0.4960203866183084, -0.8126057821144279, 0.3792496300333153, -0.019609070728213003, 0.01392739703667655, 0.12401883885158807]]	[[0.07280957566098488, -0.5708496227850018, 0.2826299431662091, -1.2087249517044831, 2.8997209878122816, 8.01680637130285e-05]]
[[0.15979607326220885, -0.6670468114419822, 0.11400667063091019, -0.013250618543918818, -7.875164048751996e-05, 0.12272616948431467]]	[[0.07283562596391553, -0.570857869659526, 0.2826358268556331, -1.208791040894938, 2.8996831080944414, -3.33967532958816e-05]]
[[-0.5868302000590758, -0.5498731828717583, 0.03215506502357515, -0.00896758084696061, 0.01939185907675446, 0.11740491408623065]]	[[0.0728259774250259, -0.5708580614969655, 0.28260576097337664, -1.2088004526778224, 2.8997036322156715, 4.534374356320467e-05]]
[[-0.33698841042404226, -0.49325884067671744, 0.12331133700135993, -0.008610039781971918, 0.013190477204586586, 0.12021218840696277]]	[[0.07281732864095826, -0.5708634569016676, 0.28260111993452014, -1.2087683883549114, 2.899679448595169, -3.290576465789006e-05]]
[[-0.16929353723278234, -0.031160108404754222, 0.17103854101395832, -0.002937084183299802, -0.0013035560374175196, 0.11464021228444943]]	[[0.07279000131192144, -0.5708579190223003, 0.282541004038724, -1.208712370916803, 2.899737516779621, 0.00015658884815790346]]
[[-0.1974366055183561, -0.3498356794770774, -0.08127432868083435, -0.015781193980138636, 0.007149026943525247, 0.11647575741132721]]	[[0.07283033161684889, -0.5708626398990078, 0.28255198487551325, -1.2087734867870186, 2.899689582217427, -1.4515729963968947e-05]]
[[-0.5205139645071875, -0.30953298173346255, 0.16053141066085808, -0.005920278699338319, 0.00974543007017115, 0.11973376607273184]]	[[0.07283226111098466, -0.5708643127419663, 0.2825601339047231, -1.2087878045564358, 2.899673238475638, -0.0001268653710356347]]
[[-0.3639712600078577, -0.6442128768061959, 0.11767163416871469, -0.010875191760862353, 0.010168992382545, 0.120118452701394]]	[[0.07283041991315341, -0.5708594512836435, 0.28249898517613203, -1.2087682138748272, 2.8996769186235136, 5.9897433725784325e-05]]
[[0.3091516864163856, -0.1576860442831826, 0.06813915442188334, 0.0005942561730110001, -0.005882192757758071, 0.11436753588609647]]	[[0.07284952021618435, -0.5708533294698355, 0.28246501075353736, -1.2088373890044162, 2.899646206387939, 0.00013568607648945332]]
[[-0.14168158032406217, -0.35207641982299476, 0.1008989899002406, -0.005685600090270627, 0.004349085659486684, 0.12360207972598886]]	[[0.07282513562160801, -0.5708555607116268, 0.28244179995327834, -1.2087995452111149, 2.899701103175045, 0.00013728756072071087]]
[[0.268108691231943, -0.15109823682165763, -0.08251082383733718, -0.007227161370348004, -0.004100176217350825, 0.11296239121929608]]	[[0.07282782725332788, -0.5708573392527969, 0.28242279306273865, 1.208815779794085, -2.899691087743688, -0.00013932431208927846]]
[[0.022085229562658293, -0.38725976645801213, -0.1320347990523049, -0.007032356983182584, 0.002124863081147343, 0.11133535875941389]]	[[0.0728070549058772, -0.5708718497854259, 0.28241087558465994, 1.2087366420896701, -2.899748780782633, -6.347512476500524e-05]]
[[-0.2576928678585937, -0.42074571306911324, -0.05071647043874294, -0.011053867853263547, 0.007059561601502626, 0.10878857738402403]]	[[0.07282318671640158, -0.5708700970685313, 0.28237551124788596, -1.2087633998767962, 2.899715843518858, 0.00013830173188837533]]
[[-0.25544620548672736, -0.35226311925646725, -0.18476376062086775, -0.014793028521820484, 0.004385315096573442, 0.1187460689153017]]	[[0.07283118078466226, -0.5708715435918933, 0.2823847490683191, -1.2088169285700856, 2.8996961722923293, 2.21746350274582e-05]]
[[0.058789280810211245, -0.3017077251842343, -0.07124911754129648, -0.014102651509875816, -0.003252539967496972, 0.11195371894421023]]	[[0.07281346671765034, -0.5708717926736195, 0.28234336015405465, -1.2087327339268208, 2.899690937569195, 5.9482065099371495e-05]]
[[0.3808345987975071, 0.14684603428151385, -0.02439662675217315, -0.0010751863427812787, -0.007526611691098352, 0.10960469993050684]]	[[0.07283874289155007, -0.5708691604672502, 0.28230702020183573, -1.208792953069111, 2.899689357090952, 0.00015523071055640122]]
[[-0.26668467791496303, -0.12519315252587876, 0.054754556101960304, -0.0004082807470977513, 0.007393653342274934, 0.11139388570382089]]	[[0.07282896837652274, -0.5708688893543683, 0.28229934886201674, -1.208785728984489, 2.899720328510954, 8.144698849665006e-05]]
[[-0.14308148080740477, -0.12983589478321972, 0.03202609339526287, -0.0032619755490897514, 0.006397496794063803, 0.10938608305603358]]	[[0.07285198522208516, -0.570878619708117, 0.2822829260249671, -1.2088196905693949, 2.8996544252069896, 5.8722158956517245e-05]]
[[-0.2730302311464965, -0.08213843988340529, -0.07639108041029244, -0.007008953082766684, 0.008755921286060763, 0.10946330902623978]]	[[0.07282741160482545, -0.5708674719579073, 0.28223321086497205, -1.2087780797456844, 2.8996556288818987, 0.00018974481704893168]]
[[0.1685745143715919, -0.2309334947286234, -0.32387284780917386, -0.015140642651436761, -0.0010653186685397617, 0.11029112311751448]]	[[0.07282125927045315, -0.570880174507515, 0.2822280308639588, -1.20868960289602, 2.8997333427249186, 9.7380820046503e-05]]
[[-0.0026271929606186684, 0.2962834738530171, -0.07092573045614585, -0.0021970723893541956, -0.004055646597293223, 0.1072902635580308]]	[[0.07284134867504229, -0.5708847443948485, 0.28220825387536647, -1.2086763452961478, 2.899701750961092, 1.981230465356247e-05]]
[[-0.10669396438109954, -0.04089715474635494, -0.048106313228885575, -0.005945020466107167, 0.0004093431777166625, 0.1051275996567272]]	[[0.07283054443561557, -0.57088244773622, 0.2821921652259164, -1.2087537040107175, 2.8996943913936515, 5.8476939395184064e-05]]
[[-0.021786218255425302, -0.16354017858344783, 0.007577800325490434, -0.005229311235422116, -0.0012257108010449735, 0.10482022881061541]]	[[0.07284959791977372, -0.5708753586988659, 0.28215392217489704, -1.2088060975608994, 2.8996719315879114, 7.68087651579022e-05]]
[[-0.15697432033963366, -0.10815979872760134, -0.1643619850811067, -0.003419900389051307, 0.0012579566549376646, 0.10511017942526739]]	[[0.07282910320162564, -0.5708853902316896, 0.2821345443888793, -1.2087284777780043, 2.8997309764194834, 5.8420406871922547e-05]]
[[0.2693044459175225, 0.1293675779927596, 0.001538383229621495, 0.0005743356878887699, -0.00726409424877065, 0.10323371407626898]]	[[0.07284175684038524, -0.5708802663429443, 0.2820892561138309, -1.2087633985590185, 2.8997153193374383, 9.686898614039393e-05]]
[[0.2716366822912397, 0.27005780700403653, -0.08887569090463866, 0.0007776156943164175, -0.009801626844428302, 0.0995617112257948]]	[[0.07284913250867633, -0.5708896920981628, 0.2820783013757922, -1.2087833278834452, 2.899668190369374, 7.495300468917561e-05]]
[[0.025409750276637333, 0.14518608341288364, 0.018573628136373383, -0.002515098198484349, 0.00601024204192821, 0.09464545802498252]]	[[0.07285208789955976, -0.5708818613119526, 0.2820274239026256, -1.208803922858913, 2.899670597538969, 0.0001487374838041992]]
[[-0.09416590468413874, -0.17907427129348152, 0.13181249847511287, -0.009100250913066071, 0.0011578287954874637, 0.09692812335612891]]	[[0.07283884408534426, -0.5708914324838533, 0.2820261467462828, -1.2087281627469284, 2.899730164357756, 7.645426154688996e-05]]
[[0.12815070592455144, -0.3096112632013103, 0.010572487881773592, -0.010206718574348649, 0.0012660739057954971, 0.09264325960001361]]	[[0.0728247975003745, -0.570889198696785, 0.2819906266876126, -1.2086691216481513, 2.8997403090865084, 0.00011379062037541543]]
[[0.1560877917317956, -0.3828554239518786, -0.047068333510422236, -0.006953504187305478, 0.0008492219564083061, 0.08324587729097307]]	[[0.07281897413648823, -0.5708960735501114, 0.2820029269354268, -1.2086573606620545, 2.8997625042604325, -5.5776948730148915e-05]]
[[-0.1376208942979839, -0.653757598897788, 0.07791544615062608, -0.015078423692916267, 0.004447800287326798, 0.08135193161778766]]	[[0.07282969514532123, -0.5709021342966306, 0.2819486469902074, -1.2086346879485428, 2.899757027545379, -5.68965408544847e-07]]
[[-0.14417144177357152, -0.4797752619607707, -0.017319357968613672, -0.012335632494748401, 0.004495521113863943, 0.07379864148355779]]	[[0.0728536475480839, -0.5708823230642065, 0.28193097245522425, -1.2087296698264716, 2.899690631386184, 3.655041482217235e-05]]
[[0.4621894549769313, -0.14712383533964254, -0.04344238038836643, -0.005980253501934551, -0.0071481017699010635, 0.0636689878758547]]	[[0.07284161776998271, -0.5708985373187273, 0.28191243803406923, -1.2086237189190399, 2.899775220340302, -1.7524757285017216e-05]]
[[0.18491241624559973, -0.0078030892223679565, 0.041751103322042044, -0.004216031407879158, -0.006001241944559971, 0.06519467689250492]]	[[0.07284653338077457, -0.5708944138917226, 0.2819066679289861, -1.2086186355113897, 2.8997125775219024, -5.8762414909287616e-05]]
[[0.24446452648745384, -0.02368394892039194, 0.03427384331914878, -0.00431109980288014, -0.008961141853794995, 0.06306467749545974]]	[[0.07286316134599562, -0.5708988628873989, 0.2818578679006302, -1.2086594453933972, 2.899759670355347, -2.2572388462995407e-07]]
[[0.3250196636589278, -0.08950384574824513, -0.018398201613453215, -0.007067603913702487, -0.01367692109754386, 0.058941654370209554]]	[[0.07283426782676401, -0.570898532417361, 0.28183838197126543, -1.20862522210019, 2.89977466294128, -3.8037970449171674e-05]]
[[0.10270345882928877, 0.3093809141401075, -0.0989654697328084, 0.005691721089376728, -0.0019607050902030435, 0.06816105150305565]]	[[0.07283054344858642, -0.5709040258815657, 0.2818240093971803, -1.2086217015184464, 2.8997642988905645, -0.00011308058741902492]]
[[0.34168554209315355, -0.27953776195897406, 0.006264553708455258, -0.007765367750375646, -0.0031092899703187475, 0.06517201992964602]]	[[0.07284702380434048, -0.5709058049216358, 0.28180174668553015, -1.2086521207824286, 2.899738152323957, -9.321166697571312e-05]]
[[0.18313364168412555, -0.4506256927864227, -0.08911844442540999, -0.007715317236164692, -0.0002438746717872177, 0.06199783965331264]]	[[0.07284128792143195, -0.5709041305492005, 0.2817583714980609, 1.2086165226364936, -2.8998003821874168, 1.5200809644968494e-05]]
[[0.5916915116178547, -0.3395707463683292, -0.1137758121989466, -0.007144352599930905, -0.010453295913433388, 0.06357356451201861]]	[[0.07283487541624074, -0.5709121273665388, 0.28175875034496667, -1.208581670299064, 2.899767690570771, -0.00011053386653107893]]
[[-0.25843941729810305, -0.66418156657117, -0.02558848095448904, -0.01201057070701543, 0.01275512715836707, 0.0699036585396096]]	[[0.07283381675723563, -0.570912641716315, 0.28172889485955255, -1.2086213567894903, 2.8997635111693056, -9.223615998015547e-05]]
[[-0.4966978533937826, -0.6440605239115601, -0.035855212328042965, -0.007985527804344854, 0.017642390518398658, 0.06960654356949489]]	[[0.0728374831896135, -0.5709102546844873, 0.28168653840410524, -1.2085949848541384, 2.8997993294134092, -3.343133504597024e-05]]
[[0.09306044478509506, -0.4208201576684264, -0.17062009706604173, 0.000491054025130837, 0.005173270820109897, 0.06589630413606387]]	[[0.07285774833600717, -0.5709098159074097, 0.28166867452494715, 1.2086509943321548, -2.8997856492223244, 5.162501913352304e-05]]
[[0.39332865725442595, -0.1461379338937323, -0.240679562945378, 0.009458100719998537, 0.0016033923374735096, 0.06558900394727013]]	[[0.07283099702630631, -0.5709118965382387, 0.28166581840428495, -1.2085959679710934, 2.8997996357213887, -7.040014245718215e-05]]
[[0.3720696636197964, -0.5980436722744119, -0.26632694360001236, 0.0007455076691943886, 0.0042129728797846875, 0.0680564701116683]]	[[0.07283957371841539, -0.5709088268233612, 0.28163461842024196, -1.208586232943846, 2.8997763578138858, -3.3961009990934304e-05]]
[[0.17417515630197047, -0.4797832183623132, -0.24538343056920187, -0.0035099634390099435, 0.006131718555614202, 0.07122831758701448]]	[[0.07285550793454466, -0.5709159971754282, 0.2816172530411676, -1.208661232987631, 2.899759694525128, -8.909178268789695e-05]]
[[0.48126951802450774, -0.3460339978057322, -0.23957362102205693, -0.008113774558336142, -0.010649701947585025, 0.06581892674009233]]	[[0.07284680049197968, -0.5709185440060669, 0.2815902506230116, 1.2086518327391953, -2.899785712260917, 5.042767915852713e-05]]
[[0.045638170239695935, -0.390037023303054, -0.32189655045689647, -0.010664587356067103, -0.0013075636030502125, 0.07001279960093786]]	[[0.07282600302427339, -0.570903793163408, 0.2815650454470695, -1.2085592462043129, 2.8997601582675285, 2.1205148057930243e-05]]
[[0.2903035795249391, -0.0968927861728205, -0.22283046676641755, -0.0016110581418688394, -0.004082139420651688, 0.0609989304327107]]	[[0.07285807904933594, -0.5709192287796929, 0.2815715765774327, -1.2086055284379957, 2.899770092880966, -0.00012727122514692767]]
[[0.3701807542271321, -0.20623499270168352, -0.2353342533495071, 0.0037049893025339693, -0.0020895108535472807, 0.0664560424750195]]	[[0.07283782650979925, -0.5709299743684693, 0.2815190565189508, -1.208578058100414, 2.8998055540164147, -3.272336387780797e-05]]
[[0.26833800776285804, -0.3523259822063455, -0.1649517877002828, 0.0007922557575470717, 0.00015495026535243642, 0.07476495570637258]]	[[0.07284343740680232, -0.5709155330085726, 0.2815148004180587, -1.2085650211953296, 2.899772105628242, -5.332588552489114e-05]]
[[0.32825064515273983, -0.4957940310030547, -0.15400154620239592, -0.003593437017321691, -0.0007682454220560716, 0.07079572721068092]]	[[0.07284949688101922, -0.5709030921786281, 0.28145687089790483, -1.2086133782697273, 2.899788351335289, 6.130336438175424e-05]]
[[0.47960928261501923, 0.07636878008538131, -0.22793369854626097, 0.006390986811471804, -0.003424642217800641, 0.0651839888713151]]	[[0.0728474283132503, -0.5709063166418875, 0.2814527058903805, -1.2086513538289847, 2.8997337037042605, 3.995167106522834e-05]]
[[0.3040985658939579, 0.005584945723865642, -0.3095324099502105, -0.001688874192697005, -0.005634247588519224, 0.06749969171217178]]	[[0.07282674490781256, -0.5709192413853746, 0.281409696811792, -1.208543376009913, 2.899817288608213, 6.26025423711581e-05]]
[[0.3148865839737449, -0.30662625964275103, -0.2125295643787101, -0.008079268448148802, -0.0030104697256357607, 0.06561240348799265]]	[[0.07283839181561105, -0.5709175983729335, 0.2813910253394187, -1.2086111794950831, 2.8997368391713603, 5.775005308241394e-05]]
[[0.24493210511933278, -0.21609680426969324, -0.2814265236068602, -0.0065978111349559825, -0.005312431765830785, 0.06497133562152865]]	[[0.07284232358622783, -0.5709056692889923, 0.2813560190159228, -1.2086229399003654, 2.8997162708362114, 0.00017146919640891547]]
[[-0.09444755009173408, -0.42653742362823766, -0.03591221021836253, -0.0061202556544670255, 0.00993594852850592, 0.07003933144677436]]	[[0.07283749953309587, -0.5709082715178411, 0.28132050660251073, -1.208565391090271, 2.899726236554639, 0.0001896239304146484]]
[[-0.3443052059884908, -0.4903394795177317, 0.04222528973056896, -0.005171032052465278, 0.013525107065778386, 0.07567652670097523]]	[[0.07284730253850444, -0.5709024584466807, 0.2813014791566427, -1.208576043240807, 2.899747604141939, 0.0002095093576815997]]
[[0.3522349425008777, -0.36071088547613084, -0.08787702614245708, -0.005540548110734648, -0.0045859008462544905, 0.06849555203929046]]	[[0.07283141916230071, -0.5709125384136747, 0.2812643847860731, -1.2085757269022572, 2.8997992754509205, 0.00023137838378382733]]
[[-0.1537688325563164, -0.1084346039847132, -0.05149298747711213, 0.0011886968058290666, 0.005008305875327967, 0.07543724812352472]]	[[0.0728409145637724, -0.5708956454779298, 0.2812675420302032, -1.208658951146377, 2.8997513687142393, 0.0002492901667837504]]
[[0.11765839495966522, -0.2904521369583323, 0.0514324605094004, -0.007894123037067942, 0.001493711532805348, 0.07558097593949839]]	[[0.07285365222743723, -0.5709070126688262, 0.2812290017802269, -1.2086363195995642, 2.8997479584565613, 0.0002096093341111058]]
[[-0.08497234371219894, -0.40049897638787313, -0.009929600759860177, -0.013470687691017794, 0.0027779849034522772, 0.07288170309582398]]	[[0.07286238064015542, -0.5709078243185934, 0.2812296654728413, -1.2086323405503847, 2.899738393472834, 0.00013384793998571858]]
[[0.20269779426125084, 0.023785973638196775, -0.14674268866962345, -0.002233249283141543, -0.005228427038077084, 0.0689135603552598]]	[[0.0728308519193874, -0.5709074707338875, 0.2811945285709302, -1.2085365384535638, 2.8998023393113326, 0.00023017761668541004]]
[[-0.046534362595819, -0.5606948188073538, 0.07977050694752327, -0.015607369214431215, 0.004038464657272045, 0.07250291109183654]]	[[0.07284959623222241, -0.5709063664448921, 0.2811751675427202, -1.2086328412176948, 2.8997879179595474, 0.00023150814962807055]]
[[-0.0677578912241445, -0.29271869609180096, 0.08893319040085645, -0.007440901588823053, 0.0023471214364973957, 0.07024134351560428]]	[[0.07284233615210996, -0.5708992496540766, 0.28114435612568894, -1.2086059473137547, 2.8997720154875988, 0.0002860355330988437]]
[[0.09313299275356395, -0.27149179513322763, -0.05907218908716164, -0.006849801082086631, 0.002624269622846401, 0.06839067383948108]]	[[0.07283544299247986, -0.5709006521166314, 0.28109026963047157, -1.2086212965236875, 2.8997622492155193, 0.00041833251678344275]]
[[0.19833679673573654, -0.11421910787693842, -0.06296189279431262, -0.0024146166573929748, 0.0011585023131719667, 0.07412709985580573]]	[[0.07283853720059176, -0.5709019432553595, 0.2810910195680588, -1.208647092028291, 2.899726855036986, 0.00034182784966453193]]
[[0.5240361296428089, -0.15883811289326366, -0.06709105093956204, -0.004300805905022526, -0.007162918256554911, 0.06617139805966313]]	[[0.0728441289977409, -0.5709003488924143, 0.2810946569286771, -1.2086013804177775, 2.8997609684378025, 0.0002470042212210255]]
[[0.18632286321668226, -0.02420155217216252, 0.10214666853026733, -0.004089112581314442, -0.004699621371534337, 0.07516629225814327]]	[[0.07286472105154777, -0.5708948116952033, 0.28106187618918926, -1.2086654078069254, 2.899719919042584, 0.00030373791306552287]]
[[-0.2241865405618769, -0.1522465874483083, 0.10307934729276635, -0.007943322351316716, 0.0047473985364457506, 0.0721553814360023]]	[[0.07284185500827839, -0.57089418278712, 0.2810345590705101, -1.2086354619377584, 2.8997451641153615, 0.00030378807552994773]]
[[-0.09594407103405372, -0.09453506615543959, -0.10493782338395806, -0.004011747854603398, 0.0033690575744442994, 0.07382244402771744]]	[[0.07283543490993456, -0.570893456550577, 0.28099543408441563, -1.2085776389436929, 2.8997544752996838, 0.0003782051988028429]]
[[-0.037581265629997015, -0.05429076109488547, -0.11194152630401939, -0.0023603198666538585, 0.002978448899798199, 0.07046831562335175]]	[[0.07285002667541061, -0.5708846797876993, 0.280978396934339, -1.2085756029566073, 2.899795727612072, 0.000323476223917554]]
[[-0.22280066030159085, -0.0872774714442199, 0.10185245365110641, -0.0040281911177306624, 0.003351336273277989, 0.06860590105833789]]	[[0.0728724519666362, -0.5708874964729828, 0.2809515754115367, -1.2086792771585524, 2.8997507221737298, 0.00039833215681237075]]
[[0.03538086485852429, -0.37903605004670443, -0.07202789025222979, -0.014601452369616956, -0.0025497750029745223, 0.06816626954285121]]	[[0.07284478679215758, -0.5708793087404211, 0.2809559118028209, -1.2086312426788777, 2.899734422260026, 0.0002649661970140985]]
[[-0.18460735361336458, 0.05458472639047472, -0.049280878502074764, -2.869521266986449e-05, 0.0014490192223829432, 0.06233562831969465]]	[[0.07282503703108835, -0.5708879239150477, 0.2809211131096521, -1.2085483717890182, 2.8997791841610825, 0.00037843214734811217]]
[[-0.20211679112388586, -0.05049222372630752, -0.17935627086424616, -7.254523933127727e-05, 0.0040653809415942665, 0.07333707979259034]]	[[0.07282834112800443, -0.5708750122180408, 0.2808702856160099, 1.2086315221026898, -2.8997832827935643, -0.00047337158026421595]]
[[-0.42211572713534046, -0.16887099368173794, -0.0009408342578607962, -0.0031642926355657237, 0.010708336743098403, 0.07205674648096065]]	[[0.0728250813757174, -0.5708914391222036, 0.2808647637548274, -1.2085352874731632, 2.899798241628606, 0.00035838420636503075]]
[[-0.17588243136409834, -0.16267146959132098, -0.025367424687209934, -0.0012051775411361229, 0.007781416110348299, 0.07610826361793163]]	[[0.07285084424857004, -0.5708763064728805, 0.28084416742102797, -1.2086649280693593, 2.899717726047138, 0.00035767120192260917]]
[[0.11339517909128044, 0.041697706887355857, -0.20093755436713745, -2.0337311542748026e-05, 0.00014511466764144078, 0.06487470309746149]]	[[0.07282873652020862, -0.5708854257990902, 0.2808240750737899, -1.2085572036732473, 2.899801808472565, 0.00035815220194709455]]
[[0.08206780464879823, -0.053573880705530125, 0.11696525825641171, -0.003616807028432748, -0.0010021090757810797, 0.06650591003690984]]	[[0.07283498329615164, -0.5708753749471179, 0.280791675358501, -1.208668881136391, 2.899727056099056, 0.0004317343732382112]]
[[-0.566881557976084, -0.38975190462672066, 0.15275434474615915, -0.01088025209520857, 0.010947782820793946, 0.07528494691163162]]	[[0.07284531752453749, -0.5708717337518417, 0.28076521124986853, -1.2086439262477737, 2.8997641941060306, 0.00041466256692383686]]
[[-0.18786630958502964, -0.09621668394621793, 0.03150921780986439, -0.010591780994281371, -0.0013870387513854696, 0.07146634433070313]]	[[0.07283306159959275, -0.5708770819890016, 0.2807326141792391, -1.208592387305825, 2.899784703192817, 0.00045096242617809873]]
[[-0.13494160475130718, -0.3444224229541393, 0.0004378994217618722, -0.014172361138898823, -0.0026655189670980314, 0.06883990146722556]]	[[0.07281485863464657, -0.5708672086221693, 0.28070114007547486, -1.2086082058719578, 2.8997774849345035, 0.0004696668115851887]]
[[-0.09067134829259253, 0.22270024856082046, 0.012512867451315905, -0.00045756965489226185, -0.00031016897008768037, 0.06997669231603693]]	[[0.07284068370225484, -0.5708712263877112, 0.28071573583941406, -1.2085839415560846, 2.8997659928369472, 0.00026169456832297205]]
[[-0.3813262562558257, -0.45833854839671967, 0.03739539209785727, -0.011508044734598651, 0.011485677399226618, 0.07242272290692792]]	[[0.07283076142706765, -0.5708741220635164, 0.28065430331056695, -1.2086137166833064, 2.899788738699738, 0.00043209893920835113]]
[[0.06082666365268639, -0.14456062848837406, 0.08484196225537588, -0.003634307100436856, 0.002693776856921468, 0.06730831562343657]]	[[0.07284514588632533, -0.57086751715236, 0.2806708249209484, -1.2086574932397698, 2.8997475602976177, 0.00029937767290755816]]
[[0.11425875315405913, -0.15787585474068488, 0.1124078451929108, -0.01121895396780646, -0.003057215447680133, 0.07012249610170634]]	[[0.07281026261648971, -0.57086679437339, 0.2806440027597721, -1.2084959972490694, 2.899800060598534, 0.00035384043655091815]]
[[-0.3653222071413676, 0.09270199600070961, 0.0874117314326333, -0.011681069395799232, 0.0005390562267131496, 0.06985186555131993]]	[[0.07283048708295263, -0.5708730980674198, 0.2806147665998752, -1.2085631118915037, 2.8998129159176167, 0.0002789893478608425]]
[[-0.33356056912468546, -0.06216983348485344, 0.07871584268016978, -0.015494368928689866, -0.0029972294140825527, 0.06829910843967116]]	[[0.07284017008319736, -0.5708696095741476, 0.2805911585261636, -1.208635555744646, 2.899743471315091, 0.00027756883318115407]]
[[0.14849010570786733, -0.1470890652065884, 0.18539959761688293, -0.009895592083032145, -0.0049121113103314795, 0.06825575834347652]]	[[0.07283831289834682, -0.5708714971766558, 0.280562711735522, -1.20862764794144, 2.89977298507521, 0.0002775186727515208]]
[[0.6247619204823632, 0.14712830506889246, 0.07833747392429982, -0.0022708752401939926, -0.01230495123623522, 0.06911749576072945]]	[[0.07283181925162321, -0.5708731093285782, 0.2805337993240996, -1.2085757146497254, 2.899794350472869, 0.00027769245329826975]]
[[-0.08231347693251145, -0.11878955422395256, 0.09481401544424191, -0.010532658246774625, -0.002143099308892677, 0.06942677277356435]]	[[0.0728468844471499, -0.5708717775978934, 0.2805390149413045, -1.2086414052928696, 2.8997571196341414, 0.0001470068641469362]]
[[-0.36407658644072866, -0.05504201849281687, -0.006030386877081583, -0.010565979860658093, 0.004130344885561024, 0.06987051765903729]]	[[0.07285204302575393, -0.5708595116178392, 0.28051881578695476, -1.2086327886284107, 2.899734267836048, 0.00014470631951182334]]
[[-0.005956108971136045, -0.06243257913459662, -0.004089506893455754, -0.014980557876522811, -0.00137547336049928, 0.07505773594112053]]	[[0.07284083132966974, -0.5708710756373028, 0.280460223478031, -1.208635736903927, 2.899743539080614, 0.0002408530102074743]]
[[-0.10390483035408, -0.15371652479044742, 0.0771421651126466, -0.010906326231537707, 0.001604004024758388, 0.06416664353604322]]	[[0.07285570974348787, -0.5708659159275259, 0.2804359680269508, -1.208660933715385, 2.8997066828364098, 0.00025785321807921685]]
[[0.03330955366842889, -0.46347972208955657, -0.06010887015680286, -0.012197287713069929, 0.0026930393686601323, 0.06466323309326223]]	[[0.0728435721731187, -0.570862676706944, 0.2804229317729661, -1.2086933891806366, 2.8997334206298517, 0.00020405048930091286]]
[[-0.0017945124697081871, -0.5078290754324708, -0.18525106870381475, -0.006136177648515999, 0.005994389181662678, 0.06968167940476935]]	[[0.07284291638998786, -0.5708764089681113, 0.2804028116455493, -1.2085849135597904, 2.8997673696803568, 0.00010936457785239943]]
[[-0.0898228438623821, -0.6419215579419804, -0.14692708905448573, -0.0023666416929716072, 0.011861086455629104, 0.06931479745923334]]	[[0.07282736381666947, -0.5708736808298617, 0.2803942798892481, -1.2085676535709382, 2.89977447758791, 0.00011057695136559642]]
[[-0.023216014175700794, -0.36988495573510083, -0.06411611675009243, 0.00674200406186872, 0.012095511181134423, 0.07313352471192855]]	[[0.0728269500082602, -0.5708630055107585, 0.28034714866324084, -1.2085988840054245, 2.8997983204196593, 0.00020696304940749042]]
[[0.3341980034973655, -0.7459525178986807, -0.0846499978268266, -0.0032619560307733816, 0.005076097409659267, 0.07241739470260992]]	[[0.07282161158407338, -0.5708841804252981, 0.28033016175780856, -1.208524366923299, 2.8998185494123856, 0.00011154675567855716]]
[[0.4101496710750001, -0.36681102394500903, -0.09839934875733358, 0.004660379603862532, 0.001183784139872154, 0.0617555897409863]]	[[0.07282392274198386, -0.5708712338162043, 0.2803096236397367, -1.2086276156072298, 2.8997739359414707, 0.0001702994446531629]]
[[0.1840132401899393, -0.5770955438566913, -0.04889568408765085, 0.00010136665904869266, 0.00795470231855286, 0.06772024815287983]]	[[0.07283793327812786, -0.5708731083089204, 0.280283195437129, -1.208616591339809, 2.899792153800307, 0.0001332025356033299]]
[[-0.12202373791924383, -0.10019521140598206, -0.21919302460227613, 0.011132442947281546, 0.011106090496610946, 0.06419423598324688]]	[[0.07281851357245074, -0.570882553204876, 0.28025590254213123, 1.2085311505706888, -2.8998345080755277, -0.0001528191547812825]]
[[-0.10426721249137808, -0.4572593053546311, -0.20848295998604707, 0.004350672592187374, 0.01127603367483207, 0.0704684955844785]]	[[0.07283536247695996, -0.5708695961282281, 0.2802097129552722, -1.2085499225204899, 2.8998286485938216, 0.00022953993368883018]]
[[-0.08818674023940906, -0.3416078566143297, -0.26146333077114353, 0.001061417901283238, 0.00852135514135964, 0.07491632431409324]]	[[0.07284350871574387, -0.5708688322490606, 0.28023451009494627, -1.2086162392039645, 2.8997929610981257, 9.754257231343724e-05]]
[[-0.10181175186659175, -0.36788808551296504, -0.11838029821313259, -0.00501744287145651, 0.006488606536563314, 0.06475356137164724]]	[[0.07283515308641958, -0.5708655780060184, 0.2801825836436167, -1.208597828657207, 2.8997974576129106, 0.0002276018971615857]]
[[0.13533399710656902, 0.2669441733412842, -0.1228787022211913, 0.004942864806569748, -0.006107486803529656, 0.06605269387637479]]	[[0.07284681568028774, -0.5708672908286471, 0.2801666344166617, -1.2086533296346198, 2.8997361020795265, 0.0001709624186524487]]
[[0.007861441541086783, -0.16263655888182146, -0.09463584105899249, -0.0066913291580008635, -0.0030878806582302805, 0.06596696605542601]]	[[0.07283800757915598, -0.5708647682967167, 0.28012489170865856, -1.2085431924950578, 2.8997154956546787, 0.00022322136629421727]]
[[0.05618285284506033, -0.32515212148367695, -0.2527510009277325, -0.00955727955499923, -0.006162035554320116, 0.06317216939733045]]	[[0.07284114252546853, -0.5708556025092567, 0.2801087289877926, -1.2086233323083806, 2.899759172352768, 0.00028482005572969557]]
[[-0.23646694388719486, 0.001476724862241513, -0.13660833386756668, -0.00218902068195309, 0.0010688471272508233, 0.06912878833620834]]	[[0.0728390443341606, -0.5708621555591322, 0.2800712997701972, -1.208578448567317, 2.899751055089311, 0.0003035766090691049]]
[[0.1480259175692101, 0.17422268824327009, -0.30657945994355884, -0.0008647908368509256, -0.00803505425923922, 0.06226453721837485]]	[[0.07285119491785141, -0.5708579340736039, 0.28006998880263545, 1.2086320865358609, -2.8997817065726634, -0.0002290226087353634]]
[[-0.14335734551778956, -0.4478300846958627, -0.049504699475200115, -0.017416743778183467, 0.004333323993728211, 0.062325687072699226]]	[[0.07282780760093814, -0.5708578606300613, 0.2800541598077815, -1.2085715488352582, 2.8997825872403733, 0.00018991838380899627]]
[[0.31464012031687216, 0.0007891237415684205, -0.10851380961675575, -0.002706366535149176, -0.012488104958492084, 0.06172154665722621]]	[[0.07282001717503071, -0.5708465795515677, 0.28002741718655877, -1.2085044708948154, 2.899769574592111, 0.0002638271202093626]]
[[-0.008285386568042286, -0.6437848921185998, 0.06602591417885502, -0.01667396320250394, -0.003961517497026419, 0.0645459247500527]]	[[0.07284271989578588, -0.5708560666727344, 0.27999675421447573, -1.20860082000192, 2.8997555196033056, 0.00024662798797815005]]
[[0.2740661441763762, -0.17868471196047042, -0.09309644270887366, 0.00011131769536980199, -0.002143846587083726, 0.06459786083947815]]	[[0.07282767350155549, -0.570850572996347, 0.27995844632820577, -1.2085608805856831, 2.89975698984667, 0.0003377938987434995]]
[[0.0802854610148566, -0.23615759453716453, -0.01844147031846558, -0.0018530452334324914, 0.0013352156780591306, 0.06691895323140121]]	[[0.07282042950910092, -0.5708448742402186, 0.27993670202415316, -1.208597029248041, 2.899792655841237, 0.00039756560748629223]]
[[0.15813262140752746, -0.3700194292793026, -0.11270271406135042, -0.007146052059128523, -0.0005906782016202169, 0.06617075247865806]]	[[0.0728025521520662, -0.5708549801483758, 0.27991843483553047, -1.2085958732536826, 2.8997938814242206, 0.0003605979336188901]]
[[0.4680119023010023, -0.1233728144906969, -0.024011606248209923, -0.0038735714993196964, -0.009306648303065046, 0.06280733566052976]]	[[0.07282233428424047, -0.570849933804427, 0.27987813678461665, -1.208561176644409, 2.8998060411774107, 0.0004544467028878675]]
[[-0.4823945590646197, 0.0036174963254735903, 0.19956447617339668, -0.003912614710570057, 0.005802543356488472, 0.06861195466262442]]	[[0.07284522253456481, -0.5708470410464417, 0.27985532458814455, -1.2086562815579052, 2.8997421425012595, 0.00037833654216255964]]
[[0.1527565247806506, -0.07258338208450696, 0.21035934722285568, -0.006656940316074937, -0.00797956817693164, 0.0635025695729718]]	[[0.07283009635074297, -0.5708447157679433, 0.27983933108399534, -1.208604825344986, 2.8997626674450254, 0.0004152943223346915]]
[[0.10416789897349123, 0.3155463198436827, 0.15242468411956206, 0.004676799960024026, -0.006853954107877961, 0.06914970744539009]]	[[0.07283232976310094, -0.5708349643313826, 0.2798038897286012, -1.2085910200227246, 2.899779839381554, 0.00047336238670583945]]
[[0.0694874016225621, -0.13559362800519598, 0.09580051644016034, -0.001156115977378392, 0.0009427533768088931, 0.0581133006507527]]	[[0.07281166727098605, -0.5708409720735154, 0.2797774036222266, -1.2085952053656113, 2.8997917058263183, 0.0004362644092786812]]
[[-0.049580161598089506, -0.31597684443292506, 0.26095365750503796, -0.002052379710920048, 0.008050161936750568, 0.06415782680328186]]	[[0.07282898652539978, -0.570851773198565, 0.2797500934968902, -1.2086349396628189, 2.8997879665783275, 0.00043613232760250897]]
[[0.03486519448966016, -0.5303399194886638, 0.07296981693884355, -0.006716974905868807, 0.0066675926003790815, 0.05813349647315072]]	[[0.07281878495377778, -0.5708435396403705, 0.2797068040513817, -1.2086168836613993, 2.8997931200130975, 0.000530820529237925]]
[[-0.024232295458190636, 0.010123809023438412, 0.08139423745388569, 0.0039713789337663934, -0.000352567757113096, 0.06113899270629953]]	[[0.07282118884468625, -0.5708499335689262, 0.279687755206575, -1.2085996930089198, 2.8998006530903626, 0.0005108845064457747]]
[[-0.10353319834791001, -0.3149673536990585, 0.15817661858254634, -0.00674337150792517, 0.0018779638223450279, 0.05991416837255462]]	[[0.07281643289135202, -0.5708502787828489, 0.2796700434714937, -1.2085721441247426, 2.899785358770072, 0.0005483769528839319]]
[[-0.27515586181051255, -0.4442681180850149, 0.26722221182073974, -0.013229952441214617, 0.003178867832575383, 0.06436577680284983]]	[[0.07280580896691743, -0.5708374744669559, 0.2796091734203304, -1.2084969631427618, 2.899801326638797, 0.0006417825445476815]]
[[0.3088273950562025, -0.023433802762864442, 0.037727519198742315, -0.005189236750436163, -0.010516375739645634, 0.06398577690251807]]	[[0.07280626252923748, -0.5708400433728286, 0.2795902885394633, 1.2085397150194193, -2.899806085247158, -0.0006443089108204951]]
[[-0.11879804498983745, -0.28856115807868665, 0.1430406572694676, -0.007256197084516483, 0.0076854842208332, 0.05662003893388284]]	[[0.07281256110057138, -0.5708431102729616, 0.2795755328070194, -1.2085067515568981, 2.8998246056220496, 0.0005673153144555148]]
[[0.06560016302648264, -0.3280484339243839, 0.12938511393219135, -0.009424457383933549, -0.0015671229902056378, 0.05728972111050725]]	[[0.07283414933184876, -0.570839470644902, 0.27955553598752714, -1.2085890928038734, 2.899776892146219, 0.00058390687475331]]
[[0.3856883655912761, -0.22662999731080954, 0.16283762535017632, -0.010589082881751722, -0.008317953489910337, 0.054719439276496924]]	[[0.07281890756754339, -0.5708334006471307, 0.27953200483095414, -1.2084979391817199, 2.8998013870225585, 0.0006032103259610417]]
[[-0.2043013471874091, -0.16443027529803528, 0.2669032860663686, -0.008835032928816135, 0.0039028554423939845, 0.05836651938563987]]	[[0.07281548856348405, -0.5708276327676833, 0.2794662612177889, -1.2085885210827516, 2.899773239754018, 0.0007344456963136347]]
[[-0.32362120954792123, -0.052381854240826836, 0.22689847134496696, -0.005674929438871719, 0.0046979215343166325, 0.05748757546007401]]	[[0.07282333992849432, -0.5708328805685643, 0.2794720823561112, -1.208541354052413, 2.899807968071835, 0.0006414009595459959]]
[[0.09020179733790684, -0.19557463102814426, 0.25402314205645227, -0.014287773285568165, -0.00911848688152889, 0.04730858619493979]]	[[0.07280879874878629, -0.5708328794379277, 0.27945079783090276, -1.2085057699430728, 2.899821850294021, 0.0006782642093788848]]
[[0.0679061816800135, 0.15398105829567585, 0.0844253495804504, -0.004876203720618965, -0.008542252300520282, 0.05452156985933895]]	[[0.0728102382537308, -0.5708298782721362, 0.27940693160992536, -1.208548218944636, 2.89977769008993, 0.0006953479373115729]]
[[-0.09742059751288795, -0.19110318417572464, 0.1329324471766799, -0.010787608869872695, -0.0019179569062130752, 0.049718972859741695]]	[[0.07283442623738987, -0.5708365426173573, 0.2794011116261995, -1.208601334944075, 2.8997572783981784, 0.0006186163526771354]]
[[0.29113618268199737, 0.1842813802307623, 0.2474448166574855, -0.007718504617081394, -0.009315104597938852, 0.045087820271074726]]	[[0.07281092166608576, -0.5708383676076373, 0.27937712854800106, -1.2085054448375945, 2.8998228909251074, 0.0006215380365781862]]
[[-0.178014021588814, -0.1517126508567355, 0.19452115810660126, -0.009357344865627646, -0.0019701329546378712, 0.044265870240473716]]	[[0.07280995517295939, -0.5708324064816663, 0.2793321942355879, -1.2085344533024265, 2.8997951555336887, 0.0007316044732104614]]
[[-0.26687474475336687, 0.15166699142004747, 0.22593951064862489, -0.0033504141247882517, 0.0037126204680427654, 0.0451665839358158]]	[[0.0728260849025909, -0.5708365844446625, 0.2793205931330217, -1.208569445559642, 2.899781805433088, 0.000674989042492106]]
[[-0.2307390001243525, -0.07326626574230419, 0.2951735007163887, -0.00999269821031996, 0.002814597103620594, 0.031745819897167786]]	[[0.07281655743826294, -0.5708334837778103, 0.27928290842439796, -1.2085040905739135, 2.899821374442174, 0.000692257933843062]]
[[0.2451830248401708, 0.03926140691881362, 0.14213987361812644, -0.008178253536956821, -0.008293217222602997, 0.029161204728174073]]	[[0.07279729359120629, -0.57083455964655, 0.2792423738571733, 1.2084525779760407, -2.899847396171139, -0.0007891702509300227]]
[[0.2312300403159283, -0.24396044971899783, 0.17582408505062014, -0.01935003622883208, -0.008811692495345948, 0.025990394245290326]]	[[0.07283069452011917, -0.5708364288013641, 0.2792476389147134, -1.208473852264326, 2.899847978884612, 0.0006370997010635795]]
[[0.16883816414044156, -0.3316531123178851, 0.16367877692717064, -0.018935199385889327, -0.0043257856262186485, 0.020579736272143274]]	[[0.07282345594712156, -0.5708396357403583, 0.2792219548585124, -1.2084964226356238, 2.899851462719116, 0.0006555190677843373]]
[[-0.25983054447308324, -0.32471585126422536, 0.15726704242301917, -0.018223736436395785, 0.009518222910524697, 0.02265463213456549]]	[[0.07280484580708471, -0.5708374430077907, 0.2791846692723661, -1.2083261542030534, 2.899882970997136, 0.0006540885709781857]]
[[-0.06170457545464027, -0.21820273793463255, 0.1772395419021139, -0.008098197496591401, 0.001819701301490959, 0.009596354565022131]]	[[0.07283516494287295, -0.5708344829922757, 0.279182680433428, -1.2084406231961857, 2.899811063016171, 0.0005577480805728196]]
[[0.08106415507359213, 0.11405550182941622, 0.2205304351120904, 0.0026347462381486626, -0.00102637444284125, 0.013961729943850164]]	[[0.07281614987484863, -0.5708354609245233, 0.27914237423663435, -1.2084584221012997, 2.8998534840898467, 0.0006532605674095539]]
[[-0.3454301873146376, 0.08742412507142441, 0.10346672077414427, -0.0009495226545934653, 0.005575354450601448, 0.015140934547568223]]	[[0.07282369860875479, -0.570836428194629, 0.2791671766141638, -1.2084434652385456, 2.8998640826565345, 0.0004643338200774261]]
[[-0.21700882430219276, -0.1501597815836504, 0.11381499402384025, -0.011389916267897244, 0.004674568675739083, 0.017187857898213147]]	[[0.07280516843812458, -0.5708448058072125, 0.2791192537687644, -1.2083731982452968, 2.899892260255089, 0.0005031569316031238]]
[[0.5252243580197195, 0.024989347812459206, -0.06661064472694742, -0.006330203908499265, -0.004306190666602525, 0.010315552980597838]]	[[0.07282974749961467, -0.5708423626789243, 0.27910101635906875, -1.2084811808600933, 2.8998088568909623, 0.0004829486299814945]]
[[0.17546251007818386, 0.013259118889103583, 0.1159783572355575, -0.005241892772858324, 0.00019892408853476986, 0.021312765803839923]]	[[0.07282002387471694, -0.5708454868100523, 0.27907049494487574, -1.2083909013539156, 2.8998859095990603, 0.00044643668456966434]]
[[-0.38375211756990024, -0.1224905474941001, 0.1264094013888027, -0.010868665784099936, 0.00706667580338446, 0.02365470456375787]]	[[0.07285099089052678, -0.5708486147094395, 0.27906219974605184, -1.2084556950053158, 2.899846858172139, 0.00040670060036203555]]
[[-0.3003566941056691, 0.0644501485998806, 0.1940584746331241, -0.006320864729019774, 0.005317101979750762, 0.017502634154441536]]	[[0.07281185491310625, -0.570839949153893, 0.2790371525325752, -1.2083693574013374, 2.8998826303196172, 0.0004080013130305321]]
[[-0.2359258971107252, -0.24686237090173893, 0.09732937580251974, -0.011009188486618842, 0.005593939656366693, 0.014681631692157]]	[[0.07284005140879767, -0.5708416393731661, 0.27903251680489544, -1.2084969322882961, 2.8998440324986476, 0.00033385212022271485]]
[[-0.18098672197149837, -0.290575206472691, 0.13074929741613678, -0.007834594455483866, 0.007011331930030112, 0.020033272728605413]]	[[0.07283895291629588, -0.5708475274667765, 0.279011537962785, -1.2084828193413852, 2.8998123506240727, 0.0002757476173781785]]
[[0.3373299508728661, -0.4734561018944594, -0.05980926750010331, -0.004570079321807292, 0.004785722008186381, 0.017185739119189396]]	[[0.07281886007741782, -0.5708455906069243, 0.2790022488353905, 1.208445528858465, -2.899866531902544, -0.0002962144596690192]]
[[0.23157673978006954, -0.432063704261117, -0.12894742240103493, -0.0032755145534859396, 0.0033251613067059008, 0.019562892412578935]]	[[0.07282477923455438, -0.5708510521516206, 0.27896347700739654, -1.2084528048354422, 2.8998375393861298, 0.0002754188193728366]]
[[0.37100589335841483, 0.03885644259421142, 0.04874680156160481, 0.004950505597962345, -0.007096431351172973, 0.02059519975945235]]	[[0.07281861979642942, -0.5708543451080966, 0.27894656204304646, -1.2084185074061145, 2.8998525572860294, 0.00023920029748977133]]
[[-0.07910972943228708, -0.47964825387435756, 0.002475563418746101, -0.006249558055136301, 0.002176569540095919, 0.021249347961901314]]	[[0.07282740320829874, -0.5708579814704765, 0.2789154831231896, -1.2084528464064932, 2.899837695289132, 0.00025734698611091904]]
[[-0.04366209805069954, -0.4901046285687418, 0.0035608727533149886, 0.0005779449311553841, 0.009525292715131157, 0.02586424175819557]]	[[0.07282667243104164, -0.5708559476470452, 0.27889985226726194, -1.208453157881835, 2.8998382760606773, 0.0002215024343141692]]
[[0.2250663573784107, -0.39083670981545293, -0.1622559525678204, 0.00612792303357456, 0.0016538756558952274, 0.025761235767215496]]	[[0.07283960587223713, -0.570855787735735, 0.27885512840806703, -1.2085096072359702, 2.8998257519452086, 0.00029753476844873034]]
[[-0.07142355434972028, -0.12432766154362518, -0.21241041918818004, 0.011085296020117853, 0.005225759445222019, 0.027876638895537268]]	[[0.07282617072092509, -0.5708511537790762, 0.27884380864005975, -1.20843144645422, 2.899832824208753, 0.0002787921018192101]]
[[0.07740966062447815, -0.2907664894547396, -0.09024162037102972, 0.005545269786400138, 0.004336809520795986, 0.023671707464085538]]	[[0.07281657509490193, -0.5708623487587878, 0.2788364809093309, 1.2084054662471357, -2.8998695622705313, -0.00022557866698215225]]
[[-0.4440380970086374, -0.1996324477957535, 0.04775975630464489, 0.0060815435262165825, 0.013392273042081416, 0.02631594358577139]]	[[0.0728293985710775, -0.5708664815511181, 0.2788173678503012, -1.2084238637316822, 2.899863393814664, 0.00020413576987343904]]
[[0.12904290333449397, -0.13584305070021133, -0.21847431938038422, 0.004255087377896911, -0.001285289373016008, 0.02707846353190857]]	[[0.07283498122854494, -0.5708589147190805, 0.27878730934276585, -1.2084009786482481, 2.8998589876891963, 0.000242343051528289]]
[[-0.289864422480968, -0.023147239094872846, -0.07893825982805747, -0.001223887156866586, 0.0014629251182481928, 0.028552476969138464]]	[[0.07285422533867376, -0.5708565246417859, 0.278757346541955, -1.208509793684789, 2.8998259719399218, 0.0002618573461709515]]
[[-0.43111548137228906, -0.41660451145038213, -0.036741038581170025, -0.007759464254834644, 0.010547024262143571, 0.029370624491515594]]	[[0.07283863524554039, -0.57085982100535, 0.27872891825747986, 1.20844583048816, -2.89986701215226, -0.0002616155630268924]]
[[-0.12318376623712923, -0.2649920496085385, 0.013526632575690948, -0.003861724475787034, 0.003988421584850964, 0.03402021897572286]]	[[0.07284440248381281, -0.570859501078923, 0.27871700749690664, 1.2084756158644625, -2.8998409687092996, -0.00022667019469588989]]
[[-0.3267518167220284, -0.31416705272881806, -0.08658968462321427, -0.004424804779207342, 0.010096513872353942, 0.031562144585144156]]	[[0.07284148867800519, -0.5708570573540306, 0.2787038230028951, -1.2084363373601996, 2.8998442639602624, 0.0002222021263035298]]
[[0.17274841006433245, 0.0014869852832610497, -0.15161478002799772, -0.001771398146201035, -0.0012593917750406294, 0.02436249740852346]]	[[0.07282227690083068, -0.5708574315627992, 0.2786871298622405, 1.2084576301344947, -2.899848188704013, -0.00020635616629973214]]
[[-0.24939519666271048, -0.16850644051425145, 0.18332265983629104, 0.005011765657329053, -0.0008960371776000065, 0.026485918973055314]]	[[0.07284025049899952, -0.5708639674708317, 0.27865398069451036, 1.208496886942792, -2.899845315640383, -0.00022538206032093658]]
[[0.6366035675889969, 0.17808381768436188, -0.06666068142136711, 0.00771696642843981, -0.020868808543674774, 0.030261423253973116]]	[[0.07282367530860924, -0.5708577701843435, 0.278604353769297, 1.208481329294395, -2.8998545728208693, -0.00033813049892787305]]
[[-0.13211573091123813, -0.2887931607366174, 0.20343460516339412, -0.003856955316021011, -0.0012079690516666763, 0.034073416608051604]]	[[0.07282374953426098, -0.5708612866476609, 0.27861570076049447, 1.2083889174008053, -2.899878038245975, -0.0002452661472072606]]
[[0.1818389507737556, -0.11016788750627796, 0.0808103732218411, -0.0027947507731374836, -0.0038922000538656855, 0.024359121422442967]]	[[0.07282073949306135, -0.5708661687169896, 0.2785588318734384, -1.2083918233318094, 2.8998853372576163, 0.0003380370381123123]]
[[-0.29117939793230396, 0.010390951382635266, 0.021717046906911296, 0.0012804844833384042, 0.010735300695123684, 0.03310305344878436]]	[[0.0728410128787874, -0.5708555597206805, 0.2785721396722674, -1.208487049233644, 2.8998215818418864, 0.0002607209102493439]]
[[0.42952450731319075, 0.49516377771401726, 0.04564649034469516, 0.004647350007692589, -0.008860993790170562, 0.020530049757352467]]	[[0.07283815983170833, -0.570858226468121, 0.27852784568258504, 1.2085160654868519, -2.8998404497116326, -0.00033652012301643464]]
[[-0.04406219851482365, 0.20168571182647338, -0.07300694601883584, -0.0007591238845808377, 0.002088787763860017, 0.024777197264224813]]	[[0.07284200316942586, -0.5708581304883731, 0.278517388146954, -1.208470214818441, 2.899827901012439, 0.0002796100560563882]]
[[0.08348842363355696, -0.07613576302118116, 0.25480532026129554, -0.00426172708835299, -0.000985006974156475, 0.026580436153868195]]	[[0.07283951213903618, -0.5708513922393356, 0.2785125457444602, -1.208418038019934, 2.899850400166008, 0.000243768503654606]]
[[-0.13380572531266124, 0.170592402711492, 0.04646998882444653, 0.003125120797729008, 0.006732409835888479, 0.032008339741440434]]	[[0.07284392824505234, -0.5708570670463988, 0.27845614242243816, 1.2084778420952575, -2.899843885531079, -0.0003391772589469938]]
[[0.3802530015101828, 0.12840332100876845, 0.08184024638667022, -0.0009321729534528481, -0.002819106655347978, 0.027878319360817746]]	[[0.07284009419644219, -0.570855554026169, 0.2784528184045696, -1.2084751345983733, 2.899837526750747, 0.00032007675658049175]]
[[0.5792408017286232, 0.19017321280608465, -0.14845015016451457, -0.0024057967073254126, -0.0066179106344756225, 0.02325097832540397]]	[[0.07283614114414855, -0.5708640262172432, 0.2784273626979993, -1.2084052347574938, 2.8998666172828873, 0.0003169836200511056]]
[[0.015016146461706036, -0.09108270182870108, 0.19693544803041643, -0.0006405308890095847, 0.0037026067900893956, 0.03595078350426031]]	[[0.07284428177765795, -0.5708545318624454, 0.27840258986712535, 1.2084654192865851, -2.899862671733163, -0.0003575424045653403]]
[[-0.2628628030324513, -0.40004200957602454, 0.06296650730312313, -0.009791446266954811, 0.012840559308377872, 0.03515765861748263]]	[[0.07283926730031824, -0.5708594082274473, 0.27837923622977034, 1.208499821527006, -2.8998478940132997, -0.00033817244129515924]]
[[0.3111424152058076, 0.27103192344225235, -0.07414704287797598, 0.000526072762024745, 0.0009670647613174575, 0.02922432605328203]]	[[0.0728538284316672, -0.5708579218859475, 0.2783239460844381, -1.2085033970545629, 2.8998487403538324, 0.00043154989283851795]]
[[0.4094076759542099, 0.05162847769226045, 0.12891647303872553, -0.006362829966196454, 0.005449260340023589, 0.02726708448722681]]	[[0.07286375940506076, -0.5708542241126333, 0.27830080778137833, 1.2085607489953771, -2.8997874990647157, -0.0004904758669386853]]
[[0.8653573410985461, -0.16115225180706955, -0.03948741751242474, -0.016161185876192065, 0.0005041129711450022, 0.028444741349502003]]	[[0.07286537588143019, -0.5708441073484822, 0.27827857036662795, -1.2085522833168654, 2.8998120970557655, 0.0005624624938874705]]
[[0.4836644093374513, 0.5220965158119417, 0.08063642869603965, -0.016608209807472348, 0.016291954307496342, 0.03384452760686805]]	[[0.07289426252619312, -0.5708512065530129, 0.27825293379423477, 1.208606525381804, -2.89979421452544, -0.0004894298081644947]]
[[0.6159834320786194, 0.8211056098159458, -0.14202896147815708, -0.02530719005245412, 0.028484510979024717, 0.03749162510260028]]	[[0.07287435816282416, -0.5708547652086611, 0.27824256451939117, -1.2085387874126194, 2.899834154607508, 0.0004331320105994166]]
[[0.7702727493344739, 1.1630271642136645, -0.10056615315326291, -0.027417891919917926, 0.028935798794135895, 0.026161435883093834]]	[[0.0729005857417299, -0.5708562985077469, 0.2782211347794623, 1.2086326428329783, -2.8997692056500264, -0.00045141494977605996]]
[[0.6911851250125274, 0.946140345472274, -0.03427020773992439, -0.03266613615392874, 0.021225530154723136, 0.02556031072862235]]	[[0.07290683416431412, -0.5708461246120231, 0.2781892857561861, -1.2087037370643647, 2.8997509623438935, 0.0005231188624323123]]
[[0.08664181166302554, 0.6290828223365055, 0.02679602157517461, -0.01177513043757955, 0.007407706396058854, 0.033249877271315516]]	[[0.07291305184245574, -0.5708507205460309, 0.27818430718100073, 1.2086692758922455, -2.899765461161655, -0.0004493654471387492]]
[[-0.44292852466282484, 0.08910434826548552, -0.04440299486153633, 0.0016199466559904353, -0.011270940244475478, 0.0312563180501067]]	[[0.07290134443273764, -0.5708610788012977, 0.2781748173707962, 1.208611811218414, -2.8997735816571097, -0.0003569129293553111]]
[[-1.3520553540917508, -0.8988918113361439, 0.24927117071078997, 0.004602130264807955, -0.014882598437317273, 0.03584466151218095]]	[[0.0729274766552218, -0.5708552039758682, 0.2781328707270708, 1.2087498954232987, -2.8997154213561576, -0.00041324081107977235]]
[[-0.5083601790096155, -0.58056770095334, -0.01956698354128656, 0.016027712815074383, -0.03953970763703168, 0.027420200906966077]]	[[0.07289799630659148, -0.5708508295127922, 0.278089789073928, 1.2086584040327732, -2.8996900365758163, -0.0005099477090187967]]
[[-0.6293517283639667, -0.7282339629714807, 0.011629393738784176, 0.0068299450092427815, -0.01310186409791295, 0.029056627828839058]]	[[0.07292763954575465, -0.5708592901794272, 0.27810178616439823, 1.2086310277294563, -2.8996729277049536, -0.0003225455009988685]]
[[-0.044591678795362466, -0.38266978915095823, -0.22803259738560652, -0.001551984470490892, 0.014225373831348712, 0.029587930790309063]]	[[0.07292601577957031, -0.5708577207319767, 0.27803776352347964, 1.2086816478938642, -2.8996465113322984, -0.0005297268158318008]]
[[0.290579517111932, 0.05900372802250538, -0.037824064300538016, -0.004187725041069467, 0.021995025662769976, 0.019094468557533186]]	[[0.07293262178352837, -0.5708647583134695, 0.2780288851825795, 1.2086425226866746, -2.8997008842737286, -0.00043226879956621156]]
[[-0.17731316062666808, -0.29124772505473717, -0.256702210224111, -0.0005757017650552928, -0.0020100645526693554, 0.022990977055550192]]	[[0.07292764842718327, -0.5708588527340954, 0.2780246884200572, 1.2086851629465927, -2.8996567592729754, -0.0003952150790369313]]
[[-1.275016916413627, -1.0366587630561162, 0.08586751612207938, 0.013928104491913337, -0.02841078277334689, 0.026298513629742153]]	[[0.07294179401353805, -0.5708741206487112, 0.27800186941143573, 1.208689092494218, -2.899666565796355, -0.0003190721435740131]]
[[-1.0725749648329796, -0.9723026810099807, 0.039857050805434086, 0.03282706705953506, -0.06444759423550783, 0.02279124666093872]]	[[0.07293926716750336, -0.5708639873597002, 0.27794037680241124, 1.2086777145460135, -2.899687838352883, -0.00046759966923829506]]
[[-1.1500729510327194, -0.818404033489132, 0.09192150208728275, 0.021101913736785625, -0.042362748276108045, 0.029027029435465545]]	[[0.07292358485526142, -0.5708702235355955, 0.2779420019132438, 1.2086799661629888, -2.8996462466026145, -0.0003761498615444282]]
[[-0.5976780602071412, 0.09117131040070575, -0.24208748042594286, 0.01083525292509439, -0.009104568958378627, 0.024394714158415248]]	[[0.0729377797437924, -0.5708699238810838, 0.2779301893164215, 1.2086799906323502, -2.899644213945678, -0.0002818184968431914]]
[[0.13876063943865558, 0.13695462812838377, -0.09270277478721763, -0.011550769944905318, -0.001077242455211464, 0.022368574859667565]]	[[0.07294069635660262, -0.5708675914630325, 0.2778835811960386, 1.2087118935306234, -2.8996723447724047, -0.0003917838519792948]]
[[0.010196576666474666, 0.18447740573851718, -0.09455392702551037, -0.007512171817405125, -0.00767594303691696, 0.030437337098634897]]	[[0.072947153741267, -0.570869136338064, 0.27784789632065476, 1.2087075418486524, -2.899661845898038, -0.0004114782286703208]]
[[-0.9631842535652819, -0.37549731630771893, 0.10430440133520892, 0.0005313888411911938, -0.024208741407058372, 0.027226396756855783]]	[[0.07294884314415033, -0.5708811138458914, 0.2778537429445291, 1.2087306449008572, -2.8996238384447253, -0.0002989260510054813]]
[[-1.1328708880916531, -0.35364397412212584, 0.02548047553796439, 0.015332548224746237, -0.042290686128876286, 0.02977073735973456]]	[[0.0729536459895652, -0.5708767081012825, 0.277816334473332, 1.2086676589557306, -2.8997142177023933, -0.00023862766885778653]]
[[-0.6558922022905842, -0.3370250003445071, 0.01779143598065374, 0.0068762564233570515, -0.03463016785184949, 0.026620161788404983]]	[[0.07293436508761408, -0.5708892438093438, 0.27781164690538457, 1.2086752825220966, -2.899683893522298, -0.00020273917440249913]]
[[0.10905303998689572, 0.34697705486018626, -0.08408076204854527, 0.004835959516680304, -0.008591803111417584, 0.02797706934606945]]	[[0.07293021798338924, -0.5708882685233664, 0.2777598719993697, 1.208644895733087, -2.899659373344721, -0.00026193526349158487]]
[[0.6668908364385092, 0.7032235803246317, 0.02805327599738868, -0.004302175709888861, 0.025833330452072867, 0.027979467917819283]]	[[0.07292356743400781, -0.5708936308493268, 0.27772666118274825, 1.2085870124245053, -2.899670349681562, -0.0002442949934527701]]
[[1.2426241025740845, 0.4383465789569358, -0.16829146478759038, -0.021507219486215822, 0.027051922405008866, 0.029425430538009684]]	[[0.07293757859452174, -0.570895677865621, 0.2777303281209069, 1.2086523297782998, -2.8996284302685464, -0.00018860514373792063]]
[[0.8864645368631022, 0.0356384387793236, -0.12329827833087088, -0.018046617643452355, 0.02726374129638921, 0.03163046968863767]]	[[0.07292250707114341, -0.5709096659097163, 0.2777153090870102, 1.208637217663329, -2.8996448680258453, -3.7032231299917384e-05]]
[[0.529355590248565, 0.3990252126504902, 0.03501941559526409, -0.00016197487944882502, 0.016946312236870223, 0.03378366836121665]]	[[0.07292765745630939, -0.5708975984531139, 0.27767095667820646, 1.2086480938511939, -2.899668932027255, -0.00014994461160512427]]
[[0.6576854702919724, 0.21947834574618452, 0.018705717289217865, -0.003747785914714403, 0.014389242284648726, 0.033073845043212424]]	[[0.07290101472110666, -0.5709085504687844, 0.2776780993884571, 1.208569617833017, -2.8996732777111283, -3.833467824976638e-05]]
[[0.8196045687345027, 0.30861672108886906, -0.09399160934819624, -0.014375539085820439, 0.030657880797680406, 0.032191010661534396]]	[[0.07291604950869585, -0.5709011758137771, 0.2776325266145528, 1.2085652033026222, -2.899715307560131, -9.15809918057584e-05]]
[[1.1086440670382032, 0.7131801936791067, -0.06820856756313746, -0.01289898088305444, 0.041486622296483824, 0.022709900106166667]]	[[0.07292718738571656, -0.5709028923726372, 0.27762320929022105, 1.2086381033910751, -2.899644636675973, -2.0816630048928698e-05]]
[[1.0999227085631655, 0.27770719871476357, -0.14663697152880242, -0.021880121074492748, 0.04111540071765862, 0.025151046407418852]]	[[0.07291889386007583, -0.5709154524132813, 0.2775849847781212, 1.2086600570447474, -2.899648981981452, -3.9286396299095966e-05]]
[[1.1621492165846201, 0.32995484510296497, -0.16926525615483823, -0.005006868880386897, 0.019726877769951977, 0.03383702482177392]]	[[0.07292768439037366, -0.5709164565246382, 0.2775775648728077, 1.2085952114886145, -2.8996881387468445, -1.9792235688827002e-06]]
[[0.3319088664501512, -0.3355700489264413, -0.009341027449800208, -0.006623497290506112, 0.00491559258943836, 0.031118770212499113]]	[[0.07292291824064599, -0.5709194063033234, 0.27752647695198185, 1.2086005539458964, -2.899701141793141, -9.473984287736806e-05]]
[[-0.4307499463027781, -0.28832498969820197, -0.08562608642576441, 0.001243005343613043, 0.0015008637951682215, 0.026966884502239125]]	[[0.07291884429358697, -0.5709220906239109, 0.27752391726528747, 1.2085987361381374, -2.8996477145623416, -4.594845592433252e-06]]
[[0.053252470840168584, -0.277876082457282, -0.09029390091042322, -0.0018714109915113717, -0.005412420983311092, 0.025431305966270662]]	[[0.07294007372383227, -0.5709071819965755, 0.27748770821994156, 1.2086013313462043, -2.8997006591203123, -7.722410144597211e-05]]
[[0.03296418811796739, -0.3014694490659948, -0.10604159209602604, -0.0023422801532972768, 0.006425329881175897, 0.034047072467284785]]	[[0.0729334666003442, -0.5709127328920371, 0.2774488317509083, 1.2086311002669026, -2.8996767545934454, -0.0001331385291760149]]
[[0.047459088605872016, -0.29407832571067793, -0.12472334004744286, 0.0006231459756283995, 0.008875255770787734, 0.033561036713249684]]	[[0.07295451288533582, -0.5709233586015463, 0.2774239713943015, 1.2086582484077883, -2.8996917743407247, -0.00015145578820666757]]
[[-0.41819751504374775, -0.4652870121555753, -0.16418621938021585, 0.0013117299733545473, 0.009396473332287672, 0.02704536289345498]]	[[0.07294488220806633, -0.570919958075081, 0.2774219954334347, 1.2086704949381115, -2.899672147975857, -7.777423379053137e-05]]
[[-0.5053014754649936, -0.49467473128295014, -0.11848044873666205, 0.012472200354364867, -0.003522536605540529, 0.027858363831026318]]	[[0.07294829674852421, -0.5709132964651601, 0.27739820358847855, 1.2086485164057106, -2.899667722131813, -4.1231403724237633e-05]]
[[-0.3682166662669669, -0.3305674731550824, -0.29221334442694685, 0.018234298285432677, -0.017165805915611326, 0.026361804706447053]]	[[0.07296784390934896, -0.5709104036869008, 0.27735550259431296, 1.2087581368024316, -2.8996897715543595, -0.00014993793836876428]]
[[-0.4766240402167303, -0.9440639665979162, -0.08913782314524359, -0.0020856873507645365, -0.015333171481542961, 0.0238490238766514]]	[[0.0729606216967939, -0.5709080762004106, 0.2773014497767362, 1.2086669802729617, -2.899665332382946, -0.0002470572173964088]]
[[-0.8748964500805162, -0.7834667857711654, -0.07283340223737761, -0.007332026964663605, -0.004906531523753243, 0.0338752519684137]]	[[0.07293043873614875, -0.5709302502987108, 0.27730881962740267, 1.2086389447652683, -2.8996489119011404, -0.00015389279863116867]]
[[-0.7738237372342701, -0.8698075285840436, -0.03471805905267982, -0.006429796422727903, -0.0030111670094254044, 0.03006522753163416]]	[[0.07293594106693681, -0.5709224424188782, 0.27728669729563654, 1.2086270562449273, -2.8996669386152227, -0.000154669486548916]]
[[-0.665714646855138, -0.6975350184481993, 0.10768209628025137, 0.006282184598210038, -0.012887267219099576, 0.028331026503560446]]	[[0.07292068999761364, -0.5709231592566179, 0.27725583496652145, 1.2085710060125532, -2.8996783565245297, -0.00019149265669152158]]
[[-0.8896770391443138, -0.6250277563336935, -0.11532291366783354, 0.007297226015639581, -0.017776193173597615, 0.030790916257076716]]	[[0.07296086093138564, -0.5709052408668144, 0.2772008615528793, 1.2086557317477293, -2.8996849703382988, -0.00032109464032305663]]
[[-0.6256322657870435, -0.4222212246905882, 0.004651351264475036, 0.00569426030569834, -0.01909911289069252, 0.02931865312427523]]	[[0.07295832150410901, -0.570926244689591, 0.27720371121313636, 1.2086685357216589, -2.8997163142245133, -0.00020609541859940538]]
[[0.04241133151538756, -0.5907854637923137, -0.1631033711109071, -0.003311585666881979, -0.018945400755752996, 0.030131014517876344]]	[[0.07294176904856242, -0.5709311384198602, 0.2771682523370773, 1.2086196256576027, -2.899698063398266, -0.0002271442934313222]]
[[0.17463348273185886, -0.23422865649343927, -0.14871870751425328, 0.0013515716239694744, -0.013537910173503599, 0.026352929889889232]]	[[0.07295368626469174, -0.5709206901693713, 0.27712649009333545, 1.2086422146089415, -2.8997034497600604, -0.00030174933629856514]]
[[-0.13720203729271202, -0.44095658354151657, 0.00857350701931837, -0.008599983980052413, 0.005972379584533722, 0.030460315022548496]]	[[0.07294230861365328, -0.5709255827099051, 0.2771201485560879, 1.2085946801844685, -2.8997354834666185, -0.00024533682583295825]]
[[0.3323745163599206, 0.10246626615084231, -0.0593573882884511, 0.002612671644947484, 0.001107932349632065, 0.02972966672652058]]	[[0.07295474697717699, -0.570916513840342, 0.27708001085140915, 1.208704213110097, -2.899704174222358, -0.00029954691295729704]]
[[0.33238026318919456, 0.1024583400315456, -0.05933888749440951, 0.002611690387036496, 0.0011057827954203902, 0.029729832973248816]]	[[0.07295021477391268, -0.5709214795560547, 0.2770392202147211, 1.208629313872084, -2.8996722149408645, -0.00037899551697301304]]
[[0.18688011806747745, -0.04967916653966374, -0.0858084809745671, -0.0073027907413067885, 0.010411769688865258, 0.030799692469914864]]	[[0.07292833935162249, -0.5709243013257402, 0.2770093952890583, 1.2085385520102145, -2.899697698560422, -0.00039803870602453433]]
[[0.2811268272311273, 0.0525510220976414, 0.06790963571252534, -0.006695447790380562, 0.0167644388704047, 0.03525651806862276]]	[[0.07294448544085481, -0.570921739333049, 0.27699779526909496, 1.2086518280269412, -2.8996755562113083, -0.00036003156245913853]]
[[0.23028573764209187, 0.2622803328906752, 0.058412304738932344, -0.010501961224248874, 0.028385409983739278, 0.03498212997004713]]	[[0.07293692125898969, -0.5709145012750738, 0.2769651295664636, 1.2086259952387626, -2.8997127508229283, -0.0003778803486490296]]
[[0.8177905782603703, 0.6190477088970312, 0.00818124523724383, -0.011403371516983615, 0.011456055447124526, 0.026470447827554144]]	[[0.0729346656460181, -0.5709186371174094, 0.2769424157563014, 1.208594633237768, -2.8996880120868402, -0.0004164023822789053]]
[[0.6813968300878621, 0.21035986235435747, 0.10809419044194944, -0.022430746318594125, 0.01266212915814828, 0.02562393134117963]]	[[0.07294782436759234, -0.5709114841741354, 0.27691409226782654, 1.2086347097390966, -2.8996847685580485, -0.0004337436697187159]]
[[0.42437945390536874, 0.3110731288783887, 0.07627917427460189, -0.018896245261719496, 0.012480049376079185, 0.02808686988747403]]	[[0.07292608178616243, -0.5709113012159118, 0.27688165239208673, 1.2086006698963012, -2.8997003834368376, -0.0004903523148125806]]
[[0.4144588535776211, 0.2862078697492388, -0.0019681881481722918, -0.01514031164413348, 0.012855930643298511, 0.03019928007498612]]	[[0.07291515230889765, -0.5709147401201504, 0.2768888301270346, 1.2085297039426843, -2.8996757297582256, -0.00039982548218235966]]
[[0.5174347523330532, 0.6259538759784754, 0.00871807078784951, -0.005748598008056365, 0.0033040603580743945, 0.023969955200761957]]	[[0.0729156592438819, -0.5709241064699131, 0.27684927382458024, 1.2085099425913621, -2.8997241958650695, -0.0004350014808733286]]
[[0.04383806441704027, 0.40066295860607604, -0.07149918815958325, -0.0040202425547194946, 0.012328383007435152, 0.035743306379246824]]	[[0.07292380344139346, -0.5709016730583452, 0.2768333073737444, 1.2085707574015991, -2.899725620818702, -0.0004709126456392606]]
[[0.11792725008450688, 0.0008019315016486103, 0.186862282011803, -0.00604088109533442, 0.008606057207636122, 0.035299395364551046]]	[[0.07293543682513748, -0.5709204158813416, 0.27680553710411726, 1.2086639540904844, -2.8996593663057126, -0.00039522353265100966]]
[[-0.2765627182829905, -0.16544822637962128, 0.1661095345497437, -0.014110401151542093, 0.008020469804892228, 0.035908388734969286]]	[[0.07292664256054296, -0.5709159787446998, 0.27678800234298817, 1.208630601207622, -2.899674641827651, -0.00045286090412019334]]
[[0.06824365287738615, 0.16625617689489203, -0.009514415617257578, -0.006212655695002316, -0.0019257509841907041, 0.03708358508519349]]	[[0.07292478169912997, -0.570916370652149, 0.2767341473858536, 1.2086151079718033, -2.8997351487976926, -0.0005243794423718434]]
[[-0.20203755351751815, 0.10877325612004544, 0.11100653191080241, -0.008802200633896952, 0.0012837041276835977, 0.0408248253655498]]	[[0.07293292299347752, -0.5709101645048985, 0.27672892616933753, 1.2086352244021925, -2.899685510282177, -0.00043267004445499255]]
[[0.16543075095118095, 0.2931779750847367, -0.13081557678999184, -0.0022263016487119314, -0.011003617893768084, 0.028296695775735906]]	[[0.07291860960381093, -0.570918054045519, 0.2766941453383137, 1.2085983308760557, -2.8997414926293907, -0.00048534811455539634]]
[[-0.17601629238918176, -0.36652514218544285, 0.07255562334026713, -0.008668568553319128, -0.0018267562537908097, 0.026145522727923982]]	[[0.07294945758224369, -0.5709086150185784, 0.27668117001904, 1.2086444413952395, -2.899707691679665, -0.00043002027559092566]]
[[0.03606750693610411, -0.3972365588330654, -0.0029930467824521643, 0.00223713815625764, -0.010636423395543127, 0.025723995876992173]]	[[0.07295367188664753, -0.5709198697429334, 0.27664302248356837, 1.208627941762121, -2.8997151118302096, -0.00044732320420992237]]
[[-0.5873540001818363, -0.2955900823973887, -0.038420434666592326, 0.007838681857865456, -0.0006796503764597722, 0.03518729657045931]]	[[0.07292636275542742, -0.5709115754063022, 0.2766056002196049, 1.2085671946230143, -2.899716914386047, -0.0005426821758024255]]
[[-0.6582294442475629, -0.5125914188648844, -0.0075239791127421265, 0.0029311933794140084, -0.004385049113699556, 0.02884425267434691]]	[[0.07295279435965504, -0.5709174333170258, 0.2765893876552979, 1.2086448502591338, -2.899708803447442, -0.00046789665427785887]]
[[-0.8351656280783124, -0.1551188803817114, 0.07223326676938036, 0.005330161129657191, -0.00891502185840244, 0.028600973726133086]]	[[0.0729501652731635, -0.5709225128818098, 0.2765771043410959, 1.208671813606895, -2.8997230747888563, -0.0004266835450845854]]
[[-0.9719553658766286, -0.42902613810423945, 0.22020202375058417, -0.003878037831546423, -0.011438044348675104, 0.026900316293063112]]	[[0.07293837914067303, -0.5709243806449551, 0.2765433294776871, 1.2085832651662418, -2.899706785927495, -0.0003734814644446794]]
[[-0.9528471357754595, -0.797613057449992, 0.23327329890067802, -0.006923381669627926, -0.007444054660860338, 0.030551718189355655]]	[[0.07295859326704332, -0.5709291803230493, 0.27655352650253234, 1.208614300585759, -2.8997309313002213, -0.000277005983312583]]
[[-0.743573327211513, -0.6236224964002434, 0.10078333944141074, 0.009784726240372315, -0.0062652356847669784, 0.029898590575878008]]	[[0.07295786050868967, -0.570911674350638, 0.27649894051823504, 1.208662137021184, -2.899701200349078, -0.0004277274246487559]]
[[-0.4063649580541673, -0.7228589125221162, -0.03622409869731289, 0.009305359605159163, -0.002396274505469602, 0.030458829525664376]]	[[0.07293905172758523, -0.5709156668684828, 0.27646804239052, 1.208613717782896, -2.899732888957941, -0.00033247537045907736]]
[[0.009675278946129462, -0.8431859044669976, 0.008334801686046238, 0.0036761710739949974, -0.010039216214440401, 0.03267136039026677]]	[[0.07294905157969593, -0.5709261019619546, 0.27643924709456025, 1.2086270318576704, -2.899714436205715, -0.00035154379498902367]]
[[-0.11566999877539175, -0.6205674943205534, 0.020731623403594125, -0.003905988098489949, 0.0013304537937056564, 0.031173039827108662]]	[[0.07293973130046962, -0.5709174581650841, 0.2763869597098949, 1.2085808343504025, -2.899749467360079, -0.0004444655723664257]]
[[-0.10317788174686716, -0.25902887914019546, -0.02580153448879322, -0.006784910139774716, 0.0026307069717091546, 0.027034639757318235]]	[[0.07294761980344093, -0.5709220443470929, 0.2764146873516003, 1.2086951966835044, -2.899682862703277, -0.00020134915316325774]]
[[-0.21245865628859803, 0.18663100860434642, 0.05558069172672057, -0.0023020666975562738, 0.008899424138779324, 0.0312375200423411]]	[[0.07295276415488444, -0.5709201658791734, 0.27637760425947694, 1.2086397038844154, -2.899695740599705, -0.00031386898166999185]]
[[0.2922825238899869, 0.4094743992950846, -0.031650438360656015, 0.00030991884458438687, 0.001235738350639809, 0.029569293298269343]]	[[0.07294014433305596, -0.570921853554816, 0.2763562922354216, 1.208626772363528, -2.8997133577880434, -0.000277129609052942]]
[[0.060587731069243284, -0.08546947317458962, 0.013297898926105214, -0.0159836760482475, 0.012688221036405774, 0.03722276353984842]]	[[0.07293536551973645, -0.5709224538424691, 0.2762930069388465, 1.2085565862754328, -2.8996904764776446, -0.00024176919390153426]]
[[0.610134964106517, 0.312688543624498, -0.05269804793478256, -0.005972643731159302, 0.00469192269757323, 0.0279605927258115]]	[[0.0729288618116571, -0.5709206835715291, 0.27628747961009825, 1.2085775045275677, -2.899693867378672, -0.00020316309113931183]]
[[0.605442971059485, 0.4329967054073992, -0.12642077990937406, -0.0002757635009190693, 0.011027650895454561, 0.029043895759952875]]	[[0.07294634833294568, -0.5709251571638567, 0.2762423311561369, 1.2086357523289082, -2.8996839785043282, -0.00026008444914720397]]
[[0.31223021771289194, -0.12467624442219508, 0.06616849046669931, -0.017814904349406566, 0.015680373625349683, 0.024275365973128838]]	[[0.07291727536010505, -0.5709167913470913, 0.27622008004492227, 1.2085410879622516, -2.899748584583707, -0.00022179021646654573]]
[[0.3482623784335101, 0.15126019811952174, -0.022392116251604127, -0.009373904469864629, 0.012315571074292955, 0.02147227231147455]]	[[0.0729084731287048, -0.5709223951593579, 0.2762221416643694, 1.208492115018398, -2.8997281731589655, -0.0001294096656450815]]
[[0.047933526926240824, -0.02860896120512265, 0.060365313558947094, -0.010785431075853322, 0.012692128627883176, 0.028306623154656596]]	[[0.07291063413621546, -0.5709214432057204, 0.27616829044846364, 1.2084850489797656, -2.899760136955484, -0.0002608527354547528]]
[[0.1024012101499018, -0.04504175595644638, -0.04879454286192079, -0.006340685616462806, 0.01321972092012109, 0.03457865033181257]]	[[0.0729513625316176, -0.5709158849887046, 0.2761289132839796, 1.2086062766539942, -2.8997102320610404, -0.0002799279741970135]]
[[0.2282011405220289, 0.04223857784438102, 0.1570928889266491, 0.00938874161285411, 0.0064304685851146615, 0.030553830792817503]]	[[0.0729513625316176, -0.5709158849887046, 0.2761289132839796, 1.2086062766539942, -2.8997102320610404, -0.0002799279741970135]]
[[0.2694531118679091, -0.43265146817416006, -0.10824401504802136, -0.0060444985193403855, 0.014588861266725614, 0.029309863359598412]]	[[0.0729450916085177, -0.5709147292880216, 0.2760961959447062, 1.208610939325826, -2.8997213717838433, -0.0002792117242244423]]
[[0.3777059293027618, -0.35702030007742025, -0.08885211121637043, -0.006221260751411184, 0.01130436966120878, 0.02786917835553035]]	[[0.07292408362909965, -0.5709128865777672, 0.27606745589181275, 1.2085795792642822, -2.899747194393571, -0.00024047992528881753]]
[[-0.13025006651600343, -0.23066262979122448, -0.01236651991242367, -0.002069379639771959, 0.020830232655608603, 0.03473917966627371]]	[[0.07293377315484623, -0.5709109420457671, 0.2760180457886815, 1.2086009931325965, -2.8997010074007066, -0.0003204745101059272]]
[[0.26805711234682195, -0.4028293809047716, -0.03998028994765009, -0.0061622754527498975, 0.005972610806156622, 0.024028347247807433]]	[[0.07291767991941131, -0.5709175015956096, 0.2760135570388823, 1.2086454707669398, -2.8997066238919227, -0.0002429832794896684]]
[[-0.0862429605955709, -0.33303174319124823, -0.13283764837930262, 0.002080118813889094, 0.011617632639176, 0.023401008431817978]]	[[0.07295162207470128, -0.5708972202609016, 0.2759882800954248, 1.208658289766094, -2.8996902057567326, -0.00031937915026713435]]
[[0.10632815593601326, -0.26200864917592864, -0.06269122250239557, 0.0008730331735804056, 0.002818290230375951, 0.02263943857500072]]	[[0.07293150160543063, -0.5709012623539755, 0.2759765769969322, 1.2086050837998548, -2.8997103699854736, -0.0002251473451072707]]
[[-0.5465800276322487, -0.7124063307198888, 0.04001536753041668, -0.007784424630401557, 0.01662441982981111, 0.03546649915578374]]	[[0.0729454447650928, -0.5709098063807402, 0.2759263611665943, 1.2086450659303967, -2.8996564454081133, -0.0002829409217160634]]
[[-0.30884464610776735, -0.3036205606566007, 0.012000166112045527, -0.002664099122243218, 0.0035201791304058593, 0.0262558940935871]]	[[0.07294322659609935, -0.5709024969559544, 0.27590866275160947, 1.2085867127089385, -2.899760109986325, -0.0003371394135175101]]
[[-0.6379695241763279, 0.062407111500072054, -0.0014622758040574047, 0.001051752559063338, 0.001474334810824917, 0.02822720028073742]]	[[0.07293085571283277, -0.5708994638232112, 0.27588817408841304, 1.20858942226302, -2.89971944516809, -0.0003198228728981376]]
[[-0.457252102933688, -0.2776857166535607, -0.12467761175882196, -0.010785072291126676, -0.011084948480568823, 0.024562335079684732]]	[[0.0729366167665799, -0.5708881350420536, 0.27585496571972606, 1.208669421014229, -2.8997146996126757, -0.0004124161393015965]]
[[-0.5441840893814877, -0.5816983224631322, 0.014091769247832845, -0.008106813100146113, -0.011123926430724716, 0.025927219485011404]]	[[0.07293520323630794, -0.5708946385378881, 0.27581733125940433, 1.2086558629466453, -2.8996820977025632, -0.00045105379382863974]]
[[0.09623497530564745, -0.40571645324739203, -0.06029083340731704, 0.0005505375566573593, -0.02419885524827781, 0.02215454315440242]]	[[0.07292439215956524, -0.5708977811677033, 0.2758176075668343, 1.2085939079676493, -2.8997321141313117, -0.0003762720103377881]]
[[-0.3009521113749393, -0.7345121102735621, 0.09662168508987853, -0.004675881795558688, -0.010054922409695233, 0.030494378453339042]]	[[0.07294041888714398, -0.5708894396998939, 0.2757518053035797, 1.2086385156306727, -2.8996909299254696, -0.0005082087401003822]]
[[-0.1616860708092041, -0.43168670838517076, -0.03345552547154142, -0.0026302668886608, -0.005889710343522154, 0.019913282097341105]]	[[0.07291143824335794, -0.5708889365256228, 0.27571642208918123, 1.2085690999907968, -2.8997208896071447, -0.0005457267055792981]]
[[-0.3941696167469564, -0.5559577625722962, 0.003997266805908884, -0.013334612353790135, -0.00381647840139185, 0.02324251969091066]]	[[0.07292785957712317, -0.5708878902543337, 0.27569826028590905, 1.2085428526280633, -2.8997573299234247, -0.0005266149100569265]]
[[-0.22777704084605807, -0.18903233913215597, 0.0943867498588685, -0.0004168190447673033, -0.011042414984850563, 0.02429154040474808]]	[[0.07295691064987929, -0.57087820208653, 0.27565224325527077, 1.2086623727283439, -2.8997482433013206, -0.0005813485410909797]]
[[-0.13230599923657682, -0.5522209610671638, 0.16885207512374797, -0.004103531481090688, -0.006107069792997246, 0.02702832567613595]]	[[0.0729353801259865, -0.5708881356869471, 0.27563468002246366, 1.2085801811808319, -2.8997437398210217, -0.0006015541502043709]]
[[0.21192612067040723, -0.29352036401600756, 0.18016017067602386, 0.002387820879011111, -0.0047560514202401585, 0.02545157736492435]]	[[0.07291090126060021, -0.5708873671017711, 0.2756168877316759, 1.2085870660612874, -2.899715170660581, -0.0006025026064036229]]
[[-0.04465585506389175, -0.7013708646390112, 0.13476349511469235, -0.013121226731161909, 0.007956777098083151, 0.0242166070632305]]	[[0.0729257404482137, -0.5708922641972146, 0.27559750101294034, 1.2085132081908954, -2.899732692251024, -0.0005841098403526547]]
[[0.5046405932484519, 0.3219026837698873, -0.20252869467534876, 0.0035752561004050998, 0.003406561528481346, 0.021254127590581113]]	[[0.07291241347955513, -0.5708790191886369, 0.2755813170453717, 1.2085262892558621, -2.899714901442038, -0.0006045589647328831]]
[[-0.4807722937206044, -0.46205523641733826, 0.022997644306100545, -0.014283662830921213, 0.028479319044870575, 0.027799292921802148]]	[[0.07291666546887535, -0.5708836305319481, 0.27553559697335533, 1.2085532747525085, -2.89973131735933, -0.000677526291328345]]
[[-0.14085495746148557, -0.312460138518784, 0.18683805652522242, -0.010389767704460939, 0.017924725132994264, 0.027696442081213742]]	[[0.07288988767141404, -0.5708771531846377, 0.27550966773377383, 1.2084469983577357, -2.8998150120282444, -0.0006756514294551637]]
[[-0.010243451367944415, -0.020954609210024545, 0.014605746190518968, -0.003385463266339531, 0.00566447310683638, 0.015793899972379438]]	[[0.07293169325119404, -0.5708842216157971, 0.2755025767145449, 1.2085627197829918, -2.899805069001859, -0.0006542497208329849]]
[[0.2550992787853861, 0.03768035804464101, 0.009407302712387463, -0.00955263831163986, -0.0013878323359543766, 0.018922103658810353]]	[[0.07292354809548732, -0.5708725883444887, 0.27545394077035923, 1.2085854008589436, -2.8997596887050756, -0.0007705240037331524]]
[[0.5425941188688089, -0.09404209160458904, 0.017276965930696064, -0.013340681962209396, -0.0034911585836947014, 0.011511685192408836]]	[[0.07290340092061011, -0.5708705105911545, 0.27538999546479187, 1.2085673242092763, -2.899717849371377, -0.0008835974809411471]]
[[0.34249407059602877, -0.06881765205522761, -0.034871765624722356, -0.01249161183670722, 0.0062534250523373445, 0.016187362225249333]]	[[0.07289111143296557, -0.5708715596435713, 0.27539596480594286, 1.2085208663311717, -2.899748464123345, -0.0008083116645607922]]
[[-0.2336089433311423, -0.018091792346749888, 0.1415591244830228, -0.006930269912572088, 0.01573581618080928, 0.019679606171683458]]	[[0.072939088146673, -0.5708615563402177, 0.27537242615522906, 1.2086733174049968, -2.899775913879794, -0.0008042617524427174]]
[[-0.4121891344773962, -0.20601196191058768, 0.2162983252973714, -0.017025272921739075, 0.013770086563710857, 0.017073803222821295]]	[[0.07292877009911915, -0.5708611555101303, 0.27533750201479057, 1.2085679356888361, -2.8997170286483676, -0.0008455837486412065]]
[[-0.08859198138402286, -0.3437215605466636, 0.3040440521526028, -0.024243472259287503, 0.0037315634545977035, 0.019603471713595326]]	[[0.07288934144025891, -0.5708598804080793, 0.27531702761450944, 1.208495859162183, -2.8997855160293486, -0.000824372003190402]]
[[-0.08467108188468736, -0.10243132316700251, 0.31191650264725546, -0.020935205961613607, 0.00012560338699589904, 0.011033723278092874]]	[[0.07292911557656058, -0.5708551366951168, 0.27531362859413405, 1.208629038893321, -2.8997154620765238, -0.0007496526524894665]]
[[-0.11361987424782327, 0.14448465773346794, 0.1605628858146828, -0.016027504993669346, 0.008421196034337462, 0.0163756585392609]]	[[0.07290736217498445, -0.5708637452892774, 0.2752705661190757, 1.2085392028884354, -2.8997943999805798, -0.0008414492844302275]]
[[-0.23024268555496755, 0.2048751226691832, 0.308645635810682, -0.008654307756944013, 0.010549812975426214, 0.011241525825469766]]	[[0.07291541190743994, -0.5708607837407066, 0.27524592119087515, 1.2085210258659176, -2.89975037039564, -0.0008631952963369911]]
[[-0.1829450509912393, -0.1380390645758352, 0.23269374364968165, -0.012327851070104489, 0.00894875960799924, 0.008882252905794747]]	[[0.07293048099474951, -0.5708518046178694, 0.27521508003020434, 1.208586856497716, -2.8997622953834252, -0.0008588890976819135]]
[[0.3150436485300073, 0.28408327137289263, 0.2015976160164686, -0.003727267349685829, -0.008845021784410661, 0.006462939527511539]]	[[0.07292474936382087, -0.5708554889744055, 0.2751808156662638, 1.208604887648947, -2.899754952561329, -0.000858507777642397]]
[[-0.5155082283503523, -0.1626209849387031, 0.19060516815856585, -0.01625532928793879, 0.0048169164664423015, 0.011510109856328476]]	[[0.07290857257081176, -0.5708476671319564, 0.27518181848004025, 1.208538763426156, -2.899794630484134, -0.0008206491013770376]]
[[-0.7658124339162036, -0.5514905853718145, 0.4985081710053539, -0.02091001282232885, 0.00370908053565815, 0.01802392459057898]]	[[0.07292150943089429, -0.5708502569923959, 0.27512232657632235, 1.2085653675235903, -2.8997591246450667, -0.0008963725796136086]]
[[-0.7190942889230543, -0.4185642870309338, 0.33180863046599274, -0.015839034057892307, 0.0056535843959026446, 0.01839197294234547]]	[[0.07290052021407725, -0.5708553777311429, 0.2751307751608111, 1.2085253972996044, -2.899760377719934, -0.000784042976788105]]
[[-0.352059102335733, -0.5212946008936601, 0.38634616239163594, -0.011542879183407911, -0.0025809546412709945, 0.006890717617238312]]	[[0.07290227462238862, -0.5708531177972194, 0.2750903898572633, 1.2085862318308707, -2.899762363703865, -0.0008187153719108124]]
[[-0.1097787295224054, -0.23409508483650274, 0.3321007252716332, -0.0023900713731610608, -0.007081253600829093, -0.0021436917685345213]]	[[0.07291714780047272, -0.5708512883148353, 0.27506984056149714, 1.2085912411130944, -2.899772413155368, -0.0007785111175411342]]
[[-0.508840200320499, -0.42597253271180363, 0.36268501706632417, 0.0002496201990037101, 0.004171701067483051, 0.007551230149957108]]	[[0.07292336978396055, -0.5708543311939671, 0.2750567877517015, -1.2086352076264766, 2.899782855850833, 0.0007397394260488755]]
[[-0.30097906176881456, -0.16020732092847595, 0.49279389331542167, 0.000834781123909879, -0.0030156626054312907, -0.001005626194103713]]	[[0.07293457101023487, -0.5708467099684758, 0.27502441383687803, 1.2086345051723546, -2.899727893445917, -0.0007618760264122468]]
[[-0.6143529020739437, -0.468700185179599, 0.43138697052957087, -0.0064655205089126765, 0.002279727905918569, 0.006473150070383783]]	[[0.07292450090881045, -0.5708578970525617, 0.2750199831142385, 1.2085304217839004, -2.8997704075420745, -0.0007226661441430481]]
[[-0.4539790944972327, -0.20594376545411214, 0.15730447894946725, -0.008613589245798543, -0.00015114758336548517, 0.0006216913478064267]]	[[0.07290984410870104, -0.5708539802071285, 0.27498968970168824, 1.208551764109084, -2.899774720596925, -0.0007034935322507008]]
[[-0.26929259710683917, -0.14208820398678285, 0.17747594297889197, -0.014059549320002373, -0.0005335501242730682, -0.0032137725021249334]]	[[0.0729096956700051, -0.5708570130639141, 0.27498106723221993, 1.2085118932209777, -2.8997762536760283, -0.0006267405713374318]]
[[-0.4414295390082943, 0.00041942493580390816, 0.16157502215708267, -0.013224595802334775, 0.0075746929957584, 0.003752903997323265]]	[[0.07292390717028463, -0.5708560491777712, 0.27494309246130977, 1.2085299441017665, -2.8997688914764463, -0.0006255126042952516]]
[[0.22989278609390862, 0.34060320935184524, 0.1618763559985198, -0.0026676558197494724, -0.007035816044867736, -0.004980910719781203]]	[[0.07293240109647747, -0.570849325016232, 0.2749329822860239, 1.2085436217609271, -2.8998017174671897, -0.0005881765965654244]]
[[-0.44846072898769285, -0.18675077357976674, 0.2463953222535884, -0.0075905448468217744, 0.011401255630241556, -0.0006154792498131314]]	[[0.07290141742921301, -0.5708684884870576, 0.274923323296675, 1.2084644343769653, -2.8998064693108687, -0.000477206894807191]]
[[-0.47837444669676155, -0.14642503474399984, 0.34198482848198747, -0.005698375740652593, 0.00937181418698525, -3.1364536393481776e-05]]	[[0.07290132831124707, -0.5708499678169883, 0.274886304543948, 1.2084647963265072, -2.8998088811397986, -0.0005891188032632329]]
[[-0.320206306643968, 0.05321687940562764, 0.012783106195170636, -0.01015025558445715, 0.004942367299097208, -0.00124190205455165]]	[[0.0729137370941506, -0.5708639954038814, 0.274887701544573, 1.2084291073243563, -2.8998208159686927, -0.00045764268745695954]]
[[-0.31619201764305654, 0.07382620315245172, 0.0826467737296158, -0.011773942129457485, 0.002545547078414921, 0.005143537092083153]]	[[0.07290391537790143, -0.5708567364569118, 0.2748272703477279, 1.2084644622086718, -2.899808068530129, -0.0005324900866852712]]
[[0.4108164652288374, 0.009255915105471219, -0.09751372179016966, -0.009183552546873834, -0.00795271321640586, -0.005562161977039181]]	[[0.07293174776194838, -0.5708610098028003, 0.27481832210691226, 1.20857583351367, -2.899734549478542, -0.000497433474334373]]
[[0.6573016199475097, -0.16317883410411815, -0.0012606140350148961, 0.00022171159636420702, -0.007109305116085832, -0.008024149620745278]]	[[0.07289950954294616, -0.57086997250877, 0.27481010589002597, 1.208454428383602, -2.899781891330103, -0.0003474305815980224]]
[[-0.10341974612030477, -0.41337031486769094, -0.04011838077793975, 0.005845137483764522, 0.013020105664356203, -0.0021113537344348583]]	[[0.0728950829089679, -0.5708702138123021, 0.2747891518345098, 1.208446922548769, -2.899810656879124, -0.0003095818091356674]]
[[-0.025393045914561096, -0.6857627112423508, -0.2113308349243129, 0.003624255167733411, 0.01251351905220665, -3.183052360142965e-05]]	[[0.07292044054067778, -0.5708624683454591, 0.2747713878641334, 1.20854934359701, -2.89976809178846, -0.0003103241248180198]]
[[0.04371352705899706, -0.6768015055207488, -0.30208422655074896, 0.0007919831389744166, 0.020559195775637175, 0.002053822622607858]]	[[0.07291897690191547, -0.5708620741190882, 0.2747608530759361, 1.2085627462408657, -2.899749543295253, -0.0003293029941667925]]
[[0.834587556544514, -0.3255227000951642, -0.4828846757530778, 0.007028567825029957, 0.0038224142335505323, -0.0064552131220040575]]	[[0.07290731724935884, -0.5708689294379933, 0.27471905753190684, 1.2084933995400078, -2.899777861392095, -0.0002935465535119465]]
[[0.33131367556444496, -0.15427065560194897, -0.04144067905104454, 0.01682472859365186, -0.0019160724335372933, 0.0057193948135812085]]	[[0.07291518523037148, -0.5708639744355141, 0.27470414619167743, 1.208502914431695, -2.8998007424630545, -0.000311843521582554]]
[[-0.3109895332007843, -0.3650112334877113, -0.18637255525382207, 0.00940951594375794, 0.023309388447487187, -0.0018532885906428584]]	[[0.0729058396697969, -0.5708682733272272, 0.27470471097847543, 1.2084712096039818, -2.89977307234777, -0.00023932148024494312]]
[[0.19858180559811547, -0.48214182370406444, -0.1535725838635265, -0.002073258768557071, 0.008982119444149181, 0.004336207564790906]]	[[0.07291106200639721, -0.5708685606541766, 0.27467152261585276, 1.2085592212095366, -2.8997899152593947, -0.0002915706664245428]]
[[0.4674585913875151, -0.11366459515083818, -0.24878959193529612, 0.009828652840882204, 0.0017559870686143066, -0.002202064350753727]]	[[0.07290012998017777, -0.5708713068756205, 0.27464419192549816, 1.208489296771365, -2.89976790363958, -0.0003328851296369243]]
[[0.12971726274482465, -0.3524505598774686, -0.04438688231739883, 0.000523494076111681, 0.005239095514629085, -0.0022743815713028672]]	[[0.07291725218779861, -0.5708726724704514, 0.27461723741319477, 1.2085318212926408, -2.899774581664618, -0.0002380445728873058]]
[[-0.11114790100400687, -0.18835615529376865, 0.040543105261104925, -0.0002548105704151221, 0.005014136623636581, -0.010039177434959837]]	[[0.07294969717407492, -0.5708668498769095, 0.27459580794942284, 1.2085633710824526, -2.899748935546134, -0.0002759175614795614]]
[[0.11411725402793733, -0.1359859679292824, -0.06626790672646203, 0.00022831657368417406, -0.005447488833584813, -0.0045917005070528006]]	[[0.07289297033366351, -0.5708676406214475, 0.27461176873019816, 1.2084592994761207, -2.899791026032651, -0.00022006176553560883]]
[[-0.07169984654243255, 0.025800043916075266, -0.16725433950057553, -0.00039612234878706265, -0.00589472055072645, 0.0021961496849491127]]	[[0.07290838821929638, -0.5708680279593836, 0.2745352727501429, 1.2085158902119388, -2.8997849703369867, -0.0003884021145310953]]
[[0.06213311702109396, -0.27107655525974966, 0.07411687716657166, -0.005792240580700033, -0.011169698207902113, -0.0068952511647189215]]	[[0.07292620893733617, -0.5708611094074881, 0.2745410665759975, 1.2085629180886388, -2.899749445228755, -0.0002760932046681024]]
[[-0.2613180265482487, -0.27947523022072496, 0.04079682542040375, -0.009937111334071694, -0.0021154740805975113, 0.005771169737504045]]	[[0.07291371751386777, -0.5708562992061839, 0.2745141931833609, 1.208490892018564, -2.8998200992018255, -0.00033073582351710414]]
[[-0.5560666990815257, -0.42310174571235, 0.15202900485221998, -0.012249642735545758, 0.0034249838742122993, 0.0021588075237840274]]	[[0.07289920531773897, -0.5708616003122793, 0.27448939602293565, 1.208465213941529, -2.8998051097026356, -0.0003319614257136265]]
[[-0.37898195780994043, -0.3175836349624677, 0.08973136983157634, -0.0061225956227657944, 0.004709441617878445, 0.002379039655362432]]	[[0.07290528894823528, -0.5708664530943137, 0.27446846797739827, 1.2084033718824283, -2.899804657614243, -0.00033414414005058103]]
[[-0.36270904184004016, -0.292351859836705, 0.10375791111764222, -0.0061290476227121495, 0.005907068238519384, 0.004263354183996963]]	[[0.07290633357347817, -0.5708589126131557, 0.2744389461285862, 1.2084515203786024, -2.899824820700967, -0.0003693242991595031]]
[[-0.03422372639261512, -0.3567459521170898, 0.0014652911104205426, -0.012409242705259812, -0.0013572033300261587, 0.002086554030910643]]	[[0.0729148090826794, -0.5708658748405654, 0.2744128971198228, 1.208499484277748, -2.8997920330402187, -0.0003696533697592377]]
[[0.30232425587411466, -0.29267970002218563, -0.0654808332636468, -0.012401062570267428, -0.0063102438757267655, -0.003429221354186067]]	[[0.07289914809574907, -0.5708545817075507, 0.27437551825039874, 1.2084929192085605, -2.8998228837936644, -0.0004624589630689354]]
[[-0.11316993905236888, 0.12469411601057528, 0.16613458031581652, 0.0024530259115772795, -0.0004504395395914947, -0.00043323148970291744]]	[[0.07292935757425142, -0.5708433241727433, 0.2743508931929589, 1.2085222401871196, -2.8997974650855727, -0.0004435992110517798]]
[[0.10801874676471791, 0.0039884171928325635, 0.005450327150585815, -0.0021380614229282737, 0.00010889393273577565, 0.004097779114151836]]	[[0.07291827154239412, -0.5708558855353733, 0.27434603329979257, 1.2085168975416765, -2.899784710427401, -0.00034960864406536474]]
[[-0.23901552429786108, -0.16082971875865856, 0.13427090606389774, -0.00320841162873891, 0.008621507024231615, -0.0016646208604635623]]	[[0.0729146282894907, -0.5708530674616625, 0.274295268183557, 1.20847331336266, -2.8997792721940576, -0.0004629532378668922]]
[[-0.03777617014605132, -0.007633687295930917, 0.22666363422869504, 0.0007372117597435912, 0.00469773235300057, 0.0007532228707048458]]	[[0.07290675771777778, -0.5708476562865112, 0.2742934845907471, 1.2085130794042156, -2.8997752563192387, -0.0004447474845908034]]
[[0.12219158707531874, 0.07936974733281285, 0.24809839974113757, 0.0026097504200224726, -5.343915155060818e-05, 0.0033750958793818966]]	[[0.07291937235916458, -0.5708457980811151, 0.2742618339876749, 1.208509159455486, -2.899763726876206, -0.00042644861838911157]]
[[-0.22432791939053798, -0.4000030471729065, -0.023240440302432556, -0.00831215683261731, 0.008124906110320603, 0.006167029717140405]]	[[0.07292476498754359, -0.5708465159267943, 0.27424664456984227, 1.2085275862752662, -2.899808270914698, -0.0004241499175540111]]
[[-0.1989162623973639, -0.23853667004403234, 0.18166657416274415, -0.007196184500863297, 0.0035545419447824945, 0.006379006949478593]]	[[0.07288882943431098, -0.5708661613722689, 0.2742283170146957, 1.2084476992938866, -2.899762433418576, -0.0003715320062635081]]
[[0.14795076714937064, -0.269634690751538, 0.09921030762901638, -0.01086000732657456, -0.006336218894250295, 0.0017138925792595005]]	[[0.07290778313168099, -0.5708501816958145, 0.2742067593248335, 1.208478288876387, -2.89978894610977, -0.0003877357313577254]]
[[-0.4103725915810952, -0.0631170421969266, 0.17081967406505372, -0.007439874000069743, 0.00704812843040228, 0.008454772498141814]]	[[0.0729109378681086, -0.5708449511196207, 0.274155547178621, 1.2085841106750164, -2.899799764291554, -0.0004986563705003548]]
[[-0.5225162504639893, -0.14013120306202112, 0.20993226250444902, -0.009529158557491188, 0.012480829233290868, 0.0021011846705744942]]	[[0.07288243204798195, -0.5708578092219295, 0.27416415371427827, 1.208444341635623, -2.899802909149643, -0.0003693878823286994]]
[[-0.08123154329218191, 0.1897756012389677, 0.28188177724504826, -0.0004087037072567519, 0.0037177692319195635, 0.005329627444172791]]	[[0.07292046479532718, -0.5708416659184831, 0.27411411736694125, 1.2085543751236898, -2.899774865924984, -0.0005561665598352131]]
[[-0.04916840284389378, -0.05894403749319873, 0.08686839004830246, -0.010673165086306734, 0.00269222151120759, 0.004799230051718294]]	[[0.07288625051070383, -0.5708454221292498, 0.27408269528292567, 1.2084153565665976, -2.89983254121412, -0.0005365079314933952]]
[[0.11096159857390274, 0.1279216603520488, 0.14635629267251093, -0.008258427291758894, 0.00034562325435066876, 0.001845390061636229]]	[[0.07290564195873543, -0.5708477532393871, 0.2740428966238167, 1.2085102260500573, -2.8997681156629462, -0.0005947403126834148]]
[[-0.5041753208819695, 0.04206806633105947, 0.05153841897592332, -0.011216996118865393, 0.013092671431749716, 0.0030387405165671027]]	[[0.07288663869901814, -0.5708499144190676, 0.2740492701122393, 1.2084630650867154, -2.8997989920871516, -0.0005183316558960162]]
[[-0.31264313696725066, 0.3386235803851228, 0.036253755143857556, -0.003313507541587442, 0.005648379375746112, 0.004015650429138316]]	[[0.07288186674253348, -0.5708492102472592, 0.27400787126027726, 1.208420488977546, -2.8998428802592606, -0.0004987248934196506]]
[[-0.5035522350633209, -0.01090472000780579, 0.13853444423069763, -0.009111889845404042, 0.008316540598112834, 0.010303332757917873]]	[[0.07292857738238578, -0.5708475739517819, 0.2739957011787983, 1.2085495813276221, -2.8997631931370247, -0.00051840784327549]]
[[0.24072469000623847, 0.14850976057777826, -0.12924429451732222, -0.0037705641524257844, -0.005556094057154409, 0.003603131296919963]]	[[0.07293154325432318, -0.5708485468580782, 0.27397812619611844, 1.2085760408127248, -2.899778139155553, -0.0004967511641588209]]
[[0.22196148029583374, -0.0414878765506648, 0.061208976043053906, -0.0029237840613799185, -0.006102251940402571, 0.004371615112264994]]	[[0.07289741864209126, -0.5708594747404204, 0.2739665076066451, 1.208479888075517, -2.8997907109266166, -0.00044223293571532914]]
[[-0.028565296216945237, -0.05167962184746693, 0.05189716531685104, -0.0039936840390841725, 0.00031993828390249773, 0.00381545174205161]]	[[0.07293196154144116, -0.5708529482227455, 0.2739257738002424, 1.208536866502528, -2.8997814131314708, -0.00047901038597417535]]
[[-0.6183136314658306, 0.3801647939734428, 0.1815105170174481, 0.0022096312482625994, 0.009707788244193574, 0.010061025905511223]]	[[0.07290743585882928, -0.5708643373363123, 0.2739359429692396, 1.2084482667668732, -2.899816184354684, -0.00038403415946563715]]
[[-0.4117369162493058, 0.15839715257221254, 0.25850298693288315, -0.0037040426881181114, 0.003767675445207726, 0.003717524830108138]]	[[0.0728815290623528, -0.5708550261607398, 0.2738524654869615, 1.2084466216891843, -2.8998080721128727, -0.0005736800090297516]]
[[-0.39288540847902653, 0.27750293709669865, 0.024769723128163106, 6.461762395907462e-05, 0.0015410796231464887, -0.0016345089075141775]]	[[0.07289353176142821, -0.5708610638670318, 0.2738705262176439, 1.2084721180319695, -2.899820759168667, -0.0004401119084405688]]
[[0.1584210510043933, 0.008433560393327086, 0.06373158583741945, -0.0066687955921241856, -0.0091074490306455, -0.00026532963631420014]]	[[0.0728911451901825, -0.5708648694719763, 0.27385213177754175, 1.2084231633245701, -2.8998003422002494, -0.0003661788839301977]]
[[-0.263033440267167, -0.172172627867855, 0.24365643358915468, -0.006255358478901288, 0.0035567950901737627, 0.00956027462832641]]	[[0.07291891339340516, -0.570866949568009, 0.2738124567244516, 1.208504364472129, -2.8997537585151165, -0.00036575287635414843]]
[[-0.15994642810085957, -0.06985554836129254, -0.026319989045076278, -0.005234206082498781, 0.006689369949991091, 0.0027273201081684318]]	[[0.07290911621665595, -0.5708651962022451, 0.27379120332075146, 1.2084712641277944, -2.899820616810811, -0.0003996652158826421]]
[[-0.4042490667840659, -0.16891499869271048, 0.17999857369165254, -0.01015927177366823, 0.008127332106960237, 0.006348192316152554]]	[[0.07291048288575981, -0.5708687906826392, 0.273785069827345, 1.2084708345354436, -2.8998195848177692, -0.00034351734400054777]]
[[0.03778112520316333, 0.2552790819655289, 0.007492317392482043, -0.0012793820978367159, 0.00013848945894881168, 0.0030787738579938365]]	[[0.07290598207466421, -0.5708783921442038, 0.27375054958615175, 1.208449535665849, -2.899815289783042, -0.00032503542327933313]]
[[-0.21399809999058006, -0.07143500949206097, 0.08559692658755186, -0.007080861472702912, 0.0012350527865226872, 0.007738964897187348]]	[[0.0729259863849817, -0.5708754181909738, 0.27370336516492233, 1.2085185043395297, -2.89978801967336, -0.0003809817262640249]]
[[-0.16901717705788308, -0.24555655178055052, 0.04758287157752158, -0.016735708278679838, 0.002956522818422628, 0.007634156508436739]]	[[0.07290709116228068, -0.570862927979785, 0.273667920218052, 1.2084843284988867, -2.8998029162435035, -0.00040024837197575333]]
[[0.08945620543666111, -0.5717621537197425, 0.1438740835586696, -0.02103094830215079, -0.0037423518310311273, 0.004979795275592566]]	[[0.07290840378078357, -0.5708882054892027, 0.27366680253970455, 1.2084444778675827, -2.8998031104821593, -0.00026782440247149624]]
[[-0.019948832270699407, -0.2200382768690296, 0.12627428614655953, -0.009277772037775738, 0.004521870758356242, 0.0023387013799987632]]	[[0.07291323428527405, -0.5708861362271388, 0.27363431824835865, 1.2084566004060164, -2.8997852910520994, -0.0002669333227011833]]
[[-0.31438670611893427, 0.10482452926743707, 0.2872398084449402, 0.004071348917186021, 0.004944806131193612, 0.0008046146699266906]]	[[0.072884397136533, -0.5708810381294785, 0.27362672994432924, 1.2083924337711456, -2.8998238043906666, -0.00021166812199287048]]
[[-0.28555504055713965, 0.1754706100762893, 0.23449627531761727, 0.007275406597002732, 0.0016938459937938157, 0.0025556141513328446]]	[[0.07290080644394607, -0.5708901517051688, 0.2736055528521245, 1.2084042755976487, -2.8998056634412506, -0.00019524708199296196]]
[[-0.12445981944415307, -0.035170363470786024, 0.018464001148761577, -0.001509144324216552, -0.0012622931328416616, -0.0009209583682771738]]	[[0.07292385315448253, -0.5708972823590281, 0.2735659686785563, 1.208496213887662, -2.8998321221674526, -0.0001714542847164532]]
[[-0.09180006207903174, -0.5608199505017266, 0.12451753799010741, -0.01139876128375139, 0.0009880957591712897, 0.006845617870766648]]	[[0.07290724738018217, -0.5708969707780089, 0.27353219163796905, 1.2084361820450915, -2.8998319112292648, -0.00019092489428297992]]
[[0.18951295215238642, -0.2982097389191461, 0.05752479738981104, -0.004159490584743436, -0.000816234751399016, 0.005082794810255583]]	[[0.072913777763081, -0.5708986792305445, 0.273532778366711, 1.208465625837233, -2.899805078915421, -0.00011686646215799827]]
[[-0.016995879228784122, -0.266701369415917, 0.011048200624175606, 0.009714002672475332, 0.009286928780337829, 0.00999581457769078]]	[[0.07292768358341736, -0.5708984252549572, 0.2735048959864562, 1.208482144089567, -2.899797948905831, -9.935898043183172e-05]]
[[0.01508985938357299, -1.0332889051331686, 0.1010099546191355, -0.007879533086298336, 0.007202592859887558, 0.009358957735887059]]	[[0.07292970673792518, -0.570900359258506, 0.2734957276975888, 1.2084681947351898, -2.8998150950401858, -2.5469272054886573e-05]]
[[0.33318986097007075, -0.7029037550543165, -0.03608433121907607, 0.005106581467572777, 0.0024737483191983453, 0.004385637854115664]]	[[0.07292747332000825, -0.5709012347706635, 0.2734846990662772, 1.2084586508073552, -2.8997919806036094, 1.0333296389166603e-05]]
[[-0.16809825828239328, -0.7601081012859341, 0.024552609987564263, 0.0032015968147740045, 0.016884551217739335, 0.010744666807848788]]	[[0.07293056418906406, -0.5709059401501181, 0.27345457892510994, 1.208498664915898, -2.8997888597069132, 1.1447921570859134e-05]]
[[-0.24113033350795576, -0.9007420687856307, 0.13425605819060754, -0.005269246368583612, 0.01810880859340598, 0.008421899409209555]]	[[0.07293261063699506, -0.5709080348115794, 0.27343121615416777, 1.2084682777744626, -2.8998154102801443, -2.7138193997631893e-05]]
[[-0.06526177948377179, -0.36133488389760116, 0.0033526860561899846, 0.0015401711215013549, 0.009269961350477147, -0.0010044551707279878]]	[[0.07292197459252908, -0.5709054776307723, 0.2734122533804817, 1.208510647162182, -2.8997706903402203, 9.786768343901258e-06]]
[[-0.5300918966011575, -0.5509991918439254, 0.06805852053799305, -0.004456099333635165, 0.015409770229743977, 0.012040522283971842]]	[[0.07292535885618846, -0.5709076642565339, 0.2733638397678896, 1.2084696895081706, -2.899816823352867, -0.00010179648475435536]]
[[0.20181787077481192, -0.1955213613471966, 0.015262620973605952, -0.0002731429960104127, -0.0016172475766401137, 0.005493800820880513]]	[[0.07293180100365983, -0.5709160546931378, 0.2733469950544758, 1.2084726538806798, -2.899775172055022, -4.7425652431197834e-05]]
[[0.13826023732467985, -0.6517630285598471, 0.03583646490845168, -0.010956682831070104, -0.002764205468809763, 0.00891554085745502]]	[[0.0729282690779681, -0.5709153393743736, 0.27328959306495604, 1.2084697976100796, -2.899817182930817, -0.00010365006316996917]]
[[0.10038035377180138, -0.16067906068085272, -0.07082411190706163, 0.0012075002690233798, 0.0017481401846327477, 7.161139319091494e-05]]	[[0.0729112199615218, -0.5709194170164522, 0.2732841090543963, 1.2084277420645502, -2.899860546673939, -0.00010241751088564406]]
[[-0.14388247512112273, -0.7672720790256784, -0.0007287034354781424, -0.013710507731301412, 0.003489071933043426, 0.0034383498749234356]]	[[0.07293385598409691, -0.5709180936061933, 0.27324749130865866, 1.2085126938313522, -2.8997740204683717, -0.00014279557121995765]]
[[-0.17430737321080503, -0.2109238514532627, -0.15340285020180808, -0.005011877719882109, 0.008306162510298748, 0.0063543640376174495]]	[[0.07291808685933776, -0.570922010643498, 0.2732306539492642, 1.2084751344959972, -2.8998281649830906, -0.00010330151795556917]]
[[-0.1688975049105959, -0.046703846058389016, -0.052774455659794495, 0.00032635181320680214, 0.0042572013695940545, 0.00443652465720599]]	[[0.07293052187097578, -0.5709124755652767, 0.2731892319883722, 1.2085431838054, -2.899749544588691, -0.00018045339328401981]]
[[-0.3555878855134526, 0.22857394486189136, 0.09909352337538217, -2.155804871697281e-05, 0.007380049064781749, 0.003798741276008061]]	[[0.07290943665704701, -0.5709179603842532, 0.2731689322597472, 1.2084244400795896, -2.8998525287713948, -0.0002350426360483448]]
[[-0.3584423207720271, 0.044190406827379874, 0.014399908708133851, -0.0044194892240110185, 0.006201089420246513, 0.006841393197840505]]	[[0.07292009457029315, -0.5709104069225137, 0.2731361329966805, 1.20844837460605, -2.8997652171292305, -0.0002584943818724684]]
[[0.2075572862887557, -0.07836800208902994, 0.04519893826301884, -0.008042855509722977, -0.0029946192114265057, 0.0067216983904556755]]	[[0.07293661536031859, -0.5709217969286631, 0.2731111269127694, 1.2084491352693283, -2.8998163010951052, -0.00021819704795840556]]
[[0.015509783433415941, -0.22393376147594996, 0.10000720187683663, -0.006193390867493753, 0.008541745163530635, 0.005593225756767126]]	[[0.0729206766522484, -0.5709097190205479, 0.2730614826716924, 1.208459754713166, -2.899839632188182, -0.0002915347475960664]]
[[-0.0883714517091056, -0.1538707977257884, 0.06011498906263611, -0.00387101061037307, 0.011111909308156268, 0.00600102946177803]]	[[0.07293318446410693, -0.570916161809894, 0.2730659479464573, 1.2084799474858927, -2.8997927407821034, -0.00033027607667666595]]
[[-0.25783407981024287, -0.020262083617529972, 0.230492370258989, 0.0008493156415677965, 0.008262320962423474, 0.004123683249306773]]	[[0.07292692523366656, -0.5709251930932115, 0.2730110129046271, 1.2084356259350653, -2.8997856740794647, -0.00033214807434201013]]
[[-0.3461615328621613, -0.5453785734276292, 0.2408017022772814, -0.013107877358489768, 0.00935787789492665, 0.007104426301814015]]	[[0.07292841204538608, -0.5709100372620126, 0.2729954060985829, 1.208488496284029, -2.8997641406687267, -0.0003491736345389353]]
[[-0.17626163381410864, -0.10315967212515598, 0.17244600073910946, 0.0012983551930213799, 0.005492112521644779, 0.004180068997948789]]	[[0.07290819127750249, -0.5709211653177134, 0.27299061775142364, 1.2084508388474806, -2.899818270252698, -0.0003105301902090695]]
[[-0.3340813092872439, -0.5904032037148077, 0.1784740377166661, -0.011118384988094891, 0.013670035906496526, 0.005665659382616507]]	[[0.07293241374507814, -0.5709104313147576, 0.2729518315152613, 1.2085028560624227, -2.8997988804897625, -0.0004048432384001542]]
[[-0.15665062992764783, -0.681869844517452, 0.32103477525285135, -0.009119857762590498, 0.007283568217778973, 0.013405087691506766]]	[[0.07291656235647218, -0.5709210914672771, 0.27291937425247215, 1.2084563636953434, -2.8998317018851836, -0.00042200214081136104]]
[[-0.08224171965081056, -0.7925744974186133, 0.2501306129741499, -0.014357988767875505, 0.006059117794799079, 0.0050614384669556405]]	[[0.07291582299455723, -0.5709190467293651, 0.2728863913138665, 1.208490352803125, -2.899817737125079, -0.00042283614589906497]]
[[0.09964644929987655, -0.06352659331336635, 0.2488004520065467, 0.004368311926778994, -0.000611615581239691, 0.010181227964293828]]	[[0.07294382870020631, -0.5709183982681335, 0.27284403717924355, 1.2085425500478226, -2.899797030105961, -0.00046128475700815544]]
[[-0.43420628270275574, -0.7677946743831097, 0.40736382251196424, -0.01595872301795782, 0.011254471095092436, 0.00792485493644436]]	[[0.0729167943036, -0.5709182133153923, 0.2728292488603911, 1.2084443017969375, -2.8998513811748317, -0.00047928836061594224]]
[[-0.43633193337674664, -0.535377512735947, 0.5237913114170107, -0.011950640161683172, 0.007341841376039859, 0.001415360068308168]]	[[0.07293882712343751, -0.5709206492700779, 0.27279932132882895, 1.2085127532429332, -2.8998229648549203, -0.0004780645147808343]]
[[-0.3728410948727066, -0.3022845097582056, 0.4199615858659736, -0.00790523976985706, 0.00352675829916143, 0.004074768819639856]]	[[0.07290556848301866, -0.5709071902447719, 0.2727807572586621, 1.2084276762835693, -2.899859828097122, -0.0005353278403752868]]
[[-0.37036986956814155, -0.326407496861268, 0.3997283821695362, -0.009593850781285107, 0.003442442695912127, 0.00824958094056311]]	[[0.07291959750319905, -0.570922186088239, 0.2727579523218752, 1.2084834121058792, -2.899847919323587, -0.00045891085997216583]]
[[-0.29332340279529534, -0.1340053780430896, 0.2351912488717376, -0.006401783449533734, 0.002522423666723739, 0.009853477198602788]]	[[0.07291610380656578, -0.5709162918158771, 0.27271413743903145, 1.2084628278319771, -2.8998471305215947, -0.0006099880726580255]]
[[-0.4085759848622701, -0.22449930131298584, 0.2952593527623786, -0.011109788635518845, 0.0037891669370718633, 0.004979573692447449]]	[[0.07292508635947784, -0.5709095944014094, 0.27271879175579794, 1.2085388270107278, -2.899787583403427, -0.0005173588205421866]]
[[-0.1591033840182268, 0.04257694903441786, 0.1723797143825697, -0.006682436585717525, -0.0034326296467882345, 0.006813092564538314]]	[[0.07293103173489067, -0.5709099320992455, 0.2726650008629444, 1.2084310294687124, -2.8998209627337523, -0.0005920004332213501]]
[[-0.211128433514579, -0.14967329118969858, 0.32590199687280497, -0.008861445699824251, 0.0009999381823992803, -0.002858488060724258]]	[[0.0729402077331301, -0.5709084289326923, 0.2726542672548209, 1.2085437736916667, -2.8997995038558524, -0.0005509760099884694]]
[[-0.47646642760214875, -0.38939893533983655, 0.3769622303134377, -0.01431451563045755, 0.005389430899325114, 0.009886896453811016]]	[[0.07291229679632351, -0.5709126575266025, 0.27263469584404243, 1.2083843977444646, -2.8998531307965094, -0.0005524271253037419]]
[[-0.27819153619936976, 0.15513376553165364, 0.32775845128503867, 0.0013203577025958095, 0.0011059781433953376, -0.005156242776801941]]	[[0.07293717623555912, -0.5709104882857902, 0.2726048531648628, 1.2085124698475387, -2.899772723367717, -0.00051446351955006]]
[[0.07778916903887496, -0.19190313082687016, 0.31421632241433495, -0.0047620150852212065, -0.007107692658976198, -0.0037141337782528767]]	[[0.0729105777661618, -0.570911435989876, 0.2725815707409131, 1.2084486662432645, -2.8998123570901777, -0.0005138449226349234]]
[[-0.2880040470027492, -0.2889498646560842, 0.14669397855447056, -0.011524386634960394, 0.004515400491546986, 0.0038431412300779498]]	[[0.07292122837138634, -0.570916086595488, 0.2725705988371802, 1.2084642812817175, -2.8997542492245736, -0.0005159256407440013]]
[[-0.5251541932574555, -0.5561327012853181, 0.2179175718491537, -0.020455829831278242, 0.011035619088946475, 0.006924664814411763]]	[[0.07293006411399097, -0.5709070882785887, 0.2725329547005291, 1.208483218073437, -2.8997998500585234, -0.0005888794381886378]]
[[-0.22528190936891127, -0.1374918233396294, 0.22459729197869388, -0.010160364717030699, 0.0077958223929630865, 0.0031858785029213067]]	[[0.07293132601185229, -0.570913753354799, 0.27250242659516943, 1.2084782511853078, -2.899787897465115, -0.0005321236307366644]]
[[-0.181794372531085, -0.30986234709571886, 0.3186009093289835, -0.017024494243981406, 0.006104880086073699, -0.0007391847550892426]]	[[0.07292115800738554, -0.5709055409823521, 0.27249391640127935, 1.2084262521197988, -2.899808809762176, -0.0004943141696365288]]
[[-0.34826257646431863, -0.3295689363140104, 0.25476584657696066, -0.01533060363245599, 0.012431788317951978, 0.005400646122442476]]	[[0.0729110108751963, -0.5709157721705314, 0.2724615170904, 1.2084616183486498, -2.899794597568463, -0.0005112483360626257]]
[[-0.21622648771059266, -0.3278101526743599, 0.10944192751995203, -0.017177361744713075, 0.007578749437022606, 0.005054892744474497]]	[[0.07291600242278463, -0.5709134163018076, 0.27243015696357, 1.2084401515774021, -2.89979164678066, -0.0005505935214903843]]
[[0.20162410309319403, -0.3674875648894839, 0.2977678576474549, -0.013655031825042869, -0.002185989225883596, 0.0005202160809761806]]	[[0.07291762509375879, -0.5709142579718632, 0.2724007505178057, 1.2084443643084704, -2.8998017251125434, -0.0004941060671737429]]
[[0.39981928457562466, -0.09039037471155806, 0.22283447822478594, -0.008367878464928605, -0.00017272191549985542, -0.0009433181032043872]]	[[0.07293861333249252, -0.5709207088796903, 0.2723956090018481, 1.2085034515804427, -2.8997508013506814, -0.00047334306113132487]]
[[-0.29993604804027607, -0.31969450646428554, 0.29270266223337443, -0.022492186379048016, 0.009409548055734112, 0.0011708505125560805]]	[[0.07292799230806758, -0.5709166797237395, 0.2723585840931349, 1.2084701518678154, -2.8998170358171627, -0.00047094437798010213]]
[[0.0980848063241716, 0.12323629100552282, 0.25712650890916006, -0.01007558997179848, 0.0022187887056439697, -0.003866298952302356]]	[[0.07292345617622366, -0.5709193062063799, 0.272355903715629, 1.2084742987809325, -2.8998249164342917, -0.0003194818406588363]]
[[-0.00804098978069141, -0.014004762725950696, 0.18028054095967236, -0.018868940513970738, 0.0016928729196000816, 0.007551349291239227]]	[[0.07291031289615124, -0.570925772016827, 0.2722930071190649, 1.2084537776196769, -2.8998245910063516, -0.0004891781420506782]]
[[-0.04952751295250066, -0.20862974500783593, 0.41485653509733494, -0.011757107871048736, 0.004839872771904339, 0.0007779993985957938]]	[[0.07292106587636928, -0.5709197257168709, 0.2723149247492159, 1.2084297041878451, -2.8998169575468467, -0.000301448533870567]]
[[0.014072561155145713, -0.3675649313514758, 0.11395635534485447, -0.009415724947567403, 0.001985367786747499, 0.008369799599734724]]	[[0.07292620340630132, -0.5709231307610984, 0.27228455106051686, 1.2084615636052147, -2.8998430817941014, -0.00030031994548558876]]
[[0.008142783207239157, -0.42111743990511413, 0.14314176666457185, -0.008967449971560223, -0.0019761907751009705, -0.0013576811275662639]]	[[0.07291658387672179, -0.5709267059273908, 0.27225709076981003, 1.2084123538384768, -2.8998240563856252, -0.0002825324555013943]]
[[-0.1136755261186018, -0.23026881611373687, 0.31753024444076955, -0.007722355544728699, 0.0020498294837975, 0.000526794029753646]]	[[0.0729015002268284, -0.5709346063810334, 0.27223478140308094, 1.2083818130601238, -2.8997973419364054, -0.0002469458155947517]]
[[0.13210891830670513, -0.3496498267609594, 0.2294292601224552, -0.011796916314924973, -0.0076209070140601355, -0.006177073473758729]]	[[0.0729152784807637, -0.5709352626322796, 0.2722113948931061, 1.2084039781716647, -2.899852860733282, -0.0002253071297722285]]
[[-0.16555863927292724, -0.13649852778514773, -0.08468255249291949, -0.0073190092170360155, -0.0006814987562215099, 0.0005686077391069442]]	[[0.07294266059319751, -0.5709397856754019, 0.27219177412528484, 1.2084977970943112, -2.8997858321234395, -0.0001502926873155742]]
[[-0.057578166354218085, -0.4512444265932378, -0.05314925054882653, -0.009056354076129225, 0.0005584578135441479, -0.00021559160503071507]]	[[0.0729470692694042, -0.5709324701023616, 0.2721619244808461, 1.208498225455163, -2.8997866861672628, -0.0001893046110616305]]
[[-0.01942935546610508, -0.49162109652170194, -0.08198548759020138, -0.003785619678623127, -0.0002197360540936459, 0.010564090765856494]]	[[0.07292295955120298, -0.5709399183197004, 0.27215666239992997, 1.2083993884504747, -2.8998397091855326, -0.00011576774287362189]]
[[0.4304849485104233, -0.2173160813834243, -0.13336074525206373, 0.011385934442388767, -0.00893136588040141, -0.0008513733289811178]]	[[0.0729323311965447, -0.5709310682361577, 0.27210685858281514, 1.2084457340380963, -2.8998085005719445, -0.00017300798949891112]]
[[-0.34611513900427815, -0.8228689027052688, -0.03864120448186209, 0.003844076255349887, 0.015568770726716571, -0.00013426833469068575]]	[[0.0729164567865947, -0.5709449932911006, 0.27211277853751087, 1.2084288685239464, -2.8998129707240743, -5.9785659846471155e-05]]
[[0.08863968075204756, -0.21699055127729644, -0.11347348757846827, 0.017447489157665072, 0.00918896463627681, -0.0032974871961493867]]	[[0.07292144011111154, -0.5709391924145866, 0.2720573196872138, 1.2084467558938752, -2.899807074917517, -0.00011666490691569943]]
[[-0.0737252814638778, -0.8022408334379518, 0.10821329885340987, 0.0026907189828806344, 0.009808317751071332, 0.00020423482618435113]]	[[0.07293216804077961, -0.5709418440241326, 0.2720619806289093, 1.2084727406119276, -2.8998208950162, -4.082765838337353e-05]]
[[-0.02918929799050074, -0.5641224558023596, -0.043416011573660346, 0.006205216653936372, 0.0025150141078005687, -0.0009986100175962116]]	[[0.07293119882399803, -0.5709311742925071, 0.27202406804132456, 1.2085098523572781, -2.8997672879150906, -8.199307289129092e-05]]
[[0.0014870002213897004, -0.5124921985887381, -0.12221076213107096, 0.012849156453604814, 0.001669709897632085, -0.004375199572306069]]	[[0.07292840308249753, -0.5709386525900473, 0.2719820032584523, 1.2084472357043181, -2.8998081847043164, -0.00015837984574759828]]
[[-0.16268011456517875, -0.45828233956750075, -0.12790840228607392, 0.01110226355323521, 0.005975842331932204, 0.006858754179009734]]	[[0.07295354820233153, -0.5709424887689207, 0.2719639626873235, 1.2084555249920081, -2.8998302795361677, -0.00011847017710127638]]
[[-0.3473867608331872, -0.6459692641165008, 0.03356419005992554, 0.008966480789356038, 0.016296931243513293, -0.0007214601645778874]]	[[0.07292315761776479, -0.5709366467251118, 0.27195553520958327, 1.2084387910779355, -2.8998365056632127, -8.113128742171298e-05]]
[[0.18259862907370286, -0.19452277155210362, -0.13067279804838292, 0.005331110709860424, -0.0012459213166010961, 0.0051035610240981605]]	[[0.07291942372592211, -0.570940407001121, 0.27190637847573734, 1.2084034348721135, -2.899802219074573, -0.00021424082098307618]]
[[-0.0715952079205186, -0.20825763285375493, 0.023344898722322333, 0.002352221814796049, 0.002672529700644346, -0.0019874475955666726]]	[[0.07291322392002683, -0.570939409121497, 0.27190938182249624, 1.2084253112532082, -2.8998039671782707, -0.0001212672569357898]]
[[-0.49581115847589885, -0.5005590768549741, -0.09655153554263946, -0.013974643489502298, 0.008898774964912839, 0.005267567055521264]]	[[0.07290319844663454, -0.5709316704099922, 0.2718598631017367, 1.2083399245857802, -2.899842315597227, -0.00023410499561714828]]
[[0.10199147843898557, -0.3772480699811139, -0.05406854714474538, -0.01058519306321553, -0.0033641811668755008, -0.0006167517181062789]]	[[0.07292905975510589, -0.5709252495771691, 0.2718434771019171, 1.2084255850250978, -2.899806277687533, -0.00021435362337999563]]
[[-0.02772487256585074, -0.41191825768725093, -0.06277909060337446, -0.015046993576791724, 0.0043946068628927465, 0.0015579905387257985]]	[[0.07294490015525758, -0.5709295174078676, 0.2718002962074438, 1.2085300080147625, -2.899765047534459, -0.0003089511822206808]]
[[-0.43244851506750825, -0.006212495513563843, 0.10268756356651915, -0.0031634384053700233, 0.014083253082103666, 0.0015042502788342388]]	[[0.07291595845165152, -0.5709206960167404, 0.27178131576476494, 1.2084187818758312, -2.8998387363316507, -0.0003472733269927]]
[[-0.015407845194430767, 0.0539408871076273, -0.011309693860213223, -0.005837548282422014, 0.008117776272303655, -0.0020272434279436425]]	[[0.07293811562608118, -0.5709269618259586, 0.2717645240869381, 1.2084308517590154, -2.8998190745227315, -0.00029035732079503516]]
[[0.08528487055194943, 0.27730281799645573, 0.0007964086293302028, -0.0068452146270057725, 0.012189180851275037, 0.005180913606381163]]	[[0.07291161507750425, -0.5709260920837429, 0.27172048564015394, 1.2083622937696683, -2.8997982994120983, -0.00038563489437038124]]
[[-0.3614368608081283, 0.23119842332333856, 0.037537599886904735, -0.0149622396343561, 0.02431578414918538, 0.008472599672766215]]	[[0.07291447357888405, -0.5709302853510583, 0.2716977470258162, 1.208383875004348, -2.8998015211154584, -0.0003486145015694224]]
[[-0.06649657032587845, 0.20515510825922814, 0.17291091506667827, -0.015081773464738806, 0.00509352599095522, -0.0007108461566130559]]	[[0.0729160921252348, -0.5709208804108452, 0.2716748600920722, 1.2084371382973014, -2.899832026632893, -0.00036474537638006896]]
[[-0.48485507851375065, -0.3319333820681816, 0.1312203662274131, -0.010619372911483885, 0.007819614073870966, -0.0047101278448332265]]	[[0.07292152467808403, -0.5709198072769671, 0.27163566761427194, 1.208449911859981, -2.8998138764276433, -0.0003832478186013009]]
[[-0.23311534226468572, -0.34855018609759203, 0.19629549135585755, -0.000816348785927697, 0.003183841427661346, -0.0036560920389144655]]	[[0.07290327089141459, -0.5709159141014036, 0.2716074764287373, 1.208355064109643, -2.8998294167637555, -0.00046045340823557354]]
[[0.05381466475587812, -0.21011241046238271, 0.0716352326755198, 0.005329408678360352, 0.004275777442472618, -0.00038426589093073946]]	[[0.07293043587859004, -0.5709130028883839, 0.27156153774428426, 1.2084577521974287, -2.8997876577383455, -0.0004969353161958127]]
[[0.07858708445987712, -0.24087011553569582, 0.32091988451369385, -0.0030603751519862176, 0.0009066306437352377, -0.004261981023299001]]	[[0.07291646379829456, -0.5709095689964551, 0.27156105465139374, 1.20851533997067, -2.8997757886508158, -0.0004594548051656862]]
[[-0.09612925630780558, 0.06439884762156729, 0.1079414209493654, -0.006758298556758944, 0.009415611727531943, -0.0065839678512842215]]	[[0.07292196879329049, -0.5709059865783653, 0.2715116553192404, 1.2084290411882892, -2.8998140376058426, -0.0005522664377066246]]
[[-0.3395968177718467, 0.13415544610828878, 0.24350584797224806, -0.0062528491963516125, 0.0031789386118522027, 0.00043884547475058595]]	[[0.07291375939289373, -0.5709214192949773, 0.2714874175170314, 1.2083778006808679, -2.8998355402672398, -0.0005551637661262262]]
[[-0.3051530726096808, 0.3293442775226286, 0.11695338642614257, 0.006420527710027947, -0.006644231221919514, 0.004210056467796845]]	[[0.07290466268641933, -0.5709194316778512, 0.27148735321992457, 1.2084071638761265, -2.899808319014421, -0.00046005077289382824]]
[[-0.403165054105573, -0.46315162393501264, 0.1584162631892061, -0.003390902959058208, -0.006610499818873961, -0.0006453808689811874]]	[[0.07292373392603876, -0.5709036742848135, 0.2714230449148583, 1.2084734134503297, -2.899823190027043, -0.0005894520528388676]]
[[0.2997263715282126, -0.3342156626500545, -0.009031037316903433, 0.001483478579908856, -0.012280189652940946, -0.005183946727434213]]	[[0.07292423195853485, -0.5709118779228971, 0.2713871289396984, 1.208412264024037, -2.8998225025302418, -0.0005908822684118581]]
[[-0.12302103474557602, -0.527847668800145, 0.08519058719080805, -0.005853166254229776, 0.009794708541590898, 0.0032875104842219967]]	[[0.07288185080086226, -0.5709163309334702, 0.2713748462658475, 1.2083730086002207, -2.8998255020549673, -0.0005726029736422782]]
[[0.07158441477772348, -0.312423304798745, 0.3097241533205627, 0.0019293349653725575, 0.000379042870135092, 0.002959724044965872]]	[[0.0729204613795119, -0.5708983249138804, 0.271345558366289, 1.208434622000667, -2.8998271581092627, -0.0006271259079187373]]
[[-0.48377564585471533, -0.3001918810403817, 0.14872474232109414, -0.0018460130557930994, 0.0067333813325132896, 0.007244500722020836]]	[[0.07291996572060383, -0.5709038314290327, 0.2713269468665936, 1.2084423125415675, -2.8997989012037904, -0.0006653192055207683]]
[[-0.751964874188549, -0.5548324553797601, 0.2890202490608284, -0.007717368302894871, 0.0012983160955097237, 0.0023104976583059435]]	[[0.0729144307129604, -0.5708969698710831, 0.2712778647008904, 1.20842344781798, -2.899847123327265, -0.000702181282239362]]
[[-0.5801516260491568, -0.4479290844524193, 0.3546558259963411, -0.00821736846204759, -0.006933425176412826, -0.008946391968815182]]	[[0.07287929241417256, -0.5709059807441728, 0.2712367396349314, 1.208343834382957, -2.8998546164537107, -0.0007230775106265029]]
[[-0.38007440958468297, -0.7481505143731958, 0.2524999098664773, -0.01495411784564147, -0.0015427560703727096, 0.00014659446632806896]]	[[0.0729223889796502, -0.5709067264715296, 0.2712339647179046, 1.2084301793876355, -2.899816484854673, -0.0006256596147755509]]
[[-0.7012350345089338, -0.3203982987610031, 0.41382452474992515, -0.006334754805397394, 0.015358296034645415, -0.003580323948263795]]	[[0.07291563296249517, -0.5708999697622399, 0.271194079948492, 1.208388817201359, -2.8998612801836092, -0.000664347730181552]]
[[-0.5183893927129458, -0.26846819565857594, 0.407836483676879, -0.015251557259217842, 0.012216665013073091, 0.0004887831720607779]]	[[0.07294041621620907, -0.5708969478627671, 0.2711586287081939, 1.2084666410681355, -2.8998045652329596, -0.0007573009664746776]]
[[-0.14417744134337146, -0.17154061180720395, 0.22891473673959203, -0.016080333752263132, -0.0009050011665991797, 0.0013604026961380182]]	[[0.07291863941386602, -0.5708932511057494, 0.2711568315672015, 1.2084358899756755, -2.899829948640604, -0.0007392828531841757]]
[[-0.6873288312606533, -0.5111680173394879, 0.5135411441920662, -0.02264242072262754, 0.007144776566732142, 0.006049416449891504]]	[[0.07290223856077302, -0.5708969318858905, 0.27111257535687405, 1.208354403739576, -2.899827023328444, -0.0008151311286876431]]
[[-0.4035169608795375, -0.0014617257692540186, 0.3642435892435632, -0.01597757926970678, -0.0021830248795184767, 0.0036795402815282103]]	[[0.07290993404306795, -0.5708881999998536, 0.2710815931212473, 1.2084546374655671, -2.899824142726692, -0.0008120676118095559]]
[[-0.8458696544865996, -0.18468148265163142, 0.4707459750185977, -0.02339330839844283, 0.013732378769710127, 0.007971435689858229]]	[[0.07292672284368791, -0.5708956276774343, 0.2710750980249383, 1.2084533606579524, -2.899823163254746, -0.0007371034928216458]]
[[-0.3418312436379397, 0.009833075338518515, 0.5481363610752613, -0.015080452002924696, 0.012667210104714817, -0.005550762077248076]]	[[0.07291759206921104, -0.5709004489087296, 0.2710331830042744, 1.2084392902644274, -2.899791194489673, -0.0007758098191985224]]
[[0.14690409118623318, -0.03219454121404523, 0.42140689203710624, -0.01351663787140274, 0.008132209559382849, -0.009413894272700167]]	[[0.07290600664988248, -0.5708965980500873, 0.2709966997031349, 1.2084192092013823, -2.899838462998835, -0.0007724633309092187]]
[[-0.009447718829008765, 0.0870005261470557, 0.3709540938881431, -0.007985027820285751, 0.014339671861153015, -0.0021279634695967197]]	[[0.07290332893688556, -0.5709029553942949, 0.27099345063746316, 1.2083840736222007, -2.8998006488116044, -0.0007371115549336153]]
[[-0.5548175994410633, -0.10697145608616712, 0.4379525610312554, -0.009058496350157017, 0.023013920860793107, 0.00048279123802755594]]	[[0.0729053859263361, -0.5708981881957141, 0.2709750073799425, 1.2083801437189068, -2.899839904520793, -0.000679866963534846]]
[[0.06712301767735838, -0.05047139837276349, 0.5900126525914212, -0.010800633565846991, 0.0019831276494610747, -0.004375738436836574]]	[[0.07290821910873778, -0.5709091322236922, 0.27095410363898187, 1.2084618015905553, -2.899792633330223, -0.0006610159681828134]]
[[0.09683727571909516, 0.10923176735121343, 0.3401057737708751, -0.008045184724230107, 0.0017607402118176782, 0.0024632918786672777]]	[[0.07291439351440925, -0.5708997513804278, 0.27093134808354524, 1.2083847595183301, -2.8998510733886764, -0.0006779315646160246]]
[[-0.12543826065844113, 0.10183938691240713, 0.3442611036749444, -0.012943285913194902, 0.006669301734087911, 0.0002925599182090009]]	[[0.07289172869881422, -0.5709167661174344, 0.2708847031349486, 1.2083226451094273, -2.899799202056553, -0.0006811631046803287]]
[[-0.3064380799931321, 0.06952983549718161, 0.5808118555933532, -0.008949702795111024, 0.013335681464256116, -0.0025280085268233354]]	[[0.07290754113498532, -0.5709037796094121, 0.2708685689033523, 1.2084141971588498, -2.899826214248409, -0.0006778763003122779]]
[[-0.5762729482490241, -0.07523000592235557, 0.5006763380826486, -0.01104771333198048, 0.012702839047774441, -0.0045350338261291165]]	[[0.07293418879435869, -0.5708994197727237, 0.27084509892487385, 1.2084484194257668, -2.8998108239927514, -0.0006211588925759666]]
[[-0.4640666608532015, 0.1510762033223287, 0.47256326133388393, -0.0017667684112786007, 0.009904451529250471, -0.004359445997116134]]	[[0.07289431804655658, -0.5709165737256091, 0.2708152049317834, 1.2083654154612102, -2.8998063750342227, -0.0006020388821799989]]
[[-0.04769016852194513, -0.02745114583054866, 0.26902893763325764, -1.3226875212523845e-05, -0.004282378950317853, -0.004929974558743905]]	[[0.07294130248184015, -0.5709217461489985, 0.27081282763927306, 1.208425712188583, -2.899805384008369, -0.0005259435354705271]]
[[-0.30409320126126377, -0.1314223430781437, 0.30332401504533074, -0.0061995966953574625, -0.0005756311348662285, -0.0023415095504680677]]	[[0.07290287514284131, -0.570910116451181, 0.2707863589682897, 1.2083104741758959, -2.8998672935358054, -0.0005614431899954424]]
[[-0.4341343652857166, 0.05252802638015361, 0.3613734881653912, 0.0008630030530736915, 0.0015162465356308172, 0.0008801968916602454]]	[[0.07291302317742057, -0.5709147152179321, 0.2707378828382353, 1.208366811861368, -2.899856596414498, -0.0005440676721194574]]
[[0.3194174099130103, -0.5660561220770617, 0.31874638878012934, -0.014790527103088376, -0.010133595579565955, -0.008760242863544753]]	[[0.07290691805660447, -0.5709241490559642, 0.2707561395272974, 1.208408469411461, -2.899810418643496, -0.00041317406191126814]]
[[-0.43561761639095453, -0.4335386648408449, 0.25612422902086884, -0.0036812658660924065, 0.012034216253867927, -0.0039619466247243044]]	[[0.07293163507853354, -0.5709180221069117, 0.27072068804860133, 1.2084204780698629, -2.899792258611991, -0.00039412296438795443]]
[[-0.227453352341152, -0.28424378410601814, 0.11313383522347863, -0.0001504794753573557, 0.0020388364222044203, -0.004940281784288718]]	[[0.07293042676384975, -0.5709236769112624, 0.27068373682306457, 1.2084861644484433, -2.8998042127923385, -0.0004115503659645405]]
[[-0.03031348724472243, 0.0009392091607391753, 0.24566535710139903, 0.009556355679953383, -0.011769650342635449, -0.00969565208124409]]	[[0.07292588955386443, -0.5709148136585077, 0.270683075106001, 1.2084293249834528, -2.8998133896310083, -0.000337861482073781]]
[[-0.18507480000206214, -0.5926727389097937, 0.2427559868509725, 0.0018519048554234655, -0.0022391954302023224, -0.008713245944696439]]	[[0.07292893922774105, -0.5709195567884551, 0.27063600333112003, 1.2084687656340098, -2.8998108881347147, -0.00037345079394154814]]
[[-0.4300189177002689, -0.5917308600421962, 0.20594783783228646, 0.004770175522329848, 0.005142549910638472, -0.00975965586539253]]	[[0.0729294950546133, -0.5709223563909744, 0.27062599611991855, 1.2084926948901307, -2.8997217887679865, -0.0003218605987175632]]
[[0.05520293639881327, -0.5461283273003303, 0.03931395413025119, 0.0016241364134440908, -0.0037316751179709983, -0.004919767988928774]]	[[0.07289663446418412, -0.5709187063965305, 0.2706043079046309, 1.2083684167228204, -2.89981297371434, -0.0003208272923925242]]
[[-0.18177588675258224, -0.6770561649986986, 0.07510838172814344, 0.002617379502683053, 0.0008032054680537454, -0.004229310521996473]]	[[0.0729129010543206, -0.5709172737807057, 0.27057791077544185, 1.208326566432208, -2.899856806194764, -0.00034026632151929576]]
[[-0.6023272535963904, -0.8989888849534379, 0.14584816607703452, -0.005945597665522291, 0.017507347789633067, 0.0006533294852922065]]	[[0.07292197198787732, -0.5709257612268464, 0.27057985360386716, 1.2083902204896568, -2.8998148525534515, -0.00022765600476451657]]
[[-0.3567549857818894, -0.8780196006152767, -0.07342138461995261, -0.004388053084829806, 0.01153011466225433, -0.004930444491604209]]	[[0.07292784708026674, -0.5709231278116544, 0.2705392389642255, 1.2084072030340212, -2.8998088226481835, -0.00026544968124896773]]
[[0.07566859051261715, -0.699459315623506, 0.1919451340421451, 0.006926009372607159, 0.0007089778701220403, 0.001452291536852664]]	[[0.07291341641948061, -0.5709150607445357, 0.27051383691792075, 1.2084344571546992, -2.8998234335009214, -0.00026365252465242265]]
[[0.17921578692906778, -0.5679241570875866, 0.14218163858393573, 0.01404874817221246, 0.0025733747681610164, 0.002032092389736767]]	[[0.07291289126613675, -0.5709204281163159, 0.2705027219444616, 1.2083907483187113, -2.8998158867816763, -0.00026544162103985474]]
[[0.550805737369381, -0.5490722082983496, -0.10952349646489444, 0.006099714833476114, 0.001222620356080074, -0.0054933441932063405]]	[[0.07291481825008832, -0.570911834216263, 0.27048068358693145, 1.2084258999053208, -2.899853551248471, -0.00026425909917566896]]
[[0.09515744362770395, -0.61299574532741, -0.06230498729733149, -0.0033744382142860936, 0.009625120365855997, 0.0019763912921238985]]	[[0.07293229082297896, -0.5709157242415613, 0.27047563841514977, 1.2084414680893922, -2.899793289072832, -0.00019234861875816456]]
[[-0.025865278670453185, -0.4165154404872454, -0.16841808246972792, -0.002071306146846653, 0.013156485127105504, -0.0004953910414600525]]	[[0.0729374357109533, -0.5709000692081075, 0.2704529249902799, 1.2085249497705997, -2.899798734951855, -0.0002284635029341658]]
[[-0.13394579103633314, -0.10232655191907832, 0.027111874390987997, 0.003265283560008256, 0.018116718481373455, -0.00550312727996634]]	[[0.07289922814669403, -0.5709028313908101, 0.2703879493661162, 1.2084094788689417, -2.8998116608897946, -0.00039838410566815494]]
[[0.19193006455060768, 0.01827574103324746, -0.1334122138985914, -0.0010869459445673455, 0.007757154615377742, -0.005474054856805068]]	[[0.07291991209937448, -0.5709165623984813, 0.2703920253474861, 1.208413028092713, -2.899820540167677, -0.0002851029870753506]]
[[0.020884415505559768, -0.0016919853498209795, -0.08404369215623562, -0.008179556713763985, 0.009206778687324136, -0.009412898174674942]]	[[0.07291089962416789, -0.5709080643810962, 0.27036625375570783, 1.208417060172085, -2.899831931797671, -0.0002844806634374838]]
[[0.04623570120543899, 0.13734191091654363, -0.1000432952741269, -0.0049146512859089084, 0.00440875279019687, -0.006904373651772007]]	[[0.07290166549203247, -0.570912664980258, 0.27032737898104414, 1.2083869831154956, -2.8998084271032187, -0.00039963936146494286]]
[[-0.0011212086488414166, -0.06043511818686026, 0.09657231291983316, -0.01251298589620992, 0.001350624278287577, -0.00620611989387803]]	[[0.0729079598100765, -0.5709069218909953, 0.2703161021670001, 1.208374481075005, -2.899824961496109, -0.0003237827286251918]]
[[0.2037571722340308, 0.13310778964177739, 0.08639414807022192, -0.004749668274135703, 0.002359411079906722, -0.004486603019014459]]	[[0.0728953195269085, -0.5709025377202664, 0.2702895917607073, 1.2083615869321376, -2.899793755167293, -0.0004395285915068395]]
[[0.38493397460554113, 0.01573966677098057, -0.034593393630052906, -0.0025813217279762476, 0.001738286275220458, -0.004628524587633496]]	[[0.07289379159439724, -0.5708914321327925, 0.27026105698554725, 1.2083536486287711, -2.8998231587872354, -0.00041936214232908043]]
[[0.28105821862507074, -0.16901018881586408, 0.006355387745284675, -0.009937549309963219, 0.0005355313799258283, -0.0035265589334340557]]	[[0.07289495712021922, -0.5708877789788495, 0.27021107864763155, 1.208328330916809, -2.899861852856346, -0.000512350864632796]]
[[-0.247146113983169, -0.16334448554588127, 0.1047088124369867, -0.00774943975309331, 0.009598825198162261, -0.0014146860449368252]]	[[0.07292074956218654, -0.5708948707692119, 0.2702317595576772, 1.2084126573046825, -2.899771954877718, -0.00040189049771500166]]
[[-0.24506582555595519, 0.040533083532924036, 0.07533431820054963, 0.0004775993927008586, 0.00309716397309542, -0.0050986411018136436]]	[[0.07291213359789783, -0.5708839063867135, 0.2701846863854862, 1.2084570331994884, -2.899780898171399, -0.0004379634995213312]]
[[-0.12640938969426485, -0.2623108670946024, 0.201744543429939, -0.0013873073493358883, 0.00831728052495824, -0.0027900902588171464]]	[[0.07291062488517182, -0.5708776721009927, 0.27016689764401564, 1.20838095025608, -2.899890673360757, -0.0004346192936874768]]
[[0.005017864318039633, -0.4576921206360769, -0.036404037522244484, -0.00861476425545424, 0.005135782314463865, -0.009764123153558745]]	[[0.07291574488379801, -0.5708744382674369, 0.2701242265064081, 1.208405954338092, -2.8998041430508397, -0.0005122429456247349]]
[[-0.4494180059183581, -0.3124222068338008, 0.03485307942621153, -0.004077265324811793, 0.009917946150193258, 0.00029068471518547804]]	[[0.07291304165056323, -0.5708828455568378, 0.27011650996540104, 1.2084273271334565, -2.899806959561797, -0.00045651316329055466]]
[[0.12794358300035216, -0.24260536547052047, 0.24653925431103224, 0.004333199880064772, -0.007592961639842038, -0.010377320612269045]]	[[0.07291899615359841, -0.570879723652405, 0.2700868413586568, 1.2084279712647559, -2.8998085198387438, -0.0005328630371365423]]
[[-0.562390129915504, -0.4863312280430621, 0.17715536870698506, -0.004479886259153246, 0.011263685616801286, -0.007677979039179664]]	[[0.0729176742041337, -0.5708828727518681, 0.27007811364402523, 1.208418306289685, -2.899785120190684, -0.00045866613680088284]]
[[-0.6005472876945133, -0.4217649137187068, 0.30160162532452656, -0.005969782627731465, 0.005489611693112118, -0.009818425760862259]]	[[0.07290241978928468, -0.5708726562906957, 0.27004212575906505, 1.2083942956048408, -2.899822799304024, -0.0005320091664013134]]
[[-0.693847245120015, -0.22686442301328075, 0.27244603143334717, -0.004164526842776594, 0.0042050600511694914, -0.0066339615417192075]]	[[0.072901713767069, -0.5708708017099605, 0.2699951005222918, 1.2083952381808956, -2.899825122008149, -0.0006447576195781679]]
[[-0.5979544541014801, -0.2835996513644549, 0.32760454553168566, -0.009135307439577054, -0.0009333061782048468, -0.011253123306469265]]	[[0.07291719813022647, -0.5708746931492531, 0.27000748079898496, 1.2083925366809354, -2.899822444338853, -0.00047491610438629277]]
[[-0.6817929168754934, -0.5289933313390872, 0.2367481623198075, -0.013095514786527818, 0.0058145501673433336, -0.0008407918789412763]]	[[0.07291084820475292, -0.5708644918783203, 0.2699635932573057, 1.208453604088483, -2.8997739180146604, -0.0005888941794077344]]
[[-0.09969828705001457, -0.39198156820763214, 0.1461939122727579, -0.004739606670772896, -0.0036065933911934114, -0.007645828658964769]]	[[0.0729340559840211, -0.5708550734254433, 0.2699118880404157, 1.2085088941719793, -2.8998056250519264, -0.0007166839658338207]]
[[-0.2034083421304447, -0.23395476565894466, 0.31970769168456487, 0.0021753194046322446, -0.006724200669789243, -0.004170514807307841]]	[[0.07291104233267222, -0.5708581536604391, 0.26991600581758785, 1.2084630291028438, -2.899796484068022, -0.0006065559035656024]]
[[-0.3079492052086792, -0.32764592680429916, 0.20384023174038052, -0.007603215500450797, -0.001431213888272651, -0.005777227849333802]]	[[0.07289530355085, -0.5708534288029757, 0.2698787598880364, 1.208378683543909, -2.89983346257536, -0.0006806581516800917]]
[[-0.24530591090847653, -0.3118872710889279, 0.31340825589566906, -0.01252602948327898, -0.002777233632614318, -0.0014268376434123779]]	[[0.07290712101708657, -0.5708599175786239, 0.2698537206668985, 1.2084215016612196, -2.899841125996736, -0.0006604296900245655]]
[[-0.33852347475404004, -0.28781336381998357, 0.26339601154803055, -0.015048537547071285, 0.0019255657127960468, -0.005809468064961136]]	[[0.07291043311717785, -0.5708563810384814, 0.26986262696666036, 1.2084462998264782, -2.899802884557647, -0.0005675194798964013]]
[[-0.07244221173183013, 0.24408597386126266, 0.12060473031402384, -0.0019506031641717287, -0.001380196761608699, -0.009843158274885674]]	[[0.072886894343384, -0.5708655591528072, 0.26981795982202345, 1.2083655645718279, -2.899850880180869, -0.0006228560351081287]]
[[-0.20591602638400935, -0.39969559154907114, 0.2044350641782085, -0.019020615058346933, 0.002673736053261884, -0.009289851494843774]]	[[0.07288177572195599, -0.5708517486554742, 0.2698015504953344, 1.208330230456804, -2.8998649067655267, -0.0005853239462128144]]
[[0.2311877069701603, 0.03878999464100624, -0.11147130972315195, -0.013493296241125698, -0.006468269551529277, -0.009232835852080866]]	[[0.07290087575623835, -0.5708612998170105, 0.2697737191035573, 1.2083872642312528, -2.899854165526026, -0.0005851722128463626]]
[[-0.39135038110204234, 0.1520087291480457, 0.16119753778625925, -0.010102878759019902, 0.010538017777721042, -0.0045236971454075325]]	[[0.07290991923256303, -0.5708514741634059, 0.2697329852072281, 1.2084864328571325, -2.899801743502243, -0.0006575494219043212]]
[[0.1430855513655332, 0.3715752735293459, 0.1636089788199015, -0.006067866410399493, -0.006980971392764468, -0.010578463217180631]]	[[0.07289458941320878, -0.5708511786862125, 0.26972672197292435, 1.208395930216299, -2.899825805627507, -0.0006223203776434397]]
[[-0.2120626826072754, 0.13274449433718527, 0.07952422722791187, -0.013242525541921405, 0.007910234510995835, -0.0034438212097404096]]	[[0.07290095671865467, -0.5708532647589164, 0.26968472150520795, 1.208356447153689, -2.899830366786256, -0.0006602583124270113]]
[[-0.12198216851593645, 0.1626056768289013, 0.1312658362806082, -0.010710043942376632, 0.00986278056009931, -0.005603100268501496]]	[[0.07288929854283982, -0.5708662516848625, 0.2696781296914003, 1.208312214634177, -2.899819573409395, -0.000528725896506735]]
[[-0.36524008017611864, -0.06331834331909802, 0.2060013160420924, -0.015236540710866508, 0.013448559533214291, -0.006666000428290469]]	[[0.0729038161816405, -0.5708641896911161, 0.2696609751669271, 1.2083677238780197, -2.899810747511732, -0.0005643900048542968]]
[[-0.2511232130111282, 0.15284385797801212, 0.2292513388496774, -0.012859640765340819, 0.0077409569850355135, -0.014840039899294855]]	[[0.07287446380102527, -0.5708612054687668, 0.26960583935349025, 1.2083182767121832, -2.8998341473710467, -0.0006777004224315055]]
[[-0.5174469642842887, -0.031021115395235194, 0.11104875597901993, -0.0159021089279241, 0.0186603347783252, -0.007482834031786265]]	[[0.07290413410363593, -0.5708580776516292, 0.26960060180027046, 1.2084457667876527, -2.8998031284378425, -0.0005058792662958766]]
[[0.06481089052376024, -0.031019345451248733, 0.09413805191038326, -0.014614565531100012, 0.0019246527909147415, -0.0018312906701274465]]	[[0.07289543380847241, -0.5708599285053756, 0.26957494217193667, 1.2083695004929482, -2.8998108813449957, -0.0005828968859654572]]
[[-0.3445449150160994, 0.3126330012986474, 0.1696537498577251, -0.004033637119141784, 0.0063165187370809416, -0.0012127904963118153]]	[[0.07289998503751302, -0.5708639427218977, 0.2695660410603006, 1.2083712554145565, -2.8997680293964514, -0.00045150821038955234]]
[[-0.02234566316460951, 0.4293786578109279, 0.06354083111531347, -0.0010388068630542647, -0.0011834025975548663, -0.012935898583959164]]	[[0.07288121513217288, -0.5708633208664526, 0.269541018008762, 1.208346314950954, -2.8998035745235837, -0.00041340770969343365]]
[[-0.28505082153045225, -0.3073290944877754, 0.04048630006179587, -0.014512373766423255, 0.00868720772120281, -0.008788860983673884]]	[[0.07290271785349998, -0.5708608660958233, 0.26949707747975676, 1.20838555153444, -2.8998024651732273, -0.0004856500089557947]]
[[-0.04657798886008191, -0.27414366991450656, 0.30871906367006025, -0.010590348758368902, 0.0008668738753297251, -0.00619870571639915]]	[[0.07289943723409435, -0.5708669615661537, 0.269467708407269, 1.208459819262669, -2.8997841937464064, -0.0004678153323277502]]
[[0.0452528487030511, -0.08243180818058835, 0.1909466526265878, -0.0011909274490430207, -0.006699762992272363, -0.009533582674570584]]	[[0.07288496526154406, -0.5708561844961432, 0.269439545477712, 1.2084041329084156, -2.8998471368544907, -0.0005039545499995172]]
[[-0.33710434498123065, -0.7304345633756953, 0.2777582694532928, -0.00955995740100787, 0.004539545925634478, -0.011227927037926869]]	[[0.07290011519863646, -0.5708754514787723, 0.2694709912222584, 1.2083968061936141, -2.899778728074945, -0.00022539639325035838]]
[[-0.1538937489731928, -0.238873918853028, 0.22761544682801213, 0.0009406251034556601, -0.00036945030382306567, -0.014131835470090741]]	[[0.07290442359384182, -0.5708732757030175, 0.2694068034579299, 1.2083634964839356, -2.8998471043283125, -0.0003146915025324355]]
[[-0.2841836381908097, -0.15679590611120955, 0.12071969243769336, 0.004474607804761509, 0.0009707268743670639, -0.005048237138670247]]	[[0.07290552432704088, -0.570882923338051, 0.26941783600775543, 1.2083714218033736, -2.8998154552881554, -0.0002044759252642588]]
[[0.024932530514067977, -0.2633617424528644, 0.0044649890068947165, 0.004029608214647744, -0.002605978718295181, -0.012138476459717301]]	[[0.07290297503135945, -0.5708829920549287, 0.2693704622131017, 1.2083972239666032, -2.8997798797931895, -0.0002628956027927846]]
[[-0.5703722188622671, -0.6240020108735943, 0.09055366233920514, -0.0009499245969930093, 0.011245314117810764, -0.0024630296929966868]]	[[0.072917996968256, -0.5708837280806047, 0.26934301767056934, 1.208408038416461, -2.89971005096622, -0.00024764280093119724]]
[[0.09874146818107915, -0.5923073731848569, 0.02928433507839855, 0.0033575250222893076, -0.0011634925951540436, -0.008702175995449375]]	[[0.07292289338176483, -0.5708727230856606, 0.26932625033556773, 1.2084047840401173, -2.899801680854274, -0.00018760419289339138]]
[[0.06865752857689617, -0.7964024783056238, -0.2524553007909011, -0.003570340090934085, -0.001113157463931979, -0.00937663846816465]]	[[0.0729035355181809, -0.5708843344028178, 0.26931289430203753, 1.2083443940689995, -2.8998009683565185, -0.00020738733865061562]]
[[-0.0604360522459379, -0.6952316626856512, -0.012386893218607335, 0.0034456271082226276, 0.0036606870654966083, 0.00302898551046341]]	[[0.07289940105604788, -0.5708766011750019, 0.2692796697990691, 1.2083754293078126, -2.899775822282438, -0.00023045299927152425]]
[[-0.00024412918650407178, -0.587848861775383, 0.10339316410458133, 0.010062960181676055, 0.0014841860776282209, 0.0008107664858050336]]	[[0.07293013295120539, -0.5708887227858541, 0.26923503969230617, 1.2084102039149605, -2.8998153042178463, -0.0003030977405012592]]
[[-0.18899558818274903, -0.693554215829977, 0.09144898956821915, 0.005781985047678903, 0.003943024853996416, -0.0071757206711758155]]	[[0.07291610939568896, -0.570880401547125, 0.2692570951209099, 1.2084131649785619, -2.8997710344894885, -0.00013578698381662223]]
[[-0.04417319259998467, -0.3764092288091012, -0.3288205617305378, -0.0003001521434083669, 0.005425062756240919, -0.005201996824545309]]	[[0.07291184495701397, -0.5708845718673687, 0.26918302628943896, 1.2084017071339803, -2.899792507252522, -0.00026697849877929956]]
[[0.17972662609414808, -0.34078725658583353, -0.1252355521557243, 0.0006634505083595158, -0.0017068739210106113, -0.013136492412080324]]	[[0.07290915511663486, -0.5708842097959221, 0.26920401322232973, 1.2083561083017142, -2.899782038732568, -0.00013620690768195186]]
[[-0.21243439143984644, -0.22796100282821802, 0.023790578539199077, 0.003461750869149613, 0.008416628671132208, -0.013474645378257327]]	[[0.07291984773608406, -0.5708747474001328, 0.26915906380665894, 1.2083755137696082, -2.8997779547756326, -0.00030677954097262956]]
[[-0.1889046105032181, 0.08622844927773526, -0.01451975259916986, 0.010580004453763996, 0.007750137391133548, -0.013927184285752682]]	[[0.07290770554179868, -0.5708733832199248, 0.26914223692100686, 1.2083324780010858, -2.8998206560923543, -0.0002299126283881485]]
[[0.20255388413148082, 0.0032306629463852293, -0.17492252474125897, 0.00027968857267771704, 0.002791573545033577, -0.007317984278093145]]	[[0.072903560134681, -0.5708771671969477, 0.26911834868554985, 1.20833761596186, -2.899831148073468, -0.0002115141386051257]]
[[0.049939641796417245, 0.0655032879251768, -0.19498544813133856, -0.005205141147917362, 0.00478551458776775, -0.008925002903684013]]	[[0.07290573456090137, -0.570878410418057, 0.2690755017849101, 1.208353299465951, -2.899775172269116, -0.0003271204603333314]]
[[-0.19513054903849886, -0.2194769417165291, -0.1617790659593532, -0.014402367940150877, 0.00654339522826528, -0.002560540269977583]]	[[0.07289717203573312, -0.570873752247454, 0.26903735444157645, 1.2083549754986103, -2.8997751196314905, -0.0003465758193311541]]
[[0.26700617397373616, 0.4581207711059429, -0.12684522590712002, 0.00015502508871073194, -0.006057304995526294, -0.01010597252944805]]	[[0.07288876368419182, -0.5708825441935091, 0.2690557696256712, 1.208345706089593, -2.8998017452408913, -0.00021172854683524115]]
[[-0.26629502869962096, 0.025431379235498472, -0.1912001984894257, -0.012126027856725246, 0.009406710032300158, -0.010942166167649333]]	[[0.07288627034690211, -0.5708759677315312, 0.26900407356445616, 1.2083120080695375, -2.899820216562616, -0.00040036179541513275]]
[[0.15221374712317332, 0.4040041305499937, -0.15642209708516422, -0.00035092598596538765, 0.002800387594540352, -0.009511161710795052]]	[[0.07290056843452195, -0.5708793764960461, 0.26897186430030856, 1.20829060982368, -2.899815571128677, -0.0003644689766238176]]
[[0.03232484739458677, 0.16017765171047635, -0.13005456535774657, 0.0008318410324898075, 0.0105542848927204, -0.010700209649894323]]	[[0.07289242159159091, -0.5708853967142422, 0.2689526213791063, 1.2083043109913039, -2.899848775386141, -0.0003436980340288055]]
[[0.07919116675805969, 0.10718547516184625, -0.07593454454456618, -0.001877149036455215, 0.002450221564441934, -0.016232591252835146]]	[[0.072896147109008, -0.5708796454064566, 0.2689339363951545, 1.2083691247709358, -2.899809369391222, -0.00036218189402167694]]
[[-0.2943628534803895, 0.10364429296168445, -0.06663280194508722, -0.005500541340868727, 0.011082612747332098, -0.009625774391544906]]	[[0.07290076018651633, -0.5708683607945377, 0.26889617957318634, 1.2084187692863677, -2.8997370712881936, -0.00040210908548169875]]
[[-0.34891181510223446, 0.0006602040624162919, -0.0509002933942275, -0.009928045163889647, 0.008868758691646267, -0.007652143112342957]]	[[0.07288549426899929, -0.5708770382213976, 0.2688871384635226, 1.2083254221727509, -2.899801527023171, -0.00036435921025153344]]
[[-0.08076359172807378, 0.23327230506186364, -0.06989767876072372, 0.0031243333311309377, 0.0012633908795883573, -0.01237501975964588]]	[[0.07289178346303478, -0.5708713766593032, 0.26883461378521767, 1.2083134108833775, -2.899821375244074, -0.0004391498566278013]]
[[0.17515805579079358, -0.2783540850998122, 0.058045016596536214, -0.0034423645335248925, -0.0015208746777259118, -0.008226856674794678]]	[[0.07292287474925425, -0.5708754432711897, 0.2688275831043265, 1.2084026943893917, -2.899796336856036, -0.00038077116179123326]]
[[-0.2987194721809947, -0.018285504303709538, 0.07249434867440153, 0.004522314783829999, 0.008515755524537564, -0.008908255781360307]]	[[0.07289498003207853, -0.5708903007189141, 0.26876430763694814, 1.2083692799020145, -2.8997610805594705, -0.0005339332637231197]]
[[0.29833870292142267, -0.1552081881111113, 0.0916617104182351, 0.0014963764077323897, -0.0073867362327178394, -0.01401446153552347]]	[[0.07290594558646113, -0.57087522358571, 0.2687587122147534, 1.2084121989915884, -2.899768349831015, -0.0004759675074248797]]
[[-0.23754382447296832, -0.5108518714532735, 0.10635350256191665, -0.00599156151518308, 0.00870650797381471, -0.00617100213876289]]	[[0.07289161331779911, -0.5708708770933217, 0.2687319166840031, 1.208348849690882, -2.8998090603331885, -0.0005323334208925917]]
[[-0.44421905242593207, -0.156790047734486, 0.06597764370190122, -0.0015601981386460127, 0.001321134274032316, -0.009436055863668514]]	[[0.07289184700684748, -0.5708748248632622, 0.2686987644683394, 1.20830962650674, -2.8998122574304888, -0.000514783728365787]]
[[0.1433677825567854, 0.062108674375249084, 0.08426240719344831, 0.0015232138130520925, -0.009899387670484504, -0.011645050772908963]]	[[0.07290841680232152, -0.5708783702253399, 0.2686713982204131, 1.208313625399442, -2.899824036705896, -0.0005334368186996184]]
[[-0.06370649567697276, 0.13503283271376185, 0.21940626934196042, 0.0035171365264633327, -0.012102130952301155, -0.019929533309296036]]	[[0.07288235029217248, -0.570873784107769, 0.26865806266991166, 1.2083100230860555, -2.899864018093597, -0.0004920815693984497]]
[[-0.6793554336067859, -0.6764632105106528, 0.29409859768794655, -0.01439858830992105, 0.008513243656135556, -0.00818218521796877]]	[[0.0729162636722712, -0.570889002511925, 0.26861558625837484, 1.208396593041785, -2.899828917065844, -0.0005293157892703635]]
[[-0.1887507140265632, -0.43042681095867125, 0.2134841256744577, -0.004015805941004776, -0.005354314635078774, -0.01682171479299771]]	[[0.07290686399944347, -0.5708809073321263, 0.26858862865136685, 1.20832204599219, -2.8997953928931244, -0.000552055010448817]]
[[-0.4144901609827938, -0.5511312233167714, 0.14444376495436678, -0.0030672307317021626, 0.003506396157345847, -0.004940862603278035]]	[[0.07291646557904856, -0.570884110056073, 0.26856796189141674, 1.2084130264434483, -2.8997705051348905, -0.0005521885312685358]]
[[-0.03571335567106926, -0.2338113187613109, 0.14549852413363118, 0.0028055885711995476, -0.0034895005797705666, -0.009351198912792985]]	[[0.07290690560605236, -0.5708810149889026, 0.26852341595786927, 1.2083562532970935, -2.899782048948087, -0.0005897637775042465]]
[[0.03790773291772048, -0.2910415874448249, 0.17488360521906904, -0.004644965427160656, -0.008682593654679098, -0.015277567346065113]]	[[0.07291281546382566, -0.5708935300768928, 0.26850692905533236, 1.2083604117872817, -2.899792428453599, -0.0005683924775203816]]
[[-0.5965517945374175, -0.25996937039028134, 0.17581609041961538, -0.00542268857528707, -0.0004180346972176459, -0.011880845047912793]]	[[0.0729010998763318, -0.5708759326114256, 0.2684574001402673, 1.2083090118299042, -2.899763705767341, -0.0006661305626768424]]
[[-0.20030664502846268, -0.0537663160824737, 0.14678596999996116, -0.0033161520291310966, -0.008022828910829316, -0.016571659029146247]]	[[0.07291159886606793, -0.5708938409335131, 0.2684764207998898, 1.2083214158258626, -2.899794085369164, -0.0005320826372481318]]
[[-0.38978033739948237, -0.019223906949556196, 0.21244765948958866, -0.0009874348440140936, -0.007212337829083393, -0.015239985161729737]]	[[0.07290293703993632, -0.570884553911045, 0.2684232620544966, 1.2083210756571707, -2.899744063892691, -0.0006464994078311684]]
[[-0.23573085230347818, -0.20125460834832282, 0.2470427731263662, -0.0020840012150602164, -0.010128995272391826, -0.016609592276965564]]	[[0.07290288197392655, -0.5708961028428428, 0.26839562347822293, 1.2083651547685663, -2.89975098864071, -0.0006454907829775471]]
[[-0.5144434170986625, -0.2470132396891893, 0.28114503750678277, -0.001875667521772104, 0.002375248186863075, -0.01432212227568981]]	[[0.07291989206101511, -0.5708919315929218, 0.2683706045132271, 1.2083550294688292, -2.899728333645584, -0.0006103198448996508]]
[[-0.32608348878192595, -0.152210145899339, 0.27091546650857706, -0.005627242007409537, 0.0097288691243994, -0.018266523907706694]]	[[0.07290064358574662, -0.5708818050648778, 0.2683335631387599, 1.2083516059812993, -2.8997197754701616, -0.0007041910287264478]]
[[0.5617424705602729, 0.3636644010437004, 0.15548929335413256, -0.006934999579972715, -9.519448483767375e-05, -0.022676617602664057]]	[[0.07291258319773085, -0.5708909485761001, 0.26828601153069964, 1.2083739646707263, -2.899725109467109, -0.0007204474851555737]]
[[0.043822804217478084, 0.42370358832633476, 0.2932482075554303, -0.019178939128756872, 0.017379796664513236, -0.016561962276683287]]	[[0.07289235798223259, -0.5708876309264083, 0.2682657769051143, 1.2083570167678725, -2.8996820260822753, -0.0007609610097805965]]
[[0.930482764752717, 0.807062201886398, 0.017082456537419778, -0.01654988115948095, -0.005187242760506255, -0.018325102550729392]]	[[0.07289722375189933, -0.5708889298308678, 0.2682290552024471, 1.2083120129468055, -2.8996750985487596, -0.0007425010149468407]]
[[-0.07950922406219607, -0.0011233857866899746, 0.27253560728774245, -0.020100621675161846, 0.011406949327231311, -0.013967798553488418]]	[[0.07290531002389404, -0.5709001140656329, 0.26821894852607514, 1.208394277718756, -2.899678253876668, -0.0006449999523417149]]
[[0.11481143972050026, -0.08564271501094162, 0.3675202993333697, -0.010590348087862987, -0.010071160677183881, -0.018949471487873383]]	[[0.0728969944340326, -0.5708927238045789, 0.2681787229798651, 1.2083137327920028, -2.8997262878124936, -0.0006996653033625688]]
[[0.3016339788984186, 0.12671266754659216, 0.31678357525412254, -0.0025973407283203754, -0.005292556988082809, -0.01657348495815966]]	[[0.07290934204440881, -0.5708952467571407, 0.26816482834028327, 1.208338167915324, -2.8996894202102066, -0.0006821011498687171]]
[[0.14413733518722338, -0.0863419748232571, 0.44523032526090733, -0.01209137569839369, 0.012485225726687296, -0.010728516745991484]]	[[0.07289937454340688, -0.5709126470397821, 0.2681582736654042, 1.208312358171438, -2.8996724218306644, -0.000588820228862088]]
[[0.026169548491706676, -0.0954716289665741, 0.23055836973083255, -0.018978041657013157, 0.02198853569175312, -0.008287860577699762]]	[[0.07289579679531205, -0.5709153362248823, 0.26810685688821034, 1.208252688750715, -2.8997241589640006, -0.0006243501481048313]]
[[-0.062317228327809934, -0.21319296687886727, 0.3350983154575267, -0.020888688579551395, 0.017945493320555575, -0.01375021108477523]]	[[0.07290228646594543, -0.5709169905323931, 0.26809187497531706, 1.2082827077388147, -2.8996988104712735, -0.0006247728782435357]]
[[0.19987624335777332, -0.40464627412128495, 0.4071601497998927, -0.012275053204191689, -0.0019635308734992024, -0.023774080978296263]]	[[0.07292632895321322, -0.5709082748844635, 0.2680695437979054, 1.2083635839314824, -2.899651110040989, -0.0005696037156286204]]
[[-0.2761567517192346, -0.41649784910773685, 0.40549379161227594, -0.003565585934763565, -0.008460296594463387, -0.020099685682019898]]	[[0.07292138602808415, -0.5709134609578893, 0.2680426563394339, 1.208322137541821, -2.8997469726014926, -0.0005831987941566556]]
[[-0.7230050891102804, -0.6333825831930453, 0.32697275895178374, -0.0061302618303581465, -0.0011648760857323613, -0.010013273247392596]]	[[0.0728926552734541, -0.5709188265912286, 0.2680231315807269, 1.20817506614263, -2.8997813041353098, -0.0005279952741175493]]
[[-0.24967252556570518, -0.4343487684934892, 0.38212628242912927, -0.011495690880616818, 0.0009383382464824615, -0.015422166227258475]]	[[0.07290336595939562, -0.5709195797455481, 0.26800539012670704, 1.2082986792933301, -2.899690231133836, -0.0005104009449338184]]
[[0.10719298931301079, 0.14189685410745337, 0.21105075340025764, -0.005343082431596542, -0.0010649037595935264, -0.021166388458574242]]	[[0.0729112685649227, -0.570915443941588, 0.26795495556049004, 1.208307709756237, -2.8997139213395915, -0.0005482451353584183]]
[[-0.2757626402458728, 0.03322006761864048, 0.332492435468221, -0.008917032254170997, 0.010124407917964368, -0.016704953369930095]]	[[0.07291116251088547, -0.5709219824149437, 0.26795122814057093, 1.208263107330955, -2.8997041312178324, -0.0004561069538125352]]
[[-0.530608671193771, -0.25947162952555575, 0.32144885867891093, -0.009033204924066354, 0.01245698551140008, -0.021077317315893615]]	[[0.07289453517816037, -0.5709181920504908, 0.26794828572318485, 1.2082063628375748, -2.899713668259592, -0.00040029690573248843]]
[[-0.30844095484690914, -0.23356857912888213, 0.12702831187538594, 0.0013602301218391488, 0.001261154105083449, -0.02055816032347382]]	[[0.07291794724029732, -0.5709209035740509, 0.2679095917678886, 1.208314514145257, -2.899681307645634, -0.0003819887524278963]]
[[-0.2491570631580868, -0.6689318909063208, 0.03681243857343294, -0.0016072427465422417, -9.366201815072365e-05, -0.02473827206933214]]	[[0.07290620703737515, -0.5709234783764142, 0.2678840331105498, 1.2083192515696246, -2.899692780667566, -0.0003998100316135747]]
[[-0.1311205327285917, -0.5792978618792799, 0.36589701931524443, 0.013070908679768966, 0.0022190951610626996, -0.018900646353742705]]	[[0.07291573426888708, -0.5709270764750716, 0.2678445772915939, 1.2083046602233791, -2.8997124561479013, -0.000398500794167205]]
[[0.010280274054324412, -0.7062643841344507, 0.2030429885883196, 0.0040769960307419, 0.010833385859944393, -0.029490061400439124]]	[[0.07293692823069296, -0.5709292297286099, 0.26783968778801037, 1.2083332128841955, -2.899685514401446, -0.0003249272403022336]]
[[-0.14519894320837398, -0.5954157566250968, -0.005279640683243985, 0.008439976552712137, 0.015021077496676395, -0.04665570714759199]]	[[0.07291699938842634, -0.5709338640796964, 0.2678325426408261, 1.208243064641898, -2.899722308809306, -0.0002883404810144854]]
[[-0.20293597047827217, -0.8617436617809942, 0.027419216475173456, 0.008416526136678395, 0.0050699614480295896, -0.055764847243838525]]	[[0.07292234520067085, -0.5709412455783078, 0.26779989595916476, 1.2082179116080025, -2.89975967895267, -0.0003060722514460058]]
[[-0.025799163246768925, -0.3940667821567518, -0.03754333840580098, 0.024800655619243148, -0.008282124884485305, -0.07553161759698784]]	[[0.07292907039848598, -0.5709400886226489, 0.26780585138120394, 1.2081841781192904, -2.899772085617793, -0.00023242417098767496]]
[[-0.42645566524185574, -0.756466368274212, -0.1780598637209824, 0.013513868126833367, -0.0038791977963775004, -0.07400723198722295]]	[[0.07290635160034975, -0.57093230963102, 0.26776158353050805, 1.2081935569608968, -2.899782718089347, -0.00028813328635770305]]
[[0.07524246084949184, -0.2715305848770992, -0.2674246194756002, 0.017906599272895903, -0.009569003946903801, -0.07599126378148371]]	[[0.07291475881234469, -0.5709424616850488, 0.2677312080312529, 1.2080985228786099, -2.8997962043169916, -0.0002705339601118427]]
[[-0.02693214602826588, -0.7843904962920787, -0.2435099281785726, -0.002627701473909066, 0.002871415557351988, -0.07273466562562077]]	[[0.07292303739582963, -0.5709374890749805, 0.2677231645417096, 1.2082582721621848, -2.8996904797698795, -0.00027287786843520833]]
[[-0.06155260024832458, -0.19792623774482343, -0.3172890698858882, 0.009765775423961802, 0.007137940741252182, -0.06589553730182982]]	[[0.07292241980649654, -0.570932403539809, 0.2677057236338887, 1.2081771932254444, -2.899737266158254, -0.000272060686137765]]
[[-0.16122655072481165, -0.33452207727469546, -0.07619326333640677, 0.003206223516239571, 0.007684400148566643, -0.06129710169717391]]	[[0.07292097458184603, -0.5709510305273711, 0.26765232532479766, 1.2082068496104394, -2.899713482018167, -0.00032975129907177037]]
[[0.2762353896622023, 0.037510985397715094, -0.3295837335240358, 0.005522924681271588, -0.0037984037911924775, -0.07233325816275675]]	[[0.07290762615919746, -0.570942299036727, 0.2676519971012405, 1.2081863869573257, -2.899759627665521, -0.00025256083833133304]]
[[0.23391282438915803, 0.11003738018060884, -0.2376556340711585, 0.0007481954969514339, 0.0008589809410419393, -0.06951841669132558]]	[[0.07290745645161774, -0.5709297215562097, 0.26761618259721703, 1.208247420904685, -2.8997110096772944, -0.00038677382708657206]]
[[-0.05453762230201372, -0.12537395174325172, -0.0012869950988650134, -0.009836079967643248, 0.0038844519257001477, -0.06560509099621219]]	[[0.0729164407482384, -0.5709366294706415, 0.2675921596881493, 1.2082009358061594, -2.899794717394437, -0.00034689305447317833]]
[[0.050797853751467684, 0.2420947744038665, -0.17776927169959594, -0.008347384908765814, 0.0062566983425349585, -0.06327449921242465]]	[[0.07292877543183775, -0.570926818077189, 0.2675683335339414, 1.2081649703118007, -2.8997585092237985, -0.000386406211690756]]
[[-0.22086441692512837, 0.3358411899567738, -0.04938560451147876, 0.002547923154614557, 0.01619562888713593, -0.05485851314635002]]	[[0.07292090180430746, -0.5709369720616415, 0.267537084992567, 1.2082087915050865, -2.899766694977954, -0.0003837564105448288]]
[[0.0047510244066509486, 0.08770747056395567, -0.11931245301842261, 0.0039011451075304385, 0.01212530601124783, -0.06403173148990675]]	[[0.07291975219726547, -0.5709372241899695, 0.26752571717674456, 1.2081694211576703, -2.899769433094176, -0.00034712097730652273]]
[[-0.03230590953523624, -0.5027346976249822, -0.05754456022069021, -0.010068098845771176, 0.00959338192954753, -0.05954362885596865]]	[[0.07291017864914681, -0.5709265614010457, 0.267464337033457, 1.2081933166126062, -2.8997760391307503, -0.0004971491433849787]]
[[-0.10789472420849056, -0.09996068838644913, 0.031668889642672206, 0.00565803956233381, 0.003736062857315107, -0.06602124341015633]]	[[0.07294657003881522, -0.5709250567009451, 0.26746590248297086, 1.2082310332961779, -2.899771180565279, -0.0004041657446922272]]
[[-0.009368883188095117, 0.3288333981447841, 0.09871532926297928, 0.016662822562561012, 0.0014946511151651574, -0.05894039711055804]]	[[0.07291118727616973, -0.5709325938877233, 0.26740813377292294, 1.208188974257925, -2.899765678709082, -0.0005188964182392053]]
[[0.13464887081738597, 0.02848598187945558, -0.06373222564897846, 0.005651340253183271, 0.0018240614059427927, -0.0649466289083309]]	[[0.07291012655560362, -0.570933235557258, 0.26740686815792003, 1.208165973761168, -2.8997609834530524, -0.00048023096152229646]]
[[-0.44955915350479175, -0.45172444248780835, 0.013224039959207488, -0.014748621134248045, 0.012751186117643303, -0.05108942669573167]]	[[0.07290135089129224, -0.570932188157839, 0.26736587633622116, 1.2081099641367419, -2.899772474876265, -0.0005194767378651231]]
[[0.2526278421400815, 0.3221179479060907, 0.17795171760858364, -0.0018702213685791369, -0.011843778606492869, -0.07038242439369935]]	[[0.07290314337699443, -0.5709267493891426, 0.26731710374858536, 1.2081250554874743, -2.899808949792377, -0.0006669446061597474]]
[[-0.32550120881416644, 0.06660130472265183, 0.1688660475235318, -0.0042952715973078575, -0.0004729704085096613, -0.05704358113854371]]	[[0.07292151309044076, -0.5709384238422519, 0.2673171019457271, 1.208192530956695, -2.8997783432434123, -0.000554470645056858]]
[[0.36441590485241226, -0.07400508906747302, 0.05329741761860499, -0.011228329666991962, -0.011340910254895599, -0.058671302583162305]]	[[0.0729339462194248, -0.5709334831585116, 0.26728327147083597, 1.2082798895647529, -2.8997425370357703, -0.0005729908952210102]]
[[-0.23383805445778524, 0.07074622181030024, 0.14367758691808274, 0.000830592937948736, 0.0039932911196962784, -0.062343099523327165]]	[[0.07288744702931907, -0.5709330972827605, 0.26725525590867183, 1.2080945813206365, -2.899782324714196, -0.0006502694915968681]]
[[0.21974870612771058, -0.09542710261018045, 0.11821795915974902, -0.0002855375902846842, -0.003160526418159774, -0.06470232517939671]]	[[0.07290522569225225, -0.5709390819551349, 0.26723078989434573, 1.2081501126650067, -2.899771761118497, -0.0006297185771028806]]
[[-0.3237121249867899, -0.5014458481491826, 0.18768286896468558, -0.005143415166350017, 0.014906404812601507, -0.05680008179176132]]	[[0.07290436618359257, -0.5709367198570923, 0.26719774182736905, 1.2081681986049133, -2.8997644349343967, -0.000630928163976082]]
[[-0.21376103468468519, -0.1785015124778624, 0.21437460724397003, 0.006107040307360193, 0.00593053027211611, -0.06028096731681462]]	[[0.07290313266811282, -0.5709334039272952, 0.2671831209116285, 1.2081338327070963, -2.899779234279484, -0.0006492604009828603]]
[[-0.6155337572541283, -0.29179813031184965, 0.3385053272574875, 0.0024717041617155692, 0.008583259870119507, -0.05571171414381003]]	[[0.07291494826774521, -0.5709207904109985, 0.26711681705412654, 1.2081953529859446, -2.899784802592456, -0.000854602669331432]]
[[-0.8934644153483424, -0.3160048489131892, 0.33603769610268225, -0.008696769734852025, 0.007501338954537956, -0.051507118626527224]]	[[0.07291158143387995, -0.5709219786933976, 0.267104022774578, 1.2082162479812006, -2.899735284504273, -0.000780668429852158]]
[[-0.19544796756109922, -0.1563299392300531, 0.13360029840117543, -0.009026473077010063, -0.011075139811392179, -0.06364402355843847]]	[[0.0729285656528252, -0.5709292383388463, 0.2670720731101893, 1.2081989344275286, -2.899742647284316, -0.0007818680191188378]]
[[-0.07911820781676024, -0.364862991356939, 0.12722586402633831, -0.011584634272269979, -0.010696521014196696, -0.059928965789912324]]	[[0.07291062680696592, -0.5709261912087992, 0.2670552859920469, 1.208172355273115, -2.8997292232640612, -0.0008383940358645284]]
[[-0.18273661221221005, -0.39926959057433364, 0.3793171490035934, -0.0021967722661473533, -0.003672259130846102, -0.058962678077710697]]	[[0.07292928469241312, -0.5709242282547278, 0.2670202040196619, 1.2081909399352166, -2.899774170582564, -0.0008534052418434569]]
[[-0.3912487649631292, -0.17249361010335645, 0.2749888379989217, 0.006651614795252179, 0.0024623685746870162, -0.056935174468674764]]	[[0.07291350064478691, -0.5709200816610133, 0.2669995403183937, 1.2081909268211866, -2.8997739201331973, -0.0008351591258333034]]
[[-0.26593970818169976, -0.19668757660442432, 0.24340080335998188, -0.0027422897875855985, -0.0008005377982047435, -0.05389525981628383]]	[[0.07292816532524474, -0.5709143793186946, 0.2669677615933579, 1.2082005324388674, -2.899797080527652, -0.0008885685887258391]]
[[0.41407818800248847, 0.09389155718894066, 0.165096164651087, -0.0029416530178686985, -0.013583736025975766, -0.05605577078854662]]	[[0.07292970149164728, -0.5709322183183315, 0.2669134802502662, 1.2082005799285205, -2.899746765604401, -0.0009655125499307186]]
[[-0.26258585389215955, 0.10277812895391548, 0.313046895992566, -0.010991817127392375, -0.0001343338211241378, -0.052225532689874905]]	[[0.07290587496066696, -0.5709214435498507, 0.2669077234836858, 1.2081357624132925, -2.8997855539945685, -0.0009094123674666726]]
[[-0.5333741274089429, -0.06251129414696685, 0.38781658670929464, -0.014336591552346926, 0.011670233932080836, -0.05376182172928442]]	[[0.07290723220949913, -0.5709250698716818, 0.2668860089962841, 1.2081538779219845, -2.8997785101826876, -0.000927749792417106]]
[[-0.24439166581747207, -0.2543115243143792, 0.20370566611571872, -0.019055329843237365, 0.009277718504117793, -0.05343165711071907]]	[[0.07290539276957403, -0.5709254019179258, 0.26686510723454304, 1.2081889086265645, -2.899814098689611, -0.0008295514594254192]]
[[0.3663722304055883, 0.23443251928976683, 0.40890946810237755, -0.001898892838896384, -0.0005168569319078058, -0.060421707443467004]]	[[0.07294163314771257, -0.5709283480636428, 0.2668378051704231, 1.20824724082007, -2.8997123233454425, -0.0008511934305711046]]
[[0.2264402343231258, 0.1737925968806996, 0.3917785056671628, 0.00022917665232315436, 0.0012851995279767729, -0.05243004759123995]]	[[0.07291419869656453, -0.5709319655611843, 0.26682689847778507, 1.208177161812539, -2.899740751943307, -0.0008124598859812983]]
[[-0.1418512163842609, -0.01264187240716741, 0.28479329237978596, -0.006393957044930178, 0.012603305158097756, -0.05487742451610775]]	[[0.07290260502543061, -0.570931503422186, 0.26680483734961513, 1.2081703111078737, -2.899769167921884, -0.0007936442024742788]]
[[0.6358141987662438, 0.18612878000869448, 0.1598172144918517, 0.0038860152633491416, -0.006477064967679131, -0.05674034330590037]]	[[0.07292353058857871, -0.570927454937828, 0.2667479703958432, 1.2082440350770431, -2.899753389928361, -0.000849227294274511]]
[[-0.3417936609412047, 0.008230586828257391, 0.4844658225853773, -0.0037627012361378057, 0.007243486741009912, -0.051329135260264815]]	[[0.07290606975097805, -0.5709216001404784, 0.2667425372068295, 1.2081881000167218, -2.8997628999559897, -0.0008301186094508923]]
[[0.0034185799513936563, 0.041997341124134335, 0.2667092259853907, -0.01455214685235779, -0.007377435782538188, -0.05692791761122753]]	[[0.07292066462660816, -0.5709422211868741, 0.26674494811597765, 1.208220491702599, -2.8997456257881957, -0.0006601929629701625]]
[[0.08102902287269043, 0.05585877352171681, 0.24465451897156915, -0.014859612247064693, -0.007073997230866683, -0.049545098239537025]]	[[0.07291762957079989, -0.5709408466682998, 0.26673149998050916, 1.2082287105021512, -2.899716439686845, -0.0006602000369270642]]
[[-0.36131993908615245, -0.01260214829045192, 0.29702095209603147, -0.0008816987453200676, 0.004619523702305577, -0.0463160335075338]]	[[0.07293351501753151, -0.5709384438473533, 0.266652196093735, 1.2082736521688338, -2.899727210939544, -0.0008094168615310694]]
[[-0.3613297575108278, -0.012575856403248598, 0.297010122183874, -0.000880200404320584, 0.004614717970238803, -0.04631654107430783]]	[[0.07295321005396964, -0.5709485707260188, 0.2666673724194109, 1.2082949564622811, -2.899727937083471, -0.0006390375772501593]]
[[-0.006652283315742524, -0.35570928998127627, 0.22876840006090346, -0.005752508142805926, 0.003082341895014255, -0.05794286618722902]]	[[0.07295327976307807, -0.5709418748321979, 0.26662777603054544, 1.2082176596676832, -2.8997857502708646, -0.0006184241381996462]]
[[-0.21952938059045007, -0.1078586260075811, 0.3512838349369747, -0.004190490482136871, 0.007949340449560265, -0.05058123018380048]]	[[0.07292285362662418, -0.5709478362416553, 0.2666290535492975, 1.2081504216264087, -2.8997741065652907, -0.0006009242292484559]]
[[-0.3750579716292126, 0.4463824246138824, 0.3001591558889156, 0.007157062344201793, 0.0021172184890559144, -0.048840566704476805]]	[[0.07290734526885115, -0.5709504123791382, 0.2666165133954943, 1.2080723398209512, -2.8997792330186427, -0.0005262581161721917]]
[[-0.29258667224003554, 0.214723116379727, 0.17132394007051316, 0.0018438813623079505, 0.006304091870552836, -0.04506000070055604]]	[[0.07291015800667047, -0.5709564995915524, 0.2665816729541375, 1.208117010383871, -2.8998383743314986, -0.0005055236866623438]]
[[-0.22179233386261032, -0.1640305263524452, 0.20923097271160784, -0.0013855631381951942, 0.003298269919876303, -0.047768943696783625]]	[[0.07292767694124791, -0.5709535959170963, 0.26655038329263847, 1.2081935710438565, -2.8997804143290313, -0.0004878379778774253]]
[[-0.27979708392330843, -0.31805562151807887, 0.20075738261911913, 0.004753543419413734, 0.008264919684465657, -0.0455996669514693]]	[[0.07292917979142685, -0.5709521090445456, 0.26653373639713074, 1.2081407956209729, -2.899748696419808, -0.00041488178390689196]]
[[-0.3106602142156188, -0.21973221755133873, 0.20060881222845645, 0.015034221704135334, 0.008534204886865479, -0.05383905333296531]]	[[0.07293211833567036, -0.5709599896573053, 0.2664930661645241, 1.2081412087439738, -2.8997499543474077, -0.00047176478181158656]]
[[0.02293090879277171, -0.5659509753281777, 0.18477025594332477, 0.008888687396062023, 0.0027790526688466852, -0.05429506801596317]]	[[0.07290766638076829, -0.5709597227063372, 0.26648538695653345, 1.2081206989279818, -2.8997961904331198, -0.00039645545754477755]]
[[-0.39244653819414327, -0.7940230771704007, -0.021605981618440587, 0.005530593315685138, 0.012877257798854074, -0.04322536158543241]]	[[0.0729061582198222, -0.570962554582068, 0.2664782655188, 1.208111126702683, -2.8997730737677734, -0.0003609315280188229]]
[[0.07606130061944671, -0.5998061688359861, 0.02706755654272208, 0.009354674759609185, -0.004725268973058834, -0.05171100189237482]]	[[0.07291715843865874, -0.5709504089660759, 0.26644363610669214, 1.2081674475419903, -2.8997639632793217, -0.0004168234982403601]]
[[-0.4720678120183569, -0.6750981426580611, 0.014137061975986274, 0.006339330938571711, 0.00937213974668761, -0.04882910266903046]]	[[0.07291828117700529, -0.570968870656059, 0.2664233998499919, 1.2081891780328593, -2.8997659173718007, -0.00030343261973779956]]
[[0.04243865510135264, -0.7534857911266205, 0.13061584849360108, 0.0011875954365232386, 0.002697694764866078, -0.04015543966273654]]	[[0.07294445208838424, -0.5709565863109739, 0.2663942260982639, 1.2082323240184742, -2.8997760033035944, -0.0003971636949890723]]
[[0.012239340189708348, -0.3403549578798536, 0.18876064318783986, 0.010881186050285683, 0.004164901044371975, -0.050344399110110856]]	[[0.07292535720677162, -0.5709539139217653, 0.26636604212714227, 1.2081675766326914, -2.899764328339558, -0.00041820406353896536]]
[[0.03533677161844789, -0.5828726954878092, 0.14246375514861928, -0.0011236528249943876, 0.00550018446924512, -0.04386645897626946]]	[[0.07290722310747468, -0.5709583459376264, 0.2663606047659908, 1.2081557112486219, -2.899782723154244, -0.0004174807861085238]]
[[0.0985827108420404, -0.8573189562888475, -0.03820798068871057, -0.013974538822939878, 0.000248407803594127, -0.046077519938577796]]	[[0.07292120564830344, -0.5709574783434178, 0.2663488374658724, 1.2081550418630294, -2.8997810042897814, -0.0003238033551246034]]
[[0.4272457091374765, 0.0327423958527954, -0.1101975468965709, 0.0027546418799285874, -0.010427863857138266, -0.052543977836835336]]	[[0.07292395585829446, -0.5709500138345996, 0.2663190351875372, 1.208183917867757, -2.899756579744304, -0.00036335921775179717]]
[[-0.2644636661600436, -0.2473269649077938, 0.04981242498604135, -0.005835698570139731, 0.0069719182821652535, -0.046093928788791275]]	[[0.0729237814045785, -0.5709530014862203, 0.266280409173468, 1.2082154965967886, -2.8997331736998695, -0.00047653565781057694]]
[[0.41831555763143735, 0.026891825781998308, 0.17370046329982106, -0.00033847274299351094, -0.0011445851588450563, -0.04845735544272709]]	[[0.07291082618710347, -0.5709453751594956, 0.2662480620507794, 1.2082130622265697, -2.8997740440194812, -0.0004937557205557585]]
[[0.16761150003214387, 0.025918691046838846, 0.04234927030867, -0.001827609052646692, -0.0017788700308079303, -0.04881521572224807]]	[[0.07293168566354698, -0.5709516012667887, 0.2662328476861833, 1.2082021803148288, -2.8997518681500556, -0.0004757170858846882]]
[[-0.18144216722364917, -0.3070777904957334, -0.03858950436128679, -0.011391745004053044, 0.004714822945152614, -0.046095288364776665]]	[[0.0729424430909179, -0.5709379072026424, 0.26618696199049763, 1.2082429650417572, -2.8997502363306205, -0.0005514185780572446]]
[[-0.42012714266465356, 0.07467838764796, 0.10140434206359662, -0.0003292370123233173, 0.004568841680007884, -0.03519884438128518]]	[[0.07290928028542572, -0.5709445139889874, 0.2661704387659264, 1.208156280245365, -2.899785606702203, -0.0005130583580793257]]
[[0.09880136362843303, 0.250699847583268, 0.057436817704866715, 0.0027246878022456093, -0.006884144307716526, -0.04847476281130727]]	[[0.07292187938847408, -0.5709442489053829, 0.2661683597889418, 1.2081681292625464, -2.8997651874220036, -0.00041936802878706056]]
[[-0.05611965740939273, -0.3823737450646856, 0.15221450808824702, -0.008787039827610461, 0.00551798514023589, -0.045957820238215076]]	[[0.07292350191964582, -0.5709295542973264, 0.2661218209939501, 1.2081867781154603, -2.8997610157531235, -0.0005711281385301737]]
[[-0.35627294272753096, -0.46753166246652106, 0.23859904544284052, -0.010910361041903143, 0.011880539376082588, -0.04079002311450962]]	[[0.07292179470651232, -0.5709336335204837, 0.2661330232180882, 1.2081821735228655, -2.8997988046777086, -0.00041824193007426714]]
[[0.13266431038784138, -0.01965173456762883, 0.24041719103640766, 0.001995259392787523, -0.000488967293891544, -0.048510025375531535]]	[[0.07291478164189928, -0.5709400103681024, 0.2660792445854367, 1.208226487473708, -2.899757259735626, -0.0005319398424398152]]
[[0.13266385803293412, -0.01965504824341744, 0.24041716976622338, 0.001995240446627343, -0.0004890103805886539, -0.048510025720479036]]	[[0.07291874922039457, -0.5709322677116319, 0.2660671075204345, 1.2081906419509425, -2.899772277636599, -0.0005322091757605068]]
[[-0.10265928804924374, -0.5619593374192882, 0.12352787168795712, -0.016861472886600965, 0.006822932420105343, -0.03993219605641777]]	[[0.07291730939362878, -0.5709352777316506, 0.2660330394031378, 1.2081993703388216, -2.899742479113234, -0.0005332659251206146]]
[[0.5700915396613693, -0.055519228371044504, 0.15606792314570034, -0.0037324023853665326, -0.00943302555231516, -0.050502486914853435]]	[[0.07292040751881378, -0.5709264591184205, 0.26600347023330256, 1.2082400344648514, -2.8997915842344892, -0.0005675992406349872]]
[[-0.34736834432441677, 0.01579708998737328, 0.24800137289972624, 0.0012967872743777035, 0.008241771255413217, -0.04281076341143545]]	[[0.07294033822609022, -0.5709231145108608, 0.26599780549806135, 1.2082821041581, -2.8996953106281533, -0.0005341426220534385]]
[[-0.04848923936388978, 0.0905044214560331, -0.008769367133295571, 0.004465718650909211, 0.005192882861180189, -0.042871846409832826]]	[[0.07292014879857155, -0.5709304500533164, 0.26596718016501925, 1.2082077547941736, -2.8997135766932383, -0.0005367176241867608]]
[[-0.025934546969107852, -0.42694977232608045, -0.0849152480887787, -0.0085924532958149, 0.00250311316285866, -0.042256807060096775]]	[[0.07291206259032922, -0.570917685273571, 0.2659287529281226, 1.208273907982413, -2.8997261891196295, -0.0005899914846494681]]
[[0.2326881841811715, 0.10122038402377213, 0.004521598517951954, 0.0061955552683973765, -0.006958810069265723, -0.04691907386984967]]	[[0.07293609929572367, -0.5709239725992872, 0.2658971706441142, 1.2082393011678607, -2.8997407322489894, -0.0005902502551343992]]
[[-0.0733729678364485, 0.26349874749940916, 0.04313259113139784, 0.01474407985572704, -0.00158349961754634, -0.046186936276248945]]	[[0.07291056140644189, -0.5709216440477574, 0.26587147355118756, 1.2082196673174792, -2.8997891496144454, -0.0006266628801383369]]
[[-0.06668200589493475, -0.41551202585103597, 0.12389868202021562, -0.0051796979587701245, -0.0041240658918959595, -0.04405742637643591]]	[[0.07291139224935023, -0.5709192099403626, 0.2658475064173021, 1.2081828108416832, -2.899752877313486, -0.0006469985741556421]]
[[-0.34135714330685984, -0.22035320859195268, 0.04857691293657886, -0.005463776704319384, 0.0019298129576801396, -0.03790531032877059]]	[[0.07291974454816781, -0.5709190702349612, 0.26582188778122523, 1.2082227982167644, -2.899749643308817, -0.0006642523931105675]]
[[0.18899050192661915, 0.04817192076545579, 0.0768097562309497, 0.0035083542009414314, -0.010872413956508847, -0.05017679182217466]]	[[0.07291177254060927, -0.5709099021854631, 0.2657630626045448, 1.208233142400808, -2.899774452726008, -0.000775372794846734]]
[[-0.32546626096188275, 0.09478600477238466, 0.0469663789845415, 0.005649194050075565, 0.001200339566578177, -0.04219491636710952]]	[[0.07289655452751861, -0.5709134580495651, 0.26572746583065, 1.2081729040969966, -2.899773851602651, -0.0007971070551651782]]
[[-0.21110012799012465, -0.19663533720462897, 0.13904310282653676, 0.005228248008508498, 0.003257031618004269, -0.04428504445018988]]	[[0.07292414300327073, -0.5709150339817828, 0.2657229826325923, 1.208270758634001, -2.8997185070543363, -0.00072107831500728]]
[[-0.09133853215393732, -0.2526299143453067, 0.1719521961808615, -0.0005769369298163659, 0.001700992728695075, -0.04457528084681511]]	[[0.07292543606962379, -0.5709013861074639, 0.265677440573745, 1.2082944963624696, -2.899775581023851, -0.0007932134340411733]]
[[-0.026743830409760805, -0.3239709122077488, 0.04610344609286487, -0.012997989526117902, -0.005660625567344498, -0.04627221883897083]]	[[0.07292117409905398, -0.5709070114160324, 0.2656544349269923, 1.2082713969092584, -2.8997198154158066, -0.0007757998756294621]]
[[-0.08354231232032651, -0.007611118288189715, 0.1290559906814789, -0.0030401855324591453, -0.004647756442334076, -0.04105350642615698]]	[[0.07290806791237607, -0.5709031585114522, 0.26561865412438956, 1.2082631408837856, -2.8997506694536437, -0.0008145961808740339]]
[[-0.17816540309576362, 0.04001627397730753, 0.3662432477662756, -0.004523541525348522, 0.0034766397176874573, -0.04383959558919729]]	[[0.07290806791237607, -0.5709031585114522, 0.26561865412438956, 1.2082631408837856, -2.8997506694536437, -0.0008145961808740339]]
[[-0.5122138513383241, -0.30928114782846605, 0.3890110325657093, -0.01095199383357572, 0.008995355364671186, -0.0394273088921853]]	[[0.07290920885697232, -0.5708926401644437, 0.2655781021876701, 1.2082481919546888, -2.8998103249125804, -0.000884092606795726]]
[[-0.06000657469259253, 0.03740019776963516, 0.29668145522539935, -0.004003412852607698, -0.007975027321007917, -0.041607984457399376]]	[[0.07291569396036958, -0.5708942003819343, 0.26558652919010745, 1.2082082117915771, -2.899811572211626, -0.0007724108763076875]]
[[-0.4375488125825643, -0.18240555780318668, 0.2752580444359058, -0.011507265011114525, 0.006897088437070304, -0.04339755921359609]]	[[0.0729147667791135, -0.5708916552218732, 0.2655266252733772, 1.2082605103634263, -2.899790966315117, -0.0008117008561750479]]
[[-0.29128200032030754, 0.16306241272469987, 0.46849265335712237, -0.005578722123275764, 0.0019388440477761159, -0.041324651046692244]]	[[0.0729084387466409, -0.5708937540436797, 0.26550904945845455, 1.2082603843006245, -2.899790655607827, -0.0007906448337151445]]
[[0.10884484879014542, 0.22344057000924847, 0.1432960950428923, -0.01112785129193068, -0.01084740815680856, -0.04108161771823771]]	[[0.07289614098635505, -0.5708927645005828, 0.2654734379474953, 1.2082599411158472, -2.8997384953534566, -0.000774492687793658]]
[[-0.02207109254291452, 0.1955729172949502, 0.3510812335883811, -0.011425434138200246, -0.007148574897457167, -0.03517543775072871]]	[[0.07289334042270001, -0.5709077141476185, 0.2654584083376806, 1.2081339802834639, -2.899777228328111, -0.0007355123009432494]]
[[-0.25033863130951645, 0.4409988236648861, 0.3576949663593925, 0.001643587482425669, 0.0004021160317421456, -0.042411456335360774]]	[[0.07291912115556537, -0.5709030829906709, 0.2654471571950745, 1.2082769878625506, -2.8997819338037893, -0.0006945273442588764]]
[[-0.07366893802689581, 0.050346802664525514, 0.38714645548369286, -0.003246733076063211, 0.001334784216117045, -0.038261505797762524]]	[[0.07291750315463029, -0.5709000944086429, 0.26540275455359463, 1.2082671699743257, -2.899709111399737, -0.0007351737850986276]]
[[-0.2769966264002763, -0.07148015135648728, 0.3575255727708536, -0.004586552582382903, 0.00596940687444971, -0.032877911928033875]]	[[0.07289971886875185, -0.5709055609900638, 0.265388907098312, 1.208220420012516, -2.8997411474763504, -0.0007151946082508381]]
[[-0.06400751834270871, -0.051236888764158155, 0.21883786184867596, -0.004853149436558932, 0.002046441609123953, -0.04264414061031697]]	[[0.07292740452804024, -0.5709127531045564, 0.265375410781503, 1.2081973978517833, -2.8997875444703216, -0.0006009345804460025]]
[[-0.32800033871678025, -0.15097895382397764, 0.33366125245007056, -0.00634897288408694, 0.010865907233074495, -0.03642607144884911]]	[[0.07291023823271256, -0.570911863035868, 0.2653508491942726, 1.208240886788507, -2.899743674382481, -0.0006216529045111896]]
[[0.3518875380624489, -0.021139518129140555, 0.28834908591242253, -0.009766603112143658, -0.005635602155923694, -0.03897719326873334]]	[[0.0728960253874661, -0.5709008699685436, 0.26531347381992004, 1.2082040591028025, -2.8997992995987167, -0.0006568353980349142]]
[[-0.27873480349115454, -0.45929857207969715, 0.271960647906112, -0.017157063784750945, 0.009537729721171222, -0.02643134113777682]]	[[0.07292366591459984, -0.5709128834214813, 0.26531409062802297, 1.2082703825703378, -2.8997169620560284, -0.0005445868640685167]]
[[-0.22012681235582632, -0.11197382378619057, 0.14049194850792165, -0.005245850306896534, 0.006681043253963357, -0.04107719665346646]]	[[0.07292710670397694, -0.5709151237378791, 0.26526367706883863, 1.208331740393505, -2.899718392791099, -0.0005619504641217661]]
[[-0.3323294140510521, -0.034923653333579247, 0.16613292238326616, 0.00011066255200596403, 0.005612122114733443, -0.03841937150683927]]	[[0.07292257623917034, -0.5709064715169463, 0.2652477579093338, 1.2082579999868373, -2.8997357926428364, -0.0005622944563309333]]
[[0.21241863444091783, 0.528081310820341, 0.14113019038283484, 0.013747495379132934, -0.009256491754105938, -0.04363307828387282]]	[[0.07291038189811327, -0.5709152705359166, 0.26523567227072015, 1.208218014739208, -2.8997371604175526, -0.0004515569466510915]]
[[0.1817102282137055, -0.19681640611837864, 0.002068265381432188, -0.0030480444369099936, -0.0031831535290110817, -0.03667026350342578]]	[[0.07291327275925578, -0.570912703171596, 0.2652247594687133, 1.2081801939151298, -2.899792635775396, -0.00046905412138513073]]
[[-0.19682071903759868, -0.28685218163824844, 0.11904345098962121, -0.0027456507567448635, 0.005537659365679907, -0.0357752903896949]]	[[0.07291303120491345, -0.5709154361717718, 0.2651654481655791, 1.2082108503514613, -2.8997688923607114, -0.0005443277638884765]]
[[0.1392610844772612, 0.18228362781754692, 0.09574348417122683, 0.0044276250077794135, -0.006934425110785219, -0.04265595117569263]]	[[0.07292675884587949, -0.5709174000054219, 0.26516587631831334, 1.2082569640965124, -2.8997333638055887, -0.00041330591560181695]]
[[-0.19342717405129392, -0.07329355485504216, -0.06721585780068856, 0.00781411727845976, -0.0009911060681283114, -0.04113439937749485]]	[[0.07294059920205281, -0.5709242504009421, 0.26515184618917514, 1.2082884383932604, -2.899758685547899, -0.00037279133702636556]]
[[-0.071328901162232, -0.48020171480980955, 0.11012175582603793, 0.0013821744769948012, 0.0025426364849684994, -0.030770357851580783]]	[[0.07291997477543051, -0.570921664177244, 0.26511534314880203, 1.2082353434843762, -2.8997301592005753, -0.00043393333021708665]]
[[0.49950436883333066, -0.6177883237596106, -0.08456229229531839, 0.0019109754904667522, -0.004904624077580037, -0.03601857865562344]]	[[0.07293177708583055, -0.5709237882275893, 0.2651104597966197, 1.2082140579349747, -2.899776678148042, -0.00035916718474727984]]
[[0.1105091037099486, -0.7027002209812224, 0.06075753796274745, 0.008604448691815201, 0.007797409848290281, -0.030978108940699144]]	[[0.07291013145945234, -0.5709256478544854, 0.265096746229803, 1.2081932230841266, -2.899771271875114, -0.00030214409808785827]]
[[0.21273678355425135, -0.44672622123253547, -0.09934038860162563, 0.007670737121760718, 0.0035285980648370975, -0.03258654180422817]]	[[0.0729254142833522, -0.5709360303453519, 0.2650595013707583, 1.2082177538565424, -2.8997348865596875, -0.0003038526804413316]]
[[-0.3444653692420946, -0.44006740014921897, -0.11577924004613238, 0.0012708208694050252, 0.011414020375705877, -0.02813252326365453]]	[[0.07293259982601101, -0.5709258338793872, 0.26503677516837343, 1.2083003375072496, -2.8997402835006447, -0.0003212593053970498]]
[[-0.2963487858409797, -0.4083383793421402, -0.0304370342353621, 0.002430211221112491, 0.0054966112209873415, -0.03303672290464727]]	[[0.07291401027389516, -0.5709278845018654, 0.2650148121793806, 1.208265264161067, -2.8997024852829716, -0.000305961135977853]]
[[-0.23791479628924742, -0.15492664996067806, -0.0835274001586523, 0.01069039657559215, 0.007154721756314327, -0.02711635190882526]]	[[0.07291707966416015, -0.5709293433212707, 0.26497440443568265, 1.2082577117338242, -2.8997333142287958, -0.00038070220658903604]]
[[0.05978906831780584, -0.5413615531865157, -0.13354245948358573, 0.002793242249150331, 0.01039964386279836, -0.029474991997362955]]	[[0.07293013774928013, -0.570915809850763, 0.2649489145386078, 1.2083426819586875, -2.899738576903091, -0.0004365633173019474]]
[[-0.22898703456141917, -0.1613621135980703, -0.2297370626323042, 0.012189054600419936, 0.010612102314429054, -0.01578085571430429]]	[[0.07291545915879856, -0.5709282481753652, 0.26494917104510274, 1.2083064646546302, -2.8996981758988056, -0.00028746185532181384]]
[[0.0904675658540489, -0.14766953606124045, -0.3697595315630355, 0.005936316519348266, 0.0007451977261608536, -0.012077407786866355]]	[[0.07291722308006675, -0.5709260388376642, 0.2649287643467548, 1.208351918411576, -2.899706113054544, -0.00030595034326760996]]
[[0.4282418252330918, -0.40315910302023444, -0.14005290308006213, -0.0060415735299954205, -0.014697241910120654, -0.00933360367240438]]	[[0.07290049569176639, -0.5709187059152082, 0.2648892202830363, 1.208321125874334, -2.899721640918408, -0.0004180436257858929]]
[[-0.259485345106957, 0.2905886900875536, -0.06582982586800244, 0.0124996556443709, 0.0019431338358730475, 0.0052926529084641695]]	[[0.07293191587591122, -0.5709236851219172, 0.26490658268686446, 1.2083407639600972, -2.899722127039176, -0.00022999458611715586]]
[[-0.03925850595855382, 0.32138083495035075, -0.042884961061858, 0.005272517701983083, -0.00439908874857494, 0.0075812113910787475]]	[[0.07291947598517304, -0.5709165305675777, 0.2648082358172382, 1.2084010401421612, -2.899677822768276, -0.0005322580118577586]]
[[-0.0008387176925143264, -0.1929575644230141, -0.10136342461949262, -0.009277529835455253, 0.001861936122237711, 0.01663964745108832]]	[[0.07292886172719261, -0.5709155923080105, 0.2648077452213206, 1.2084596977602406, -2.899678484889135, -0.0004749559021184863]]
[[0.025891521700776854, -0.3300535598924268, -0.16081019230264137, -0.013069669037155254, 0.009576056140723786, 0.02265773930379049]]	[[0.07291527105594106, -0.5709172403384514, 0.2647936265485905, 1.2083890711079086, -2.8997054948744596, -0.0003609789008714103]]
[[0.14421093883284336, -0.3275424730959974, -0.03147326710045787, -0.006431452203859144, 0.0003722277323319309, 0.019822091402601313]]	[[0.07291544836662564, -0.5709143534911485, 0.26476344841339483, 1.2084274761186151, -2.899704273104893, -0.00043821282116402973]]
[[-0.05626129803164841, -0.2041576530738114, -0.14333285935477608, -0.004597577224287152, 0.004461419336622507, 0.02255304921728813]]	[[0.07292139751216328, -0.5709111589146543, 0.2647232252709061, 1.2084271632639216, -2.899705420537143, -0.0004748801627969936]]
[[0.07541011058289598, 0.1900257146568016, -0.09254304743133945, 0.0025935855563324617, -0.0004760089511174593, 0.013832649693677737]]	[[0.07291833000997575, -0.5709200239686041, 0.2647067914445864, 1.2084041489345045, -2.899650020783229, -0.0004779730660162129]]
[[-0.057550310259109144, 0.09534807209372768, 0.029678201394928525, -0.003407877044866659, 0.0012759737473076705, 0.01886112378638899]]	[[0.07291888235276714, -0.5709077688502945, 0.2646624320744994, 1.2084066031195306, -2.8997026616278787, -0.0005327440383151437]]
[[-0.28438713849291475, -0.26168257456510075, 0.17671042342873147, -0.010281268850815877, 0.006711587347931741, 0.0187088892848549]]	[[0.07291108014204102, -0.5709128366470284, 0.2646389362041608, 1.2083798986024878, -2.8996871654779484, -0.0005153717268612324]]
[[0.2465389168943501, -0.01839448791864834, 0.11065027436933067, 0.0009955842859526907, -0.0007163127105887948, 0.01436096230020662]]	[[0.07291454748873558, -0.5709152525116472, 0.26460138349200535, 1.208372639765462, -2.899718765192426, -0.0006083374192532026]]
[[-0.27088509362250823, -0.30088686090039607, 0.19134953452088024, -0.007584989834368673, 0.010123170865628823, 0.01957489846517381]]	[[0.07290904162237902, -0.570910806004712, 0.2645654302344167, 1.2083932137225963, -2.899672382865222, -0.0006660598876918292]]
[[0.06540621021213419, -0.4862878950459509, 0.08510855380858184, -0.009958121572530482, 0.0010281167961409352, 0.011287096997757559]]	[[0.07290650670297345, -0.5709039977017183, 0.264562948066919, 1.2083932954260534, -2.8996723773636552, -0.0006657774291557635]]
[[-0.18831429079635148, -0.47259367181655026, 0.2158566191103423, -0.004476642321756374, 0.0011589847961579322, 0.01720020591667155]]	[[0.07291752334863758, -0.5709040021510841, 0.26452722443917914, 1.2084242083644443, -2.899698092369194, -0.0006263779944615137]]
[[-0.13300148355014557, 0.219085693142676, 0.41633346118804776, 0.013051594719394809, -0.005389636393934567, 0.015838585509728335]]	[[0.07291718919326423, -0.5709065067801697, 0.2645041772498416, 1.2083860751250868, -2.8997020138109733, -0.0006649738738798589]]
[[0.04166735614182292, 0.08317941703345855, 0.415261523004292, 0.007738722710066823, -0.008097263426952566, 0.016242042599483225]]	[[0.0729037653860864, -0.5708965525079724, 0.26445865228008697, 1.2083941584472777, -2.899674252085456, -0.000742105221744787]]
[[0.13338859176546564, 0.016147520430365873, 0.13881599577628204, -0.005745823624344377, -0.004553827151420153, 0.017424800287652798]]	[[0.0728982671573927, -0.5709035546137237, 0.2644408475998191, 1.2083565251080863, -2.8996775077844763, -0.0007613360043806461]]
[[0.04960434318670489, -0.13362440359680444, 0.26888815603479577, -0.006732401229690796, -0.0018567496825288303, 0.01236900177066975]]	[[0.07293848492408143, -0.5708932710901887, 0.264406025455009, 1.2084306003568122, -2.899660517645459, -0.0007974722167415893]]
[[-0.2952461899950759, 0.2602231123256988, 0.07923554097812434, 0.001347848279262312, 0.0002603786783122367, 0.007207818483803922]]	[[0.07291326693722706, -0.5708959027331737, 0.26439506945058755, 1.2083871050183708, -2.8997042182280297, -0.000758050362458245]]
[[-0.5421539257873412, -0.12992206020477454, 0.3111184242034496, -0.002507635398155482, 0.00510566386221638, 0.012079264801071235]]	[[0.07287857928103486, -0.5708977300444027, 0.26435615943944424, 1.2083193252562587, -2.8997343304607557, -0.0008331899659705854]]
[[-0.22689959004415122, -0.44229895404738784, 0.2916030826331151, -0.01456861931424367, 0.0027732382562752284, 0.010382591674893107]]	[[0.072921292602247, -0.5708982579462656, 0.26432737312705634, 1.2084221801478185, -2.899691150828014, -0.0008134294242572477]]
[[-0.07548897504632118, -0.15220687964554175, 0.21415064577423973, -0.011964417840111154, -0.0009701917334262013, 0.002318453554139273]]	[[0.07290582854083912, -0.5709019054298992, 0.2643096625026744, 1.2083436371635257, -2.8996972195975705, -0.0007953989745875123]]
[[-0.41387824205341217, -0.00937881204295371, 0.33599449130836606, -0.009357319143683991, 0.0025747339734032548, 0.017103791258819282]]	[[0.0729372755770597, -0.5708761951755714, 0.2642792590277353, 1.2084501272990857, -2.899707266795575, -0.0008882578411622542]]
[[0.1049926749648495, -0.11399387429486983, 0.23556259591220371, -0.008805614232864297, -0.006990763200503181, 0.010546091817993866]]	[[0.07291920367204532, -0.570896084686325, 0.2642664442434336, 1.2084003070060527, -2.8996871389612084, -0.0008128323809899374]]
[[-0.3809927688435282, -0.2596654281921952, 0.36828924762818127, -0.009499333451464816, 0.01063198684362851, 0.013569289844052746]]	[[0.07291996298532254, -0.5708877704379228, 0.2642274967850055, 1.20839730374972, -2.899728658839891, -0.0008480129328876772]]
[[-0.07024035047727992, 0.10134076601993063, 0.26787804710626034, -0.0005060466053947901, 0.0005004987340319577, 0.0024499001567633107]]	[[0.07291598008251657, -0.5708838047961395, 0.26420792797312515, 1.208457163054911, -2.899677234499348, -0.0008127445889125757]]
[[-0.5070054540860053, -0.08131951872035287, 0.3165011319401576, -0.003155113956266757, 0.01217774625502875, 0.011374208486270774]]	[[0.07291522114584412, -0.5708853358299442, 0.2641666101071969, 1.208435201167084, -2.8996752032605744, -0.0009067567179884041]]
[[-0.42980691198397114, 0.2004741602208709, 0.31376093506255603, 0.002256012191564299, 0.008386362745686595, 0.009152855553684069]]	[[0.07290268587909148, -0.5708932500885892, 0.2641634416819035, 1.2083095923918938, -2.8997125416779057, -0.0008114508003916713]]
[[0.11938806991223509, 0.033849419673281214, 0.15823951170807857, -0.009441716933972753, -0.0068662966447155605, 0.003682315111851173]]	[[0.07291025582969198, -0.5708943335165841, 0.26412744795553167, 1.208309371186861, -2.8997119947818555, -0.0007740086120705623]]
[[-0.12129032425858177, 0.16423538702258686, 0.385860915302325, -0.006775173649725414, -0.0056328478027805155, 0.01376830056674105]]	[[0.0729045934492108, -0.5708948570902503, 0.2641181565003249, 1.2083996733357305, -2.8996873221148918, -0.0007724703086172785]]
[[-0.29698131764238556, -0.027896419687013924, 0.21084154426518678, -0.017377080464065796, 0.0054654266823992445, 0.009794332366115916]]	[[0.07291309293220534, -0.5708895897670041, 0.26406590898774507, 1.2084212827370737, -2.8996415148362176, -0.0008496179005460832]]
[[-0.06692464519468344, 0.19673686212331548, 0.19441403052452183, -0.004995587233959971, 0.002153873644818648, 0.007049243051537936]]	[[0.07288487682336209, -0.5708828664990114, 0.2640335719392898, 1.2083288076535756, -2.899707729856068, -0.0009245552443103437]]
[[-0.36677942592163054, 0.04631175219857428, 0.3683340558230681, -0.010189770914443227, 0.0038797288008827766, 0.008217065169733041]]	[[0.07292978573827973, -0.5708850603697829, 0.2640152522724039, 1.2084701860748146, -2.899659690779282, -0.0008280185887147807]]
[[-0.26854695469285156, 0.07993050260020483, 0.3181990966139524, -0.010394307014100983, 0.005357558714712774, 0.008394438186098929]]	[[0.07290944896926241, -0.5708851028072311, 0.2639847565011678, 1.2084227320727228, -2.899693837886705, -0.0008627493515050786]]
[[-0.2239121046633578, -0.14032307784092135, 0.08292212298239614, -0.016092499324646795, 0.0049634594557844, 0.011560288192418881]]	[[0.072909978115617, -0.5708899381742935, 0.2639878999014938, 1.2084005150659005, -2.8996871572872838, -0.0007494134042656136]]
[[-0.2921950019542989, -0.17874353111470256, 0.13043453467298882, -0.014486287282863566, 0.005416301207855226, 0.011318785774393643]]	[[0.07290494414703311, -0.5708989000049488, 0.26396300405639606, 1.2083612213591655, -2.899690328139501, -0.0007315873866254895]]
[[0.058345816421325386, 0.05716455188511666, 0.23011180214297822, -0.004657090888038897, -0.000724985503894457, 0.006998974177327191]]	[[0.07292103067126418, -0.5708934206016745, 0.2639035812969045, 1.2083927787663613, -2.89971754558092, -0.0007673198685180319]]
[[0.023151429629851575, -0.1941246161495076, 0.21354491266139122, -0.004676875609452739, -0.0012824729323149472, 0.004923712016888924]]	[[0.07289798680319379, -0.570891602159382, 0.2639031287747807, 1.2083540925992502, -2.8997198528011054, -0.0007308889538324558]]
[[-0.004044430296773198, 0.0807614638361435, 0.18075184182920642, -0.0005584443754340086, -0.002316259619477103, 0.0009144106814631511]]	[[0.07292160547579495, -0.5709017646405312, 0.26386596818950137, 1.208469160794443, -2.8996573657119264, -0.0006734116952496029]]
[[-0.19019397265135804, -0.08053535945281093, 0.17279317740357392, -0.007715791113088562, 0.002991816393299582, 0.0019209919522889317]]	[[0.07291665383363859, -0.5709006387471003, 0.26385352624704766, 1.2084092279702132, -2.8997083416751837, -0.0006539998443278091]]
[[-0.09399714543426803, -0.026956795572354933, 0.32842620433579095, -0.007608871368342023, 0.0025484130631215768, 0.0024131903660504586]]	[[0.07294690880568788, -0.5709010594549632, 0.26383147995614914, 1.2084833270493562, -2.8996896325907753, -0.0006154776521462191]]
[[-0.2848645316035169, -0.4706722656186072, 0.2648984310084914, -0.015518145677919457, 0.008247908223959769, 0.013020613986443701]]	[[0.07290807681518602, -0.5709069322157394, 0.26381089827322923, 1.208343012163403, -2.899695248062489, -0.0005800582064510785]]
[[0.24330348620575246, -0.2690746326376777, 0.04049906260701632, -0.007970222951412118, -0.010225135460818983, 0.006710792900731203]]	[[0.07291197909508523, -0.5709103982543523, 0.26378882101530543, 1.2083520317719916, -2.8997171047842594, -0.0005413716402674594]]
[[0.09139228797562599, -0.18956565927912775, 0.06460568727996072, 0.0020691828605496274, -0.0021000309552143583, 0.004066245871266765]]	[[0.07292199752452043, -0.5709146594097846, 0.26376777895809633, 1.2083554687184006, -2.899727446782202, -0.00048488611279166985]]
[[0.17759064226914648, -0.2431175682775512, 0.10625568990228244, 0.003163377287425454, -0.0010170328794218179, 0.0038239417786968878]]	[[0.07292955151532593, -0.5709096098627585, 0.2637325948133013, 1.2083215684274722, -2.89969047057764, -0.000526459428205457]]
[[0.1376112137320865, -0.2569588108534, -0.06820562977872523, 0.008073481335272185, 0.0024348740099189377, 0.00612894891432158]]	[[0.0729230890996226, -0.5709154743011271, 0.26372812286586617, 1.2084367100618285, -2.8996279453494687, -0.0004511104862797183]]
[[0.020414493214882506, -0.45144770804166423, -0.030219504038853616, 0.0067235910618491344, 0.005934143364102023, 0.004793444693722133]]	[[0.07291252896264275, -0.5709286986651575, 0.2636896610853681, 1.2083281281027087, -2.8996596257334972, -0.00041409619541838696]]
[[-0.5232694208119251, -0.9395420199909343, 0.14949417210410731, -0.005898495980687706, 0.02097386823985712, 0.010335612070341761]]	[[0.07293959014695953, -0.5709172496265537, 0.26367889652062504, 1.2084247434671909, -2.899646116435484, -0.0004523452157640833]]
[[-0.06419496590651785, -0.7130202922054463, -0.00691886632565126, 0.001442221494307166, 0.011382577440710057, -0.000250685844202986]]	[[0.0729272652276059, -0.5709129046794026, 0.263618418635603, 1.2084043557529474, -2.8996966778157427, -0.0005643458983702007]]
[[0.5158486323023825, -0.37365725789955734, -0.17589451471728298, 0.0022972165466016536, -0.004320215535201668, 0.009619162117883587]]	[[0.07291175112804166, -0.5709231653887977, 0.26360852519221895, 1.208368042872355, -2.899658019924129, -0.0004900067381821141]]
[[-0.17453762509443052, -0.43426963870946766, -0.11656351796892041, 0.0006428709945645291, 0.013337481505871423, 0.009190002227542479]]	[[0.07292766819862746, -0.5709139063041371, 0.2635815910509638, 1.2083524283747966, -2.8997180826948443, -0.0005452424036235309]]
[[0.4690208990418535, -0.15649214736849978, -0.20754937703207335, 0.005557728008206164, -0.0038557423248386105, 0.001611825590772492]]	[[0.07291778183303806, -0.5709168300365862, 0.2635384126897097, 1.2084427833236113, -2.899642690341991, -0.0006047530954233135]]
[[-0.3003298716349537, -0.4739669714380236, -0.0846335590907409, 0.0009147885158488234, 0.01410490799575325, 0.010019074509135858]]	[[0.07291331452698352, -0.5709203957285722, 0.26356381071332025, 1.2083420419446917, -2.8996929234295066, -0.0003981836134953211]]
[[-0.24101536841170018, -0.2208364686471063, -0.027352371136326898, 0.005539676519946672, 0.008224168511935265, 0.005638399378539694]]	[[0.0729158711754134, -0.5709082287428159, 0.2635047483625846, 1.2083429649024824, -2.8996969561553767, -0.0005845607734340687]]
[[-0.09482328677685542, -0.15750649108046297, -0.10834090545984891, -0.002379752652037121, 0.005169776896232638, -0.0054260236652019685]]	[[0.07291518887538573, -0.5709220393391364, 0.2634699243097918, 1.208365143742679, -2.8996999479967127, -0.0005464228365061588]]
[[-0.1560188660558305, 0.14877875510072505, -0.17838003032928748, -0.004495645196505102, -0.003908591455811358, 0.004827867982601952]]	[[0.07290305258250233, -0.5709079468538268, 0.26344928704609943, 1.208367025238972, -2.8997022389135214, -0.0006798548337731275]]
[[-0.11071347575630425, 0.05058844377277441, -0.17062984443148874, -0.0066537053720689045, -0.0031731379143592944, 0.004963422584672091]]	[[0.07292103963902097, -0.5709186262850199, 0.2634310686303162, 1.2083658049877906, -2.899701534390679, -0.0006222036404937049]]
[[-0.011896015239156163, -0.1154285160622831, -0.05041657630607929, -0.005094917442468535, -0.003988084236478334, 0.006028527490035418]]	[[0.072909527111646, -0.570906916386008, 0.2633769494919185, 1.2083670095222792, -2.8997041915211668, -0.0007519782272691679]]
[[0.13165284791073023, 0.3194892163419866, -0.00851414418130462, 0.002822081002436922, -0.0034003443459213268, 0.0013267083115531375]]	[[0.07290016264137528, -0.5709225499748846, 0.2633675057582761, 1.2083449050968915, -2.89969804790496, -0.0006397469162726737]]
[[0.04566177744852618, 0.11738352256197454, 0.00641405880834284, -0.003614832239560091, -0.0035829329427371475, 0.002829447593903606]]	[[0.07292523098095446, -0.5709208166680231, 0.263358970820137, 1.208404108422894, -2.8996472061530003, -0.0006232790697609846]]
[[-0.06841126957574031, 0.2649318273079581, 0.130314879484844, 0.0027002898179861994, 0.0014593434974696801, -0.0034708695147849062]]	[[0.07291787238673858, -0.5709100272593362, 0.2633072094973826, 1.2083841193652227, -2.8996965985476737, -0.0007147166855989691]]
[[-0.3165068584966389, 0.19865656235040446, -0.03877824007175942, 0.0007556662007830312, 0.01075507994049232, 0.002944447094588695]]	[[0.07291317974127326, -0.5709076510207226, 0.2632840954650531, 1.208404836447471, -2.8996506321051765, -0.00077400750054138]]
[[-0.003378896354763959, 0.020338548089973003, -0.15553160374280636, -0.009673244515583823, 0.0011881101487387948, 0.0007739183058889526]]	[[0.07293266982332042, -0.5709140644426607, 0.2632701578670035, 1.2084322535807255, -2.899664210395905, -0.0007339404100436117]]
[[0.3089309506381171, 0.07589944626005225, -0.07437128909530438, -0.007756970203089241, -0.019570670737517133, 0.0038431858186157124]]	[[0.0729129728151704, -0.570913777617566, 0.26322701443632135, 1.2083264926681474, -2.899657282986782, -0.0007545313077810617]]
[[0.03338797314675676, -0.1407390758781621, -0.07746974190345415, -0.012034513538594298, -0.0030755303898959176, 0.008290106058435165]]	[[0.07293919452795168, -0.5709089357627564, 0.2632156789996592, 1.2083849756592464, -2.8996966973948295, -0.000714682808954738]]
[[-0.010755909368495478, 0.0037975781256571377, 0.09475234114879447, -0.004484180237353575, 0.0018648969531591222, 0.0017557331566026436]]	[[0.0729408489190445, -0.570913442687808, 0.2631808073362346, 1.208437673226613, -2.8996773792350092, -0.0008279980672721044]]
[[-0.23049603191244195, -0.1261710397568686, 0.04756883975323771, 0.002233825600443005, 0.0033966021590655826, 0.001515517660629508]]	[[0.07292068349698842, -0.5709207705163717, 0.26315718371005375, 1.2083447638609417, -2.8997016452245514, -0.0007524378356097046]]
[[-0.1964933669688176, -0.22351581341138793, 0.052648838897050854, -0.0018725519063071895, 0.0022648901697708136, -0.0018068830840599211]]	[[0.07292877558553529, -0.5709069076670511, 0.2631298438778259, 1.2084116038466357, -2.8996630964604884, -0.0008463342939839712]]
[[0.09383010228866076, -0.39426918006245804, 0.19937411631501892, -0.009948846988467291, -0.0011660873212716557, -0.000569143729612803]]	[[0.07291211868534456, -0.5709169006769007, 0.26309546135811485, 1.2083116104095346, -2.89971741536112, -0.0008267188330132614]]
[[0.1636789849733886, -0.1604928227375426, 0.13171413324214531, -0.008279615089544634, -0.0007613984434224515, 0.0002538118965839192]]	[[0.07290763551374481, -0.5709116523444877, 0.26304980387845545, 1.208372217946637, -2.899667857588453, -0.0008850189104207007]]
[[0.22203879558937917, -0.10370099966381582, 0.09122996857924726, -0.004488816553127414, -0.008154283186699958, -0.002708809306291507]]	[[0.07290220608031554, -0.5709221980444238, 0.2630453540542879, 1.20825972159396, -2.899688070401789, -0.0008480579823378808]]
[[0.04592174633315374, -0.43703898195053725, 0.1332093812067178, -0.010538326516899376, 2.2159466778247892e-05, 0.0036118882497357843]]	[[0.0729176167752865, -0.5709158284127124, 0.2630383568525285, 1.208324463354138, -2.899699452974428, -0.00082750175145166]]
[[0.1591226714899588, -0.3264933521419504, 0.2080312595383471, -0.008863130745692734, -0.005013471495418728, -0.005992543618360483]]	[[0.07292557112638696, -0.5709083532732759, 0.26297429236135195, 1.2083636722633522, -2.8996471751846196, -0.0009412316484591172]]
[[-0.5403917447089077, -0.30766292070910733, 0.2274954951802485, -0.00659339312503328, 0.0115598271524772, 0.005886360499264759]]	[[0.07293202810309306, -0.5709120126232033, 0.2629630075874368, 1.208364849677325, -2.899697122837444, -0.0008820745856712409]]
[[-0.7045352495785508, -0.09623610033925684, 0.20274827624186414, -0.0026610930668276023, 0.015035724095074265, -0.000624423841209769]]	[[0.07291652015733349, -0.5709195749257526, 0.26295968094567446, 1.2082810419119974, -2.8996925168954295, -0.0008466684421804904]]
[[-0.2918304114827679, 0.0794818908973753, 0.14159697332005555, -0.0021064499419201775, 0.004803901549444449, 0.0033127292974863914]]	[[0.07293405706695878, -0.5709173753953777, 0.26292481906105375, 1.208364720236451, -2.8996969221306377, -0.0008619472176139429]]
[[-0.06318439127710862, -0.3339194169809886, 0.31693693410994384, -0.012180148520001837, -0.0028354346996834062, 0.007592244491398249]]	[[0.07292355538391473, -0.5709192804389709, 0.26287094783827775, 1.2083164591443014, -2.8996802340963947, -0.0009393764821888614]]
[[-0.2518609745273673, -0.08015931821415823, 0.2344357582913011, -0.006451856964428337, -0.0008840728889110212, 0.0027909828596971047]]	[[0.07291361673038078, -0.5709206508352198, 0.2628624420081573, 1.2083645741755091, -2.899698575422274, -0.0009193029993952763]]
[[0.21709354365787503, 0.11965926001679233, -0.021279034197019795, -0.006727086016314008, -0.00876601622006521, -0.0046682454242901765]]	[[0.07292465501157837, -0.5709119981650506, 0.26283325015640424, 1.20838225675734, -2.8996921584417783, -0.0009555956838420806]]
[[-0.3239319669608415, -0.22039391151484944, 0.429189063681365, -0.009608672426649494, 0.004798794267339857, 0.0003062702583494613]]	[[0.07292916096944684, -0.570920630694988, 0.26281905665044225, 1.2084210335268901, -2.8996881425107297, -0.0009173679328603589]]
[[-0.49051864850624594, -0.044239227641834966, 0.39917406708849545, -0.003410773397601118, 0.009608439063319235, 0.007852995518573314]]	[[0.07294202986155418, -0.5709125740549668, 0.2627909963407449, 1.208392141553279, -2.899714137506984, -0.0009345861599388411]]
[[0.06867805855975731, -0.042652143259301036, 0.30219267997896926, -0.0027108683771797934, -0.002557512192542292, -0.0054766606188252805]]	[[0.0729380150605968, -0.5709188467503014, 0.2627687275547401, 1.2083854992906826, -2.8996511362357014, -0.0008998624179711605]]
[[-0.33839398653957325, -0.12516197105907684, 0.14457112643452874, -0.007604551553743715, 0.007688055805304141, 0.005664897129667269]]	[[0.07292443323530734, -0.5709282360222093, 0.2627666437614072, 1.2083925893812981, -2.899619376273682, -0.0007870588535591163]]
[[-0.14231778872181053, 0.011488705542321995, 0.18484211153778204, -0.0003641235549613463, 0.0011525928598824365, 0.0038962343589423356]]	[[0.07293635573890841, -0.5709198535569693, 0.2627155224452809, 1.2083699327184747, -2.899709524868931, -0.0008973078801845397]]
[[0.13567633893110753, -0.21788437223670365, 0.1212421136756383, -0.01451338567770312, -0.0054010589515896355, -0.0030924080881764644]]	[[0.07293071782133662, -0.5709279783499014, 0.26268989156137773, 1.2083639584479302, -2.8996991875192, -0.0008961399927521249]]
[[0.09844116466700994, 0.18687041047636024, 0.06599911061220255, -0.003144471821000743, -0.00782366150254768, -0.006505757803004618]]	[[0.07291849077267627, -0.5709176627273028, 0.26267018722675456, 1.2083775456235761, -2.8996807387339385, -0.0008953473645148497]]
[[-0.25200660489011545, 0.15929012368121398, 0.14459075235935484, -0.0011324744806573933, 0.004130604427218954, -0.006623116389718577]]	[[0.07291351847138705, -0.5709199605722947, 0.2626611646026073, 1.2083635827505288, -2.8996978898050108, -0.0008202497499209102]]
[[0.11956404278916102, 0.3780423561686822, 0.14415365883679734, 0.0016610181836121264, -0.004241981453934718, -0.00619294385055266]]	[[0.07293362153232844, -0.5709225179249868, 0.26262348919082334, 1.2083208775377206, -2.899690816717688, -0.0008578501947299142]]
[[0.14618101132014102, 0.10140737697348037, 0.17427739674631473, -0.007996864623449635, -0.0022970458050490094, -0.006736836007586777]]	[[0.0729388293058184, -0.570929610516727, 0.26260661058781837, 1.2083467994714427, -2.899704649838124, -0.000799264399204661]]
[[-0.25590923439430857, -0.10653769006994063, 0.19157305520306384, -0.012196625364443728, 0.005667655332013978, -0.004642840791768902]]	[[0.07291153069519264, -0.5709395908255013, 0.262612700319826, 1.208250502618548, -2.899716851159088, -0.0007054270217754482]]
[[0.07377246494953686, 0.10803671824955106, 0.17366706804277196, -0.005862228391259182, -0.006247809977625619, -0.01188064523224893]]	[[0.07292199142356477, -0.5709354562591423, 0.2625794555192126, 1.2084054855509174, -2.8997034052534323, -0.0006476493311501915]]
[[-0.4461573444910353, -0.35576706515216294, 0.4201158953084845, -0.01782282269412644, 0.010066619402294755, -0.008993721992573086]]	[[0.07291918568382569, -0.5709348727845222, 0.26255152780619606, 1.2082763651531676, -2.89973221457871, -0.000704089694894871]]
[[0.0502944521036272, -0.005822166841081496, 0.28641842089989356, -0.010671837794189494, -0.004559714901163971, -0.010292112451363465]]	[[0.07292633388593371, -0.5709416185674948, 0.26254160189536246, 1.2083184851290714, -2.8996872042493953, -0.0006283987609735636]]
[[0.11177812812246284, 0.14310659372028095, -0.006036252567145345, -0.007122413746303006, -0.0033904174859768913, -0.010592491953645583]]	[[0.07291981840227582, -0.5709331161139964, 0.26250296840706105, 1.2083316399802353, -2.8997227536423367, -0.0007217161516659813]]
[[-0.09938051899804015, -0.2397319300451226, 0.09486530749527261, -0.010191449460014832, 0.003770520609562469, -0.016169407456758378]]	[[0.07292975145826074, -0.5709452805036938, 0.2624895538460032, 1.2083159220787183, -2.8996360078857237, -0.0006135494596999423]]
[[0.1630632796127669, 0.07672575404356341, 0.1227810995201626, 0.003235231017639152, -0.00010714402540403, -0.02422647987054219]]	[[0.07295241741507841, -0.5709464436082661, 0.2624859831670563, 1.2083426907815524, -2.899700728144025, -0.0005145807513474792]]
[[-0.10370718505933547, -0.2841701878163321, 0.2166086012565022, -0.00669633083176484, 0.00020270824597146695, -0.02769485570483468]]	[[0.07294161694408204, -0.5709598217419475, 0.2624661967347796, 1.2082665655034588, -2.899718799887935, -0.0004781353850415238]]
[[-0.00847084699931255, 0.012106830801193453, 0.04155683062656874, -0.0030423189196262176, -0.00231598369090667, -0.035205598521365636]]	[[0.07292895052026233, -0.5709571988174027, 0.2624392336991633, 1.208206211252096, -2.899768632774124, -0.00041823067911192426]]
[[-0.21533569758623566, 0.07150990309275838, -0.04269876831756052, -0.0028259235313691103, 0.0015312042792177234, -0.038918756891068565]]	[[0.07293261487662787, -0.5709634461483007, 0.262430667640359, 1.2082444934866499, -2.8997653072177236, -0.0003798844535479647]]
[[0.08042066013965317, -0.17930252414829462, 0.03963854451219687, -0.001213945684649268, 0.0024152751054801786, -0.054017297001673334]]	[[0.07293672737879056, -0.5709656238307955, 0.2623965431250622, 1.2082313903114825, -2.8997317367766238, -0.0003835156877567936]]
[[-0.049850536896510894, -0.1859880953530596, 0.11546698412705533, 0.011089105665452086, 0.004095575575426547, -0.053629362546388386]]	[[0.0729441540422181, -0.5709629665211777, 0.26237448112474593, 1.2082372552310001, -2.899741914034709, -0.00036445866186996624]]
[[-0.10843079560603147, -0.6309616358591169, 0.1344867820683851, 0.0016928045693233003, 0.007585695455792451, -0.05969849534985711]]	[[0.07293479733582456, -0.5709671457602825, 0.2623500722899551, 1.2081897290897674, -2.899723107045821, -0.00036591858044526544]]
[[0.3610480272663524, -0.21757028726855637, -0.21177404953064205, 0.005504198109007355, 0.001589567662916882, -0.056145897044997777]]	[[0.0729733557818383, -0.5709673462895649, 0.26231357432448815, 1.2082874807899697, -2.8997087599321696, -0.0003831073784701125]]
[[-0.15189995486665614, -0.5142138710587851, -0.1559587727888848, 0.0011905582027500806, 0.007852419481727472, -0.04811774702941743]]	[[0.07294528484990964, -0.5709692698414653, 0.26229156596212216, 1.2081830263772484, -2.8997520342500542, -0.0003660751662945074]]
[[0.34652843628068536, 0.02309780316508589, -0.11987729593932833, 0.015631124804522695, -0.004110483564478684, -0.055107750270895976]]	[[0.07295163928503716, -0.57096301302527, 0.2622831562080271, 1.208223624043129, -2.8997481332729396, -0.0003676113428495491]]
[[0.1828409514136582, -0.35787122729725074, -0.13160144341422667, 0.008718287254653095, 0.0005215250086626029, -0.049549900339577506]]	[[0.07294160440078025, -0.5709660718742806, 0.26228109401790656, 1.2081733067564018, -2.8997283328729444, -0.0002756904033269178]]
[[0.2200757389350521, -0.7009109775487133, 0.033681303185821854, 0.003122990253307722, 0.0003953824439036633, -0.049248164280630544]]	[[0.07292971205603849, -0.57098269294096, 0.26226580726440396, 1.2081590412989875, -2.899694231797885, -0.00023891867727260206]]
[[0.2023188273322751, -0.38047775649772375, -0.15584674885354435, 0.008715969500775567, 0.004352738175529985, -0.05269694655810148]]	[[0.0729428484575347, -0.570981606354885, 0.26223937376628925, 1.2082170369384175, -2.899734450304352, -0.00019923080168915771]]
[[0.12962251755148912, -0.6008049053632911, -0.14225970410085062, 6.912236470476467e-05, 0.007073233946862566, -0.04449718273408073]]	[[0.07295258081176373, -0.5709721246553464, 0.2622010738825624, 1.2082140264898604, -2.899725069979574, -0.00029339785458564935]]
[[0.029220660117116645, -0.25083484641678677, -0.05180135798075388, 0.009279852799240635, 0.006183595819258504, -0.04904421990955445]]	[[0.07294065241754172, -0.5709668311371928, 0.2621639338486578, 1.2081696653281937, -2.899719590924034, -0.0003693778937761662]]
[[0.3063465326460022, -0.14843700768846008, -0.06595101020250703, 0.011538822868367332, 2.458106246309901e-05, -0.048823814853014846]]	[[0.07294621806946591, -0.5709748820914264, 0.262157725044597, 1.2081961132812138, -2.8997327412491307, -0.0002927341595394121]]
[[-0.0047410187161394945, -0.25575344549603085, -0.20509454878961228, 0.0031222281809420455, 0.002118833755718825, -0.045989580812289425]]	[[0.0729545594739853, -0.5709705638592175, 0.26212650724846526, 1.208240173461082, -2.8997412169729246, -0.00033023811159278016]]
[[-0.0746526971585827, -0.10167648742115296, -0.1895877339661924, 0.004771218198174266, 0.0017843223585168185, -0.04628121816285379]]	[[0.07295344486095123, -0.5709742827603503, 0.26211107578783915, 1.2082831862667711, -2.8996963231924027, -0.00027523030841706257]]
[[0.11991900086499667, 0.1938612790279962, -0.09938146157592184, 0.007889034407470248, -0.0026458530505173985, -0.05100462877551708]]	[[0.07293571732278069, -0.5709657378156745, 0.26209369537624666, 1.208179086830705, -2.8997402406014126, -0.0002944024132393597]]
[[0.15210113579090243, 0.13604656942388021, -0.00982808360223947, 0.0053447766571624, -0.00688507444066835, -0.04944134395535321]]	[[0.07294560892757221, -0.5709697574034702, 0.2620585206072825, 1.2082532091599925, -2.899723682627562, -0.00035086428546472265]]
[[-0.043082310719541834, -0.043398358315958195, -0.003396808375289642, 0.00036109257695501374, -9.061405805975772e-05, -0.044438038514379385]]	[[0.07294329987961155, -0.5709601092701753, 0.2620501588393298, 1.2082223588233478, -2.899748704358744, -0.0003131881139437998]]
[[0.26368439703661717, -0.13301096726272135, 0.04361048145022269, -0.00260413278260875, -0.0084183727559145, -0.04950905178607381]]	[[0.07294003613746913, -0.5709670487126837, 0.2620241310191373, 1.208193018666121, -2.8997739536979763, -0.00031266263913784845]]
[[0.0870347223211476, 0.3029163430937647, -0.10882721712726362, 0.004832470381670975, -0.006782566074225449, -0.042134043807457]]	[[0.07295381818213052, -0.5709717978594709, 0.2619891578389692, 1.208201592601262, -2.899745928081812, -0.000368802878290606]]
[[-0.04048849122775186, 0.010612545105670257, -0.13466020521407043, -0.005433989548389971, -0.0030701401384578848, -0.04794549833393352]]	[[0.07295365205526617, -0.5709521942636111, 0.26194913389802904, 1.2082194514929836, -2.899739589385775, -0.0004069654487548173]]
[[0.017151032271947295, 0.2571631643488108, -0.035855962580207706, 0.003472765413963737, -0.002898680655631122, -0.046902340665262214]]	[[0.07296131068873354, -0.570963804550221, 0.261923392840412, 1.2082066672850558, -2.8997071096544165, -0.0004464101872143465]]
[[0.10345190521321945, -0.5273662083311143, 0.002160481854503126, -0.0028856298041362166, 0.0007541593655301057, -0.040630936700084615]]	[[0.07293222995195991, -0.5709596390233844, 0.2619016691209947, 1.208210673272889, -2.8997185222635307, -0.00044683795557968206]]
[[0.2971515774260131, 0.12775358107460583, 0.02938388637361367, 0.014140382879357257, 0.0015482161728241394, -0.046999638778189655]]	[[0.07295948768627546, -0.5709520234571231, 0.2618760126096533, 1.2082324605488852, -2.899722057906011, -0.0004266461307136823]]
[[-0.2052181963338802, -0.07279785194791644, -0.041050236658457646, 0.0021845508553036148, 0.01078855790137563, -0.04400583035576416]]	[[0.07294106818542398, -0.5709641549698953, 0.26184582719153443, 1.208210161673991, -2.8997193964835795, -0.0004646923723835717]]
[[0.40488427222839846, -0.007101710661157917, 0.03478291043524656, 0.002865120475729111, -0.002553674644062534, -0.04301194689797026]]	[[0.07293435769290721, -0.5709428207625012, 0.261814625273864, 1.2082683973141093, -2.8997107529957358, -0.0005775784128351652]]
[[0.02003695446374229, -0.1740306514982185, 0.0888655296178864, -0.005645652258945613, 0.003927281096113474, -0.04326533504241293]]	[[0.07293965908774142, -0.5709535525020183, 0.26180269153241087, 1.2082550214061443, -2.899727634850129, -0.0005025715297302921]]
[[0.5325824597602437, 0.25344116839594455, -0.03696773277886307, 0.006678652199791968, -0.011447669405122542, -0.05083055616794479]]	[[0.0729415091081398, -0.5709454232223455, 0.2617723787136216, 1.20821258438301, -2.8997208781641763, -0.0005588003982214602]]
[[0.1216010073382484, -0.1407590851326503, 0.09165603953896476, 0.0017408202557532581, -0.00043656045097627413, -0.04389347433549235]]	[[0.07296136929019215, -0.5709502141276189, 0.2617568084870025, 1.2082772200522827, -2.8997323185957677, -0.0005384312050041926]]
[[-0.45327005866275477, -0.1013504069675242, 0.13265217100326254, 0.0004912719433695202, 0.01419361871844776, -0.040750390443016836]]	[[0.07294951078417442, -0.5709510745491204, 0.2617175051009214, 1.2083110843528306, -2.8996672155057426, -0.0005599699587687867]]
[[0.4346847323929537, -0.19506761278371237, -0.0589675117617467, -0.00713604027706144, -0.008827478789763305, -0.04052119950786179]]	[[0.07295833530145512, -0.5709454109310504, 0.2616935545244525, 1.2083256651628864, -2.8997003863936204, -0.0005760873134916408]]
[[0.417901595555653, -0.1780427721796251, 0.055931469593755834, -0.003997574609744071, -0.0032673468515258567, -0.04922661852902377]]	[[0.07294143539804565, -0.5709451575816064, 0.2616369864531029, 1.20826568083241, -2.8997023582464867, -0.0006913647186282623]]
[[-0.20258817077912347, -0.166672139395263, 0.16393120696983848, -0.0010572456626199685, 0.009809494397619007, -0.042730000004243845]]	[[0.07293521270017271, -0.5709441686887532, 0.261607360835201, 1.2083050151637411, -2.8996994376504426, -0.0007087188221167903]]
[[0.053647640505619106, 0.06544976088636431, 0.2537222180876706, 0.0022862771218783587, -0.0025107686301596484, -0.04807514285466416]]	[[0.07296053514425753, -0.5709436908831333, 0.2616017283413671, 1.2082670621772138, -2.8997526994528813, -0.0006485683427216921]]
[[-0.044003633161818614, 0.09063798065948604, -0.03930219573482289, -0.004806263070080846, -0.0021820979066711913, -0.04297576283818165]]	[[0.07294965891331331, -0.5709472083345503, 0.26157591323824025, 1.208300872152562, -2.8996875415567023, -0.0006701083202333997]]
[[-0.36026535443626684, -0.15572394230934622, 0.18676547233256943, -0.0062300761400976585, 0.01145299288268789, -0.03550598054278145]]	[[0.07294237411722584, -0.5709399499035823, 0.2615448538933196, 1.208240302075571, -2.8997387738411304, -0.0006687772442105396]]
[[-0.1799832460184863, -0.13808334358748173, 0.30245587411489017, -0.007032251683945216, 0.008658531876190688, -0.045486960829311106]]	[[0.07294346270756635, -0.570933242559865, 0.26149206093896077, 1.2082458843003203, -2.8997012685634056, -0.0008200318400499735]]
[[0.3413677990310511, -0.008995592024403948, 0.17799286818729806, -0.0024659937997799225, -0.0027333548692100246, -0.045183339768515324]]	[[0.07295671826774867, -0.5709263000423948, 0.2614903306650955, 1.2083031820388188, -2.8996886883368114, -0.000744184383795465]]
[[0.26285581217894266, -0.07254433092294994, 0.15503984449238256, -0.007609494149731384, 0.002322663919176133, -0.04230126299965826]]	[[0.07294747623245763, -0.5709301909794404, 0.26146556792406234, 1.2082381579950443, -2.899676543636278, -0.0007464150262054351]]
[[0.08451286876866436, -0.025002647936144148, 0.2998380338542918, -0.009958350012217917, 0.004647759738131797, -0.03618306918978063]]	[[0.07295786132023932, -0.5709278721558636, 0.26141390635974077, 1.2082529168533302, -2.899712302698267, -0.0008554231574001811]]
[[0.004122600230461515, 0.5290465316200547, 0.5238439291144584, -0.005751343628138842, 0.0070883983087458744, -0.03855704179479808]]	[[0.07298513742776215, -0.5709229194859874, 0.2613997157285569, 1.2083928931178998, -2.899652830469862, -0.0007990880660380624]]
[[0.9190361723933479, 0.6279643856342096, 0.13530391259347413, -0.017766695418490495, -0.009726964824929487, -0.039212083515906264]]	[[0.07296406050447983, -0.5709115867588818, 0.26136159628283456, 1.2082982812623722, -2.899668730917693, -0.0009126945575465879]]
[[0.26936351709449446, 0.6450774418063013, 0.15248829041791984, -0.02149727525789597, 0.012335752819404001, -0.037287274981934244]]	[[0.07295724473924312, -0.5709363211176492, 0.26135696973142925, 1.2083082851986136, -2.89964835785682, -0.0007627620230599682]]
[[0.628874755146461, 1.227309430580643, 0.05192914148843437, -0.021786970431121964, 0.016498229064196908, -0.031559612589492844]]	[[0.07298602776624141, -0.5709316083410508, 0.2613205328842731, 1.208350412963527, -2.8996581115286846, -0.0007985468338201821]]
[[0.27800700780951215, 0.7528610429968935, 0.2094523924627451, -0.024218244678938024, 0.023670596078202356, -0.04381485821505427]]	[[0.07299159588470136, -0.5709273694791133, 0.26130468911884713, 1.2084028707873349, -2.8996358870408616, -0.000777303440214837]]
[[0.22823357734601127, 0.5414888554707529, 0.17316824212997464, -0.0068465045561449805, 0.009527874084294447, -0.046018665430247074]]	[[0.07299863732593168, -0.5709270542604964, 0.2612675212470018, 1.208384830099922, -2.8996432004991775, -0.0007594148444318052]]
[[-0.06184195953179765, -0.2044420588499392, 0.20887780045613924, 0.00024680358484609243, -0.0075901352381775354, -0.04291883762587691]]	[[0.07297876648271359, -0.5709127652090923, 0.261241397209453, 1.2083155060430404, -2.8996730635829304, -0.0007956183335814637]]
[[-0.21124581213577376, -0.15018883098416444, 0.25960613224965007, 0.01796219492171013, -0.014546388847274702, -0.038949350784525286]]	[[0.07298823356953475, -0.5709181578714058, 0.2612215101279677, 1.2083508709934254, -2.8996567678602245, -0.0007199137256607253]]
[[0.04594189749856843, -0.26025686344913157, 0.23945045238813603, 0.005883225498583259, -0.012343654682166982, -0.04228336618995036]]	[[0.07300621879691452, -0.5709315704847895, 0.26121527900712416, 1.2084144097635166, -2.8996147722148136, -0.0006249186631471289]]
[[-0.4999046756584019, -0.12361849381688117, 0.3864090819434232, -0.0010700551708438073, 0.006959635486648474, -0.03760004910496731]]	[[0.07302423139837674, -0.5709225683766853, 0.2611359805665554, 1.2084497578299584, -2.899604174273198, -0.0007958449431364335]]
[[-0.19115959783492956, -0.017744320535415845, 0.02183193589923913, -0.008820718001197493, -0.004323930713414243, -0.044362809815295424]]	[[0.07301423843407165, -0.5709201896668036, 0.2611464130596096, 1.208468041356892, -2.899646200028364, -0.0006796041138410361]]
[[-0.2300525273410924, -0.27679079593641487, 0.04871936459726844, -0.004396102638743775, -0.01720056126083907, -0.03963037872831564]]	[[0.07301339837687532, -0.5709280130086551, 0.261126971566046, 1.2085056276626451, -2.899590239343396, -0.0006050842475088517]]
[[-0.618248202518714, -0.5761170360989605, 0.06321310081695355, 0.013760977631392802, -0.016924198359952746, -0.04183781045425024]]	[[0.07301234367256854, -0.5709225246444585, 0.2610826352255599, 1.2084753484886939, -2.8996168326121516, -0.0006422598558001193]]
[[-0.873186414518777, -1.073836394401858, 0.15088470222126218, 0.013913511637340505, -0.01923176104630965, -0.03628175832839809]]	[[0.07303769693325587, -0.5709228760866376, 0.2610777699955858, 1.2084711482286419, -2.899655678349919, -0.000565740971570082]]
[[-0.3778905591848304, -1.2281019010853058, 0.0258667903083705, 0.006265741021335845, -0.028945223810778263, -0.03879900813576231]]	[[0.07305031783846651, -0.5709210778317328, 0.2610318024849685, 1.2085540723701382, -2.8996092828073534, -0.000604519779621274]]
[[-0.5252628024907644, -1.0631871553209633, 0.2558709638131159, 0.006216519275447617, -0.015085784527396702, -0.035329585510725826]]	[[0.07303855176855363, -0.5709284156842623, 0.26104561642380975, 1.2085004863685695, -2.8996286794942563, -0.0004735227988780645]]
[[-0.44488764772645023, -0.8123199954436231, 0.14847263985378417, 0.0043468533791749635, -0.007362621844662708, -0.033174237899446374]]	[[0.07305136054026981, -0.570923747076618, 0.2609879810656086, 1.208501870271547, -2.8996300416065135, -0.0005487331991877971]]
[[-0.16412212555769096, -0.6056989433544444, 0.3082245564314556, 0.010488793243316183, -0.02335530735433139, -0.04290391017130684]]	[[0.07305137743449613, -0.5709339592502258, 0.2609487758739992, 1.2084884388237451, -2.8995978882122233, -0.000587236799370331]]
[[-0.6819228856047292, -0.8093641361406818, 0.01448877516903677, 0.008834136876911761, -0.015591378955214626, -0.03072009320573128]]	[[0.07303041264862445, -0.5709236473786178, 0.26094456413030354, 1.2084605194263753, -2.8995829176681824, -0.0005725788681807538]]
[[0.0999815264554286, -0.5783061068653198, -0.1796377778562595, 0.019221840833777665, -0.02733033425252259, -0.03715771123359872]]	[[0.07302560509270105, -0.5709318271509612, 0.26090367293692696, 1.208501452659524, -2.89963111798504, -0.0005697816194051348]]
[[-0.077835731676836, -1.249072491792882, 0.1105366215035592, 0.003838139479308671, -0.007751660596198117, -0.043557513654390236]]	[[0.07301326035418597, -0.5709279762629348, 0.26088347841324666, 1.20843589679246, -2.8996194169729446, -0.0005522377191283253]]
[[-0.026246671825452372, -0.6113734316616102, 0.16890204978560813, 0.018883116868440103, -0.002880341969739044, -0.03375621151995209]]	[[0.0730326429292376, -0.5709288930716683, 0.26085490649185455, 1.208505572442016, -2.899642982022386, -0.0005883366706110536]]
[[0.35303649859364533, -0.22136519579188987, -0.31588475227570106, 0.009610957546567715, 0.005032508787666867, -0.03619004080412684]]	[[0.07302513185313488, -0.5709326705825641, 0.2608434894701786, 1.208472627627042, -2.8995633307938373, -0.0004984334740041333]]
[[0.06768322478119451, -0.3897698140152157, -0.04001137556034931, -0.00332374053994121, 0.016779016543368885, -0.03999465354997255]]	[[0.07301894252213255, -0.5709213890565469, 0.2608106916944448, 1.2084575273639069, -2.8996245322562526, -0.0005895954901923124]]
[[-0.06693725267576767, 0.2740232906768726, -0.007414808582932384, 0.00656001286657204, 0.012994855485926441, -0.03820003633581562]]	[[0.07302661898649794, -0.5709261725610231, 0.2607990490900795, 1.2084352423417002, -2.899619744106232, -0.0005348026269095347]]
[[-0.1725664548319843, -0.3237289744951204, 0.0890495133184898, -0.017277029833244924, 0.012115806171315836, -0.03343904767354372]]	[[0.07302361383369439, -0.5709217158255891, 0.26074052706451767, 1.208448367238096, -2.8996044492848494, -0.000686169786029869]]
[[0.16076927327684729, 0.21182501545218527, 0.09926757790663061, -0.010650177435963522, 0.008714986241343124, -0.03282386577074391]]	[[0.07300787762064766, -0.5709211199969985, 0.2607173840158938, 1.2084273084662742, -2.8996004848215433, -0.0006880912232928449]]
[[0.41431131711763197, 0.3549602218988564, 0.12064786087544584, -0.013349491793912918, 0.014858749635051814, -0.03369091681435987]]	[[0.07300298687328306, -0.5709150165534468, 0.2607132841156665, 1.2084522059100196, -2.8995624782334435, -0.0006510940461289782]]
[[0.465688305891348, 0.4977508436555914, 0.08091972208704172, -0.01583787094529027, 0.018649526764904046, -0.03530600207639357]]	[[0.07301295423067238, -0.5709192597440134, 0.2606625621415942, 1.2084750784101699, -2.8995690546555397, -0.0007807141726848999]]
[[0.33100386230457157, 0.5134905790502862, 0.11812508844578103, -0.015163015695059272, 0.018923709006780476, -0.030217338557751872]]	[[0.07300503002047562, -0.570915564374815, 0.26063775582885507, 1.2084334167501842, -2.8996641065615414, -0.0007400393981928469]]
[[0.6171708031388384, 0.552463248282794, 0.0505593203342445, -0.010926810688684417, 0.008087903679112659, -0.03383567884092558]]	[[0.07301068611031192, -0.5709149274823373, 0.26060966889715587, 1.2084808027832512, -2.8996316971167793, -0.000739141540503439]]
[[0.16535893635687382, 0.13142358049529415, 0.18091178637711217, -0.014614106973110474, 0.01100294853450363, -0.03726356895183489]]	[[0.07300230223825395, -0.5709252572318431, 0.26060373919586793, 1.2084448988371, -2.899594118913573, -0.0007230841363473574]]
[[0.22438437039373557, 0.17899124411188283, 0.15467822727939498, -0.005662196376694966, 0.012784323203212128, -0.035333264569130295]]	[[0.07302412701498821, -0.5709141581660998, 0.2605715221963824, 1.2085050726621234, -2.8995434267052174, -0.0007430185441006765]]
[[0.08879957764060989, -0.15248563622769581, 0.1906447481850549, -0.012403061901553922, 0.011598840508077878, -0.030397499214519744]]	[[0.07301849504420045, -0.5709181502148485, 0.26054023793054015, 1.2085225227262637, -2.899536728373361, -0.0007620139491350356]]
[[-0.1401285384672054, 0.4845770415025823, 0.18257366459832577, 0.001103006883570519, 0.019845239660796078, -0.034901394193176026]]	[[0.07299902630547417, -0.570913044391992, 0.26048839505929816, 1.208398554794128, -2.8996307790778997, -0.0008920758844652685]]
[[-0.08155139785704296, -0.05381221575572451, 0.27307530411483394, -0.00807794246133806, 0.01390065327556693, -0.029981268412578945]]	[[0.07300586955303337, -0.5709120975847741, 0.260500730845102, 1.208450023275202, -2.8996061391883967, -0.0007417038505779672]]
[[0.1207282585644624, -0.055630990943424455, 0.02723098464526901, -0.001840138655835183, 0.001209093343949508, -0.028719599379023915]]	[[0.07301964710868843, -0.5709142132765037, 0.26047136556688244, 1.2085323054495973, -2.8995602886190697, -0.0007978919468207225]]
[[0.0009082140374632036, -0.1450682900773625, -0.009103367915590434, 0.0012674877541492958, -0.00710944899664661, -0.030964692711137838]]	[[0.07302043166075764, -0.5709093097822776, 0.2604282340303928, 1.2085419122942298, -2.89958338667158, -0.000815155925430803]]
[[-0.12425399648050145, -0.6017577788998307, 0.22825547314567923, -0.005856679337821452, -0.0057369571096391085, -0.037257959922142155]]	[[0.07301284169112669, -0.5709115606192062, 0.2604106386961375, 1.20848520327872, -2.89959325550179, -0.0007960403943962268]]
[[-0.3399912117334554, -0.18438607355551082, 0.31382876193402437, 0.007723225035944444, -0.007342825968567235, -0.04013139177186266]]	[[0.0729987367276577, -0.5709153951282343, 0.26036985841665244, 1.2085158432131937, -2.8995694790934303, -0.0008738521906819359]]
[[-0.5124596084754237, -0.4074749289821451, 0.21011971919166011, -0.00043277347142001653, -0.0038129335549459847, -0.040435980950227324]]	[[0.07301256971276934, -0.570903922850436, 0.26032986280013265, 1.208530271572625, -2.89960414221657, -0.0009280258989462147]]
[[-0.8074488105788479, -0.3355001913654849, 0.24961946829491782, 0.006761160985707778, 0.0012662759790050197, -0.029410061549658202]]	[[0.0729971922417569, -0.5709111481134674, 0.26031574543433, 1.2084633111972647, -2.89959123565553, -0.0008542737375457735]]
[[-0.4306456859316154, -0.3881814545247995, 0.20089519161094704, 0.008801090614933844, -0.013019221281515236, -0.038498120335158176]]	[[0.07302133212265963, -0.5708994246251176, 0.260294590833507, 1.2085163911357675, -2.899570452188322, -0.0009105858669273108]]
[[-0.6486110369027086, -0.8299387475787476, 0.2191570909518354, -0.004402591427001014, -0.009432493420528768, -0.030250250979582557]]	[[0.07302072119539979, -0.5709064867037171, 0.2602686105721899, 1.2084779373875092, -2.8996245821348703, -0.0008511766647272645]]
[[-0.23360689743676288, -0.38086059084817475, -0.07697314707332976, 0.00913321308614415, -0.015246507368828259, -0.03444845251989938]]	[[0.0730167636815939, -0.5709027576472527, 0.26026860144180386, 1.2084684170718651, -2.89960140383084, -0.0008141489127625856]]
[[-0.04394081861951571, -0.5292745795240292, 0.24075975888031062, 0.0045714327729177665, -0.017825685650934255, -0.034701033787132414]]	[[0.07304622036044732, -0.5709045234489136, 0.26021615651142616, 1.2086080950849, -2.899545474535388, -0.0009079898663169751]]
[[-0.20880738433667048, -0.5868439800715135, 0.508933778265152, 0.006308601494933604, -0.01463474363539697, -0.034392777858230174]]	[[0.07301667300839179, -0.5709146528695792, 0.2602153584903497, 1.208495102891789, -2.8996172735571593, -0.0008318005504243448]]
[[-0.1736749975774048, -0.1851842492337902, 0.3944349082292456, 0.006552082698928482, -0.012154259492742639, -0.03145980520187152]]	[[0.07300453249203752, -0.5709081688443491, 0.2601942610251862, 1.2084517865265134, -2.8996103472411026, -0.0008891826475958297]]
[[-0.5592607508604612, -0.6373201863142588, 0.3150418714564764, -0.011124251083647705, 0.0037125366604346707, -0.023053014552915065]]	[[0.0730214737575329, -0.5708995784675461, 0.26014683453346643, 1.2085166656723276, -2.8995710777150836, -0.0009090507987833647]]
[[0.4893027053951543, 0.1357661847804644, 0.1404946312876605, 0.004105032411579033, -0.023130532837559777, -0.03518544291009042]]	[[0.07299303030472593, -0.5709032726316494, 0.2601187291030251, 1.2084255621073765, -2.899595745429642, -0.0009080008894019469]]
[[-0.23903195397438126, -0.12560380234126464, 0.3090943871686194, 0.0024644379250963046, 0.0044197080542208575, -0.03123648043714718]]	[[0.07301068056603192, -0.5708932369099559, 0.2600891161563329, 1.208546970253539, -2.8995461721968163, -0.000947014135810608]]
[[-0.18244609218044108, -0.26858768204675293, 0.260380699222116, -0.003915113270681712, 0.007208676289817877, -0.03134635655964083]]	[[0.07300963715152683, -0.5709059146255167, 0.2600787280931348, 1.2084824511666319, -2.8995844326060105, -0.0008511174538414179]]
[[-0.11648877674106492, -0.12696311926478868, 0.1171915819600296, -0.009244729525651365, 0.01071908005790044, -0.024977744595613197]]	[[0.07300965235801321, -0.5708956477695972, 0.2600647649139717, 1.2084614314677558, -2.8996333004705384, -0.0008849045056016861]]
[[0.0045980114686255125, 0.33859127621253204, 0.08695018461393374, -0.002377762078965672, 0.004277886910603761, -0.026601465144674326]]	[[0.07300639411892144, -0.5708869082545048, 0.26002406074931456, 1.2085318641391603, -2.899605465848015, -0.0009432907024472254]]
[[0.44090352204632705, 0.4865586100796575, 0.258829229573318, -0.0019985554935762016, -0.00041627226994326867, -0.03592084454465671]]	[[0.07298648055380084, -0.5708942031833057, 0.25998513437907733, 1.2083876652220644, -2.899652779610071, -0.0009412671334875747]]
[[0.17074322952998677, 0.6465166140564529, -0.12520312090556873, -0.0009840775735015716, 0.004493498202451672, -0.025813010879353632]]	[[0.0730114504315858, -0.5708915800266124, 0.2599929599168188, 1.2084831629487132, -2.8995857901694775, -0.0009050798726050432]]
[[0.4675300020377335, 0.15258413580985555, 0.06720071670407197, -0.013788953431774408, -0.000168032793887672, -0.034879029332596345]]	[[0.0730031656922756, -0.5708920288246819, 0.25992165487743, 1.2084095742465373, -2.8996058594148097, -0.0010193811108326484]]
[[0.3058125532800172, 0.32951722458959587, 0.1314414794175101, -0.010068324437316277, 0.005131248816402657, -0.026060603464101717]]	[[0.07300533000059466, -0.5708908205544975, 0.2599182615510913, 1.208488160981099, -2.8995978534156546, -0.0009431007339831776]]
[[0.5113217972467495, 0.29208934129773434, 0.07476090550923895, -0.011761045480168413, 0.002802078903131236, -0.03174074423791321]]	[[0.07298916721363784, -0.5708959450563303, 0.2599097657357371, 1.2084391783506314, -2.8995774035434314, -0.000867855036984173]]
[[0.22243004050343207, 0.6752167518177136, 0.1055237485854125, -0.006850221821305809, 0.007793296121433741, -0.021013836653430488]]	[[0.07298880436250067, -0.5708880374613216, 0.2598807015282155, 1.2085007249995892, -2.8995790513468878, -0.0009026335381219429]]
[[-0.15204800546683822, 0.17693363368708004, 0.27289529350868247, -0.01876621882937812, 0.010810852051516058, -0.02405203201993877]]	[[0.0730091806331775, -0.5708973857302457, 0.25986064560529354, 1.2084926362232233, -2.8996067616133674, -0.0008071458257497044]]
[[0.25039717097773406, 0.2612236843252677, -0.02678389142883974, -0.009847569699734923, -0.0012065377897367158, -0.02647502884744978]]	[[0.0729950678306741, -0.5708891614702599, 0.2598340967806626, 1.2084449417527703, -2.899587194948271, -0.0008273699575667397]]
[[0.5008273836687949, 0.4678419707750266, 0.13698598226341832, -0.00084646705357086, -0.007289712490969394, -0.018807819146123794]]	[[0.07299285691886727, -0.5708866060897981, 0.25979361495135, 1.2084926252945873, -2.899555462643325, -0.0008656866215102511]]
[[-0.14635442609404392, 0.16470110296710383, 0.08091892986667122, -0.0010740054133342647, 0.0021633778029419405, -0.014606831620500022]]	[[0.07298069586368712, -0.5708887923553405, 0.25977595488618777, 1.2085330203095868, -2.899551227378373, -0.0008458107772659955]]
[[-0.2291047963311198, 0.027225500398328495, 0.22617231030861137, -0.0017765988259807667, 0.0077762386562114615, -0.0021974630993344905]]	[[0.07301123253300514, -0.5708836558437659, 0.25974625327108897, 1.2085475091392885, -2.899584218612682, -0.0008044153552439639]]
[[-0.3297051051410239, -0.08324262033685853, 0.22084648115061054, -0.006517207942118248, 0.005446159492558835, 0.006133343706295448]]	[[0.07299957630659336, -0.5708974080561778, 0.2597422409184961, 1.2086071453114333, -2.899530720256836, -0.0006930135989435364]]
[[0.3152713924882822, -0.281388061403252, 0.14527959962498774, -0.01217340691257096, -0.010436939334077095, 0.008674129689754846]]	[[0.07300255164979613, -0.5708829127556777, 0.2597049625923314, 1.2086119315828634, -2.899543941794554, -0.0007879229652544367]]
[[0.0434577300800115, -0.42902714818351245, 0.18959624356730143, -0.005742915507515313, -0.009811679794921835, 0.016736656475574086]]	[[0.07300895010981936, -0.5708911601693024, 0.2596959958554396, 1.208526794014279, -2.899538137831412, -0.0006952572736735031]]
[[-0.15617604356423614, -0.10870638256804549, 0.05364696532927735, 0.002323978420189007, -0.00911053870110195, 0.01683264374419204]]	[[0.07300232812129104, -0.5708925189045871, 0.25965291171837745, 1.2086468899876732, -2.899489559267857, -0.0007518802340791286]]
[[0.12331703891098358, -0.5599543021980771, 0.06594581876085871, -0.002479142038995098, -0.01695315894069444, 0.010039408583990352]]	[[0.0730293902843032, -0.5708972848918191, 0.2596198171283539, 1.208642494715979, -2.8995300599158016, -0.0007120008228958458]]
[[-0.42498904663440323, -0.5783349111925237, 0.16202806358530092, -0.0028386339812413973, -0.004332172936063635, 0.010438251557294364]]	[[0.0730091407291544, -0.5708949165862588, 0.25961881552000154, 1.2086240110506954, -2.89948522390272, -0.0006948295081125383]]
[[-0.22918332902912342, -0.4537356968464912, 0.10520192372526653, 0.003048041838691779, -0.011400156846593627, 0.011054829645590942]]	[[0.07301839166760604, -0.5709128137719975, 0.25960115701479863, 1.2086149797527141, -2.899512811683085, -0.0006006853847735894]]
[[0.11998314412674327, -0.62705938937529, 0.06208337623766885, 0.002162045131517804, -0.01389442754581158, 0.011869835449992096]]	[[0.07302699698800955, -0.5709028970823791, 0.2595618290593071, 1.2086678957440067, -2.8995444989379044, -0.0006371973870925082]]
[[-0.4912936412972905, -0.9480949583221828, 0.07224796605268609, -0.0022764418314333785, 0.005128289658398125, 0.02223217916375924]]	[[0.07303115928398099, -0.5709051949420034, 0.2595456168798901, 1.2086019197906457, -2.899532002480873, -0.0006012382068340834]]
[[0.22644098296369325, -0.47494172887909414, -0.1364600784845171, 0.01016962558503706, -0.01404757125483895, 0.010287343702389576]]	[[0.07301388522416004, -0.5709039807793543, 0.25951972312362154, 1.208592584431528, -2.8995093215745293, -0.0005842420524614469]]
[[0.0010128173634207926, -0.6736695867581084, -0.09738336022937075, 0.0022941867483285837, -0.005598238862638185, 0.01334927934074934]]	[[0.07302329580005967, -0.5708962014948632, 0.2594928926050919, 1.208628574981395, -2.899547142319784, -0.0005818292934214247]]
[[0.2821416835573383, -0.8231484769825475, -0.01748416415406796, -0.005532571053598155, -0.010224202506259415, 0.017949168099391535]]	[[0.07301628224818156, -0.5709033936343286, 0.25947352685382497, 1.2086191169864322, -2.8995244385596126, -0.0005646442447720443]]
[[0.15080693667534192, -0.5319392661810253, 0.12281015969624604, -0.000315638189985147, -0.0069706214556316815, 0.014828455189205357]]	[[0.07302083187977765, -0.5709067843590003, 0.2594517441299627, 1.208587437571026, -2.899498933366417, -0.0005864220924578465]]
[[0.006608340986287736, -0.2556574328271922, 0.04357353826292567, 0.006936882714509132, 0.0027154096104976457, 0.013013096182085685]]	[[0.0730292241288496, -0.5708997914180016, 0.2594418116044405, 1.2086875151309788, -2.8994957360512785, -0.000547979822655336]]
[[0.2944928784593377, -0.3363878200908167, -0.12545595283627586, -0.003140229505814717, 0.0003725896095777596, 0.016062836263050738]]	[[0.0730235145717538, -0.5709036042987974, 0.25940291219504186, 1.2086886613228667, -2.8994966819557884, -0.0006042120221005571]]
[[-0.024831841585768843, -0.558822400581899, 0.00307818332146033, -0.006018060201905498, 0.008283296730024814, 0.017907883721951866]]	[[0.073005992978017, -0.5709051701867313, 0.25938310955717514, 1.2085367291940625, -2.899521262616012, -0.0006241158769280608]]
[[0.10932300320523244, -0.5219468452239675, -0.1230019586384126, -0.007419017401065081, 0.004738816694975531, 0.010231312123252538]]	[[0.07299828541704619, -0.5708967710072121, 0.2593589187948652, 1.20854515459727, -2.899543300744674, -0.0006033334119865534]]
[[-0.122548385967084, -0.15859133045293328, -0.027104825114567098, -0.003515609341706454, 0.011429009887959798, 0.013774874846204944]]	[[0.07301681301931906, -0.5708958661986551, 0.2593331479663783, 1.208640601985756, -2.899478240754093, -0.0006233586027395531]]
[[0.3335785751380216, 0.10549936532792775, -0.09375952655097458, -0.0038092157947780124, 0.003624257559130635, 0.016754492506207207]]	[[0.07299071591900809, -0.5708920199033998, 0.2593048793472144, 1.2085510324917177, -2.8995554173636853, -0.0006411452844360811]]
[[-0.022013754969699928, -0.523381410826365, -0.007956616311149137, -0.017248253129130232, 0.012758493987072315, 0.018371359008070656]]	[[0.07300664958399321, -0.5708931158527697, 0.2592927133758893, 1.2086414371569718, -2.8995311097146694, -0.0006594345388218352]]
[[0.24208666912283516, 0.13574952044423533, 0.021408442423371876, -0.0019157100146605396, 0.0026975313792373537, 0.010865533223563723]]	[[0.07300134937281078, -0.570899424602176, 0.25924645604300794, 1.2085806432964616, -2.8994803811552132, -0.0007400290231291708]]
[[0.21726341216934306, 0.38160229094104015, -0.01664663395827932, -0.0017962153722032607, 0.0029428996968619506, 0.009871205416970053]]	[[0.07300829349106233, -0.5708938867175501, 0.2592471273415252, 1.2085768504980807, -2.8995708916837892, -0.0006225652041375151]]
[[0.04523675346625775, -0.006437511416292431, 0.17406033374007274, -0.013744780361882838, 0.011062430926915005, 0.013178560487517369]]	[[0.07299083985010286, -0.570899168598884, 0.25921487014030997, 1.2085931414888806, -2.899512431091374, -0.0006625906708782359]]
[[-0.037297254430134014, -0.35572188567318896, 0.08015194100778139, -0.0233182348598478, 0.009513028205590243, 0.01512287387131848]]	[[0.07299063471043213, -0.5708882833033408, 0.25918161704962606, 1.2085735686389556, -2.899560844881751, -0.0006981439879323454]]
[[0.04108228915645123, 0.10314228961627164, -0.007222797790528571, -0.009409596374683922, 0.008944241214379308, 0.011347239382504884]]	[[0.07298233077644993, -0.5708832052745701, 0.25912867112084603, 1.2085518800085975, -2.8995083745152295, -0.0008506458043523027]]
[[0.07997630580334135, -0.21733576501665675, 0.15166950036237759, -0.015847506142082045, 0.005980907660189222, 0.00965259696399107]]	[[0.07300246778624483, -0.5708851166109932, 0.2591328914829431, 1.208603821946033, -2.8995359784060875, -0.0007169849205004709]]
[[0.07244337513931823, -0.1529515922436085, 0.2486233662232466, -0.00802540263694133, 0.005075126760714085, 0.015342603421172767]]	[[0.07301373905563933, -0.5708874837403514, 0.2590782559824839, 1.2086594404909075, -2.8994766838257737, -0.0008502982011202361]]
[[-0.22166880100492203, -0.14480319990815863, 0.19785205834586506, -0.0020928543147938714, 0.00878091354971665, 0.012288788435235726]]	[[0.07300402485369074, -0.5708737812193286, 0.25906526384921463, 1.208600579025678, -2.899527982294026, -0.0008878045862504137]]
[[0.10141514651150683, -0.3138081534004355, 0.23858534468419373, -0.008293605706774973, -0.0031881065788225927, 0.010725633714459242]]	[[0.07301102218931069, -0.5708734219732198, 0.2590219454505296, 1.2086003731406618, -2.899529507162873, -0.0009442127128765196]]
[[-0.12339677272143978, -0.17486374020973297, 0.19129179472390437, -0.009783917772177153, 9.782235766966733e-05, 0.009168983652994496]]	[[0.07301026404707736, -0.5708834569109493, 0.25902659670956396, 1.2086441582568659, -2.8995356180837124, -0.0008479967736685579]]
[[-0.2021720378078562, -0.35168982507101254, 0.23530572433227262, -0.013901518293709787, -0.0008760210774207532, 0.01097598763045308]]	[[0.07300891017601734, -0.5708832355342272, 0.25895582800283545, 1.2085541356343055, -2.89956299891798, -0.0009599295387882756]]
[[-0.04048975618359635, -0.27907180246312246, 0.25524713299591795, -0.00775589923173095, -0.007625555366975509, 0.013174617904470092]]	[[0.07301050361600091, -0.5708874230346166, 0.25895100302044527, 1.2086745413897582, -2.8995112371124017, -0.0008855547729086512]]
[[-0.22628258240823804, -0.23692261963083774, 0.10524868315741208, -0.002074358681697614, -0.002434621310898275, 0.014170031509644973]]	[[0.07299591164718877, -0.5708743308433242, 0.2589620022203132, 1.20856087355974, -2.899531873946036, -0.0008689194453203426]]
[[-0.010249770451709134, -0.19011964617049304, 0.1362764164788439, 0.0025932373364359893, -0.006100754853776149, 0.010306622939815381]]	[[0.07300428773515787, -0.5708795605750131, 0.2589044239360174, 1.2086026895357038, -2.89958229149121, -0.0009577881288886057]]
[[-0.5188926184861882, -0.5464719274507502, 0.21866452081259133, -0.00407618736363278, 0.004193421987648079, 0.014290425678382103]]	[[0.07299350416405093, -0.5708800168780537, 0.25887335114113275, 1.2085535202051565, -2.899563295532695, -0.0009403598732202655]]
[[-0.32853040008373735, -0.12748571375267992, 0.13240352745579131, -0.0036822292081543735, -0.0048404039828252995, 0.01169427796277127]]	[[0.07299450543080378, -0.5708807087122575, 0.2588289623399304, 1.208601023351821, -2.899480310224712, -0.0010187562338618403]]
[[-0.3032245233744962, -0.23713188722818243, 0.26150745994573216, -0.005679804693124857, -0.003552628782849251, 0.006441042347220834]]	[[0.07298889657772202, -0.5708868305423062, 0.25879681088109235, 1.20853740661332, -2.8995736369558074, -0.0010901535132461229]]
[[-0.1758329743813243, -0.22201571126927838, 0.38174355185988423, -0.007747552817400097, -0.004217626599231773, 0.011138583292703442]]	[[0.07300810215315157, -0.5708740619360391, 0.2587824617838551, 1.2086342067348115, -2.8995605256525243, -0.0011260503351988858]]
[[-0.6627889338251269, -0.16921921554803715, 0.338154778706739, -0.005710911084553834, 0.0021095897117046456, 0.020982139178784377]]	[[0.0730154668887909, -0.5708815202276292, 0.25875597243381376, 1.208641747273234, -2.899529936246326, -0.0010706751325008557]]
[[-0.017598351492124326, -0.28581731510669695, 0.3705407852533795, -0.013185889612153211, -0.009730624918983063, 0.009358638074310033]]	[[0.07299473999675993, -0.5708866937396222, 0.2587724073616591, 1.2085321638924755, -2.899558848774735, -0.0009212239243321579]]
[[-0.31928478323782733, -0.29301880039246375, 0.2735968467632951, -0.010102191398356424, 0.0009389427951472535, 0.0061497290839347355]]	[[0.07299824998664686, -0.5708770830902319, 0.2586918131931434, 1.208654894965132, -2.8995125916593794, -0.0011259501549311932]]
[[-0.18243153322552158, 0.0208036758837859, 0.2479540953146283, -0.007939156981416106, -0.002506968205979564, 0.01016822233150509]]	[[0.07302064915336072, -0.5708797144112688, 0.2586802905714784, 1.208602587656441, -2.89953319123484, -0.0010700639499618737]]
[[-0.29545346289589797, -0.306908175414925, 0.6977689189766506, -0.01426629084799797, -0.01226924621069097, 0.014344567591337233]]	[[0.07299862152615837, -0.5708813894425205, 0.258660000897804, 1.2085982331850933, -2.899522643440073, -0.0010895845523770844]]
[[0.22492011016239322, -0.041506370626131134, 0.31049873738288947, -0.0128778710215241, -0.010992439485716848, 0.008495185388946546]]	[[0.07301774254216109, -0.5708873817003054, 0.2586353676566396, 1.2086414694128806, -2.8995293653319743, -0.0010105713369899481]]
[[-0.4840159331963234, -0.26584124516105434, 0.37662308269143036, -0.0158961357545073, 0.00918592233592605, 0.01217676870801524]]	[[0.0730055529455975, -0.5708807814676389, 0.25859690815021996, 1.2086157490087266, -2.899516020768871, -0.001105941049595255]]
[[-0.3070365011179689, -0.41662183484861276, 0.6009839304935258, -0.020243885294580273, 0.006332084012275836, 0.00907467715416814]]	[[0.07298923397317847, -0.5708819255942771, 0.2586080260507724, 1.2085711143249058, -2.8995059296539862, -0.0009760754907207637]]
[[-0.6503099734966997, -0.11720994372597338, 0.37542945234943137, -0.011287241597083466, 0.012845015023176497, 0.01221914044407072]]	[[0.0730119111042518, -0.5708752427084866, 0.2585612191545292, 1.2086023065698153, -2.899534319327954, -0.0010867866325106157]]
[[-0.021228748373062024, -0.13382312920234662, 0.3097854757310877, -0.020284613923046924, 0.002266001274548006, 0.013499445340430178]]	[[0.07299918042843061, -0.5708962188520423, 0.25855946114971595, 1.208544062114309, -2.8994919115117344, -0.000992436292345835]]
[[-0.013557343750199145, 0.06692816909708355, 0.14870406142088854, -0.014683125311356186, 0.005181880029502875, 0.010011974255110558]]	[[0.07300723159840307, -0.57088689680532, 0.25853051579474845, 1.2085852810536615, -2.8995913197810363, -0.0009504860269592604]]
[[-0.23310961472404274, -0.14776323148817871, 0.2858476332055486, -0.02202304022277883, 0.007678200268199632, 0.01475369097862215]]	[[0.07300802888890603, -0.5708992909216395, 0.2585105383734933, 1.2086581785862613, -2.8995209690565926, -0.000914920928903689]]
[[-0.0022079430835159203, -0.20320792095056167, 0.3443305159525051, -0.021381369800168856, 0.005033695111816507, 0.0027758533040186995]]	[[0.07300515738016816, -0.5708950635773662, 0.25850157788789974, 1.2086013646913332, -2.899530405523503, -0.0008753101769913365]]
[[0.3571115067621635, 0.1298506431087094, 0.27563632382957665, -0.011286137644302679, -0.00839154227904367, 0.0033447988491313477]]	[[0.0729950449095189, -0.5708938082604662, 0.25846879311366366, 1.2085232235384245, -2.8995373598025926, -0.0008777343816768026]]
[[-0.016612577195588424, -0.04398146821031142, 0.3213894714019601, -0.009801811760951561, 0.004357957878159249, 0.0030741290232384213]]	[[0.07301064837730019, -0.5708973916311931, 0.2584421468303447, 1.2086270369715628, -2.8994945946265513, -0.0008951379790311306]]
[[0.1399292241716278, -0.07293511420598339, 0.29400135216040213, -0.006129946917459815, -0.0015550745283134876, 0.007688823996248849]]	[[0.07301139138459539, -0.5708992472925677, 0.2584319612650759, 1.2085736548008768, -2.899514402960016, -0.0007807832094774218]]
[[-0.23139952725183394, -0.20948394889826769, 0.4717350966108772, -0.011160385874323511, 0.0012838697970162698, 0.014834664406002807]]	[[0.0729964394617744, -0.570900803370456, 0.25838756018844017, 1.2085704377907527, -2.8995047217423555, -0.0008569057045987699]]
[[-0.48907938696474496, 0.09407565559283476, 0.24506043238334155, -0.015145099340115877, 0.005126088940783713, 0.018344267184537164]]	[[0.07301041964386873, -0.5709107145928086, 0.2583691634158945, 1.2086235781538903, -2.8995844207531656, -0.0007365900314724695]]
[[-0.3497194103361862, 0.03696528263825585, 0.4014454119432627, -0.013129964369841568, 0.0019419824722003874, 0.009053505403686938]]	[[0.07302003168998973, -0.5709065337923115, 0.2583516713317841, 1.2086214071412107, -2.899481126625434, -0.0007417035210734738]]
[[-0.2969095242061719, -0.3157950796095723, 0.3594939799788277, -0.0082716408729417, -0.002223987763411269, 0.00845342429315547]]	[[0.07301833996600313, -0.5709108747557636, 0.25832212916480507, 1.2086004059507498, -2.899528421279252, -0.0007249849460955619]]
[[0.1642881756770862, -0.38129684881151826, 0.14883879225646188, 0.002135020826014917, -0.0021694438835581573, 0.00026912178552715324]]	[[0.07301575461921885, -0.5709193478404483, 0.2583467665598712, 1.208637354541121, -2.8995217611809685, -0.0005158867853105113]]
[[0.017977060052699056, -0.5407004203030659, 0.14758012392113462, 0.0025780594681282295, 0.004318060140839107, 0.007012045007203125]]	[[0.07302067938980615, -0.5709134482323246, 0.25830403844745403, 1.2086041623028632, -2.899537450993594, -0.000590349235603552]]
[[-0.1269666073064291, -0.35786463662683576, -0.039282659629192876, 0.00622414142758709, 0.012379981343884195, 0.007549542788672322]]	[[0.07301763442121642, -0.570924285372026, 0.2582895874714462, 1.2086206658552652, -2.899528563762997, -0.0004959397300336209]]
[[0.1326294829313313, -0.7435958355848478, 0.0001813555063624167, -0.01114998422455401, 0.0014352681566616636, 0.00829561237236229]]	[[0.07300490820985332, -0.5709249507407844, 0.25827839616105064, 1.2085731406428886, -2.8995605580883765, -0.00045930100679707176]]
[[-0.21915667877169256, -0.5080748596239183, 0.10471627207178573, -0.0011807826757446508, 0.0031089966719710415, 0.008137334254220759]]	[[0.07300370863224874, -0.5709354082493524, 0.25824704236473095, 1.208537396291311, -2.899523434949477, -0.00046148658647513445]]
[[-0.1909708666612032, -0.5046100738959327, 0.1174661598015978, 0.007438970535789866, 0.0003700689184216962, 0.013467786309531885]]	[[0.07304407428669346, -0.5709411470484463, 0.25825229513851455, 1.2086831311884743, -2.8994860256249164, -0.0003498447117278538]]
[[0.4103694057679434, -0.6271081325446293, -0.07184754079037163, 0.0027202021281553853, -0.009663641551676844, 0.006893164628368487]]	[[0.07300223261679625, -0.5709367334841972, 0.2582029694739442, 1.208486338128332, -2.899595899107671, -0.00040472386516939203]]
[[0.06564825097877564, -0.9325607626641634, -0.015051554073390443, 0.003468047253602175, -0.00014703111144588783, 0.0008432518555836894]]	[[0.07300257238912757, -0.5709355851857254, 0.2581975730053173, 1.2085322509173033, -2.8995109160235915, -0.0003698257192379909]]
[[0.10434402569814205, -0.8110852831215386, -0.10242230518859, 0.008057209209323948, 0.0024104442118936726, 0.011592851091798528]]	[[0.07300505226093325, -0.5709372490540638, 0.2581751623402667, 1.2085642618356223, -2.8995882786018834, -0.0003292716806596706]]
[[0.36095125248213916, -0.8184153860436653, -0.14533815962148092, 0.005136932256150531, -0.0018423596039401568, 0.005540683178899001]]	[[0.0729993070811813, -0.5709390626255697, 0.25815634754612443, 1.2085058820033832, -2.8995471351467663, -0.00033237743774283397]]
[[-0.31994412686556906, -0.8769252396073413, -0.19722124730454407, -0.0022586987505659973, 0.011154705559846408, 0.009323744207105905]]	[[0.07302032525304222, -0.5709277911796334, 0.258111096299255, 1.2085560007697305, -2.8995682202453, -0.0004439951079455243]]
[[-0.17389407525730646, -0.5866480515947481, -0.07878795871197865, 0.0016267957063500489, 0.005487980382162123, 0.016795299348318124]]	[[0.07299781061800523, -0.5709384334146769, 0.2580929938818265, 1.208502016638046, -2.8995378419735762, -0.0004093280026467319]]
[[0.030482629953984153, -0.37349632237510744, -0.004019665119363534, -0.005502381813296742, 0.0007779488364619228, 0.0088091743017104]]	[[0.07301861850402873, -0.5709368633566427, 0.2580771081135382, 1.2085892685147694, -2.899501940890331, -0.00042710000280398266]]
[[0.030482485637578327, -0.37349638231768506, -0.004015187326882845, -0.005502088823409779, 0.0007780785174266928, 0.00880934584911924]]	[[0.07302098950159568, -0.5709328658282616, 0.2580539100610417, 1.2086032067617587, -2.8995355166390526, -0.0004258860204042459]]
[[0.10102885047134029, -0.09136622735096728, -0.0781559385592209, -0.005028028180438404, 4.2349727912303035e-05, -0.002025005174918803]]	[[0.07301110029707047, -0.5709289869627344, 0.258019145438573, 1.2085463282612925, -2.8995468222512244, -0.00046431384781650396]]
[[-0.1612433629737845, -0.40728905992458647, -0.08475471754849762, -0.015552759905470805, 0.006791424582109826, 0.0014493551365289837]]	[[0.07300966575951573, -0.5709251376463025, 0.25800424424737983, 1.2084953851629088, -2.899568566483149, -0.00048385863267896595]]
[[-0.22353108989757547, -0.18465063669133147, 0.030245118690526117, -0.009998243640011192, 0.0070126717304233276, 0.008493569285982463]]	[[0.07300936234150303, -0.5709310821489274, 0.25796778407266185, 1.208520973771705, -2.899532646648479, -0.0005026708558039615]]
[[0.015467982267524327, -0.2966430029306829, 0.0821894551794661, -0.014109007499775304, 0.001872947711792393, 0.002632477565216375]]	[[0.07302523349162618, -0.5709319513709644, 0.25794443812565265, 1.2085765595858653, -2.8995220922322016, -0.000483523339573509]]
[[-0.35836849759117195, -0.4970330345031316, 0.2352058696726677, -0.018074801613280882, 0.008008344343262797, 0.013351388037677036]]	[[0.07302567232858521, -0.5709330666127284, 0.2579442343453756, 1.2085422474686347, -2.8995351307042707, -0.000425878345502291]]
[[-0.1672833091561619, 0.09031561799057657, 0.35743021631326877, -0.0020684391496723236, 0.006286366690237414, 0.007491522414829782]]	[[0.07302808666695927, -0.5709326120834632, 0.2579012589156699, 1.2086038836514392, -2.8995372218815034, -0.0004805818499132141]]
[[-0.013062064001477844, 0.21886700265219394, 0.11980160138700487, -0.003935404251850384, 0.0018641610853235894, 0.0020569323399188878]]	[[0.07301866283324808, -0.5709264145694434, 0.2578968372508199, 1.2085172891509572, -2.8995725603400637, -0.00044407931486946704]]
[[0.1684818696989212, -0.24339829807777194, 0.08516483975536096, -0.014137523938318908, -0.00018851414358687403, 0.0057472083857009445]]	[[0.07301565194831461, -0.5709388292492964, 0.2578680840625975, 1.2084718577534252, -2.8995140507609767, -0.00046629407930712274]]
[[-0.3317548166240002, -0.5638539809427784, 0.29069855874513884, -0.016322976761568936, 0.008889628912777362, 0.011259543606896717]]	[[0.07301884455108312, -0.5709304913519738, 0.25782581579441227, 1.2086001584846977, -2.8995282359691292, -0.0005947998578271069]]
[[-0.24623502677211465, -0.27377259235872264, 0.3039345431412036, -0.011571467122685097, 0.008738661084816733, 0.004990113365568956]]	[[0.07301213672593866, -0.5709280453937552, 0.2577935717981402, 1.2085704219564881, -2.8995542212929006, -0.0005935931058532655]]
[[-0.24625144738693727, -0.273766983778122, 0.3039262912345678, -0.011571263279020912, 0.008739022503460502, 0.004989953119969717]]	[[0.07300541310866575, -0.5709360282982807, 0.25776723148847747, 1.208509257971606, -2.8995535149881912, -0.0005956755509853328]]
[[-0.11132738758232572, -0.405697165786355, 0.3929397046613131, -0.018252464514375167, -0.002798564484202402, 0.009546121224963535]]	[[0.0729968576094555, -0.570944321659027, 0.2577502600464723, 1.2085001160911384, -2.8995825014984997, -0.000538100334228528]]
[[0.10177340067471216, 0.1617779313343274, 0.09413460298268261, -0.004721543220260723, 0.00013202222910313347, 0.0017307244636576716]]	[[0.07299756440555293, -0.5709374386129129, 0.2577133154537096, 1.2084351050192341, -2.8995721758129847, -0.0006140467888337546]]
[[-0.163937036675218, -0.17846352820876368, 0.21299586394623823, -0.006179222871423718, 0.010684745568276454, 0.002825805533571679]]	[[0.07301478886080734, -0.5709227479428324, 0.2577170557839771, 1.2085599369639832, -2.8995306132251053, -0.0005003084917632985]]
[[-0.148180829307081, -0.47245187226203633, 0.022967239040301055, -0.005310007352343415, 0.011341252773164346, 0.004598888558807543]]	[[0.07301053178623196, -0.5709426029487219, 0.25769277952015535, 1.2085177771307962, -2.899574200627514, -0.0004814673941257464]]
[[-0.3537778364359683, -0.5877702737230467, 0.18436564621662802, -0.007895229471470625, 0.011587990425717008, 0.008629493945769208]]	[[0.07300463222639747, -0.5709268463146406, 0.25764409169767527, 1.2085708717350683, -2.899555269984969, -0.0006138640532698666]]
[[0.13867919824179342, -0.4636263607490999, 0.16030030987185115, -0.008202000235627128, -0.003935314124970377, 0.002881235377861862]]	[[0.0730256124727712, -0.5709326722857437, 0.2576036929035146, 1.2085619603746385, -2.89953402104328, -0.0006702024888319097]]
[[-0.11391476192270258, -0.1480216905994727, 0.15477288168369333, -0.00600448271491696, -0.0068650044632516515, 0.0009274307786893061]]	[[0.07300020480793967, -0.5709375660477606, 0.25758714931851345, 1.2085489701065961, -2.89955161034417, -0.0006313330194736804]]
[[-0.18955374571990527, 0.1426976202234818, 0.19037719889297733, 0.002225462389000034, -0.0030419906688728803, -0.004492365646130041]]	[[0.0730045480973826, -0.5709334464859781, 0.25757895604794606, 1.2085440051363556, -2.899539457660949, -0.0005752391439102329]]
[[-0.5177192390454814, 0.056142386280325696, 0.19619457680546543, 0.0037687531041632263, 0.007041586375681751, -0.004355354126279925]]	[[0.07301833247990534, -0.5709322857739079, 0.25753872820722123, 1.2085795674435598, -2.8995276022014895, -0.0007081954897430526]]
[[0.15717174316778815, -0.2866598909208869, -0.004393608791737366, -0.008185043823116163, -0.008903173142450245, -0.0009334683921328546]]	[[0.07300253661778326, -0.5709402724122726, 0.2575024721273471, 1.2085021444290494, -2.8995854815807673, -0.0006657700689808599]]
[[0.3704413543924051, -0.06393489544853326, -0.08633679717784322, 0.0013740562639746792, -0.011739608860961924, -0.005010173892781593]]	[[0.07300736609497793, -0.5709410260615848, 0.25748555189820205, 1.208510306248919, -2.8995562883818526, -0.0006880650169746222]]
[[0.02430093516504017, -0.15797135777384566, -0.07484374794032256, -0.00232735610944557, -0.0011038214294671294, 0.0035487441854160965]]	[[0.07301498158217767, -0.5709389476208961, 0.25744136387178274, 1.2085673585029963, -2.8995473006234334, -0.0007632378548736937]]
[[-0.49964646777134775, -0.2986137816884584, 0.06163165156901694, -0.007276345726252548, 0.006156504285479347, 0.007492173377340334]]	[[0.07303195802542625, -0.5709270705510907, 0.25745049368469447, 1.2086186983073068, -2.89952411986324, -0.0006883797791962618]]
[[-0.5772248151957492, -0.4434053530856528, 0.2869307831697625, -0.013619016980357505, 0.008512703137647702, 0.00274730328729611]]	[[0.07300388820079085, -0.5709316705192187, 0.25740024795501604, 1.208511245543986, -2.899558374404978, -0.0007801162754280734]]
[[-0.2830288598130349, 0.2688792583685751, 0.15319546637625944, -0.001116240107887875, 0.002014913162362027, -0.0024616287538852416]]	[[0.0730178209174306, -0.5709394850935944, 0.2573952979150064, 1.208541576786871, -2.899582893863319, -0.0006829990248525654]]
[[-0.9999591256507532, -0.20830768496473806, 0.20423614766274098, -0.011875629017689288, 0.017312456578892577, 0.0075299520589535264]]	[[0.073003359865075, -0.5709335293437046, 0.25737228104676724, 1.2085227667193643, -2.8995391848671863, -0.0007059593337481792]]
[[-0.04015000111428191, -0.06822482807081504, 0.0789398352900577, -0.01082502670741305, -0.0020562830832915073, -0.00031267793553540357]]	[[0.07302313802215744, -0.5709326061973219, 0.2573227783931955, 1.2085706796378688, -2.8995081774778932, -0.0007814072980363004]]
[[-0.29127007970541297, -0.3181596409040986, 0.17961662261932207, -0.015703429341381192, 0.00036534757412923224, 0.00018395237833823387]]	[[0.07303542837838174, -0.5709361518147263, 0.25731939372796125, 1.2085317386753212, -2.8995610452230234, -0.0006841186663236548]]
[[-0.43247108171616094, -0.2668005811233326, 0.26300898209192153, -0.017838877771832053, 0.008391090248941397, 0.0008525261270851819]]	[[0.07301218289238767, -0.5709379204368219, 0.25729734215981803, 1.2085232469180247, -2.8995385096716175, -0.0006671036161290401]]
[[-0.080343511493606, 0.13217591156775216, 0.1653955476649175, -0.007047695199380984, -0.0018389234560691708, -0.002688250793557491]]	[[0.073032030754157, -0.5709425246177886, 0.257273256157844, 1.208571462668046, -2.8995572791974475, -0.0006436197625024896]]
[[-0.23186705004221353, -0.11983313175303671, 0.2687319495160967, -0.010432004664334842, 0.0036108453285431247, -0.0031870506279852136]]	[[0.07302812254614412, -0.5709389991644518, 0.2572234270571271, 1.2086148576913514, -2.899515216259045, -0.000740304339257097]]
[[-0.20702764603239218, -0.2951758916758924, 0.27877903193834797, -0.012784910217813205, 0.00470451787878846, -0.00011374987143887345]]	[[0.07301959428175415, -0.5709352235154448, 0.2572061326982539, 1.2085451092676973, -2.899544360053868, -0.0007389840348742663]]
[[-0.05787264631363204, -0.4739632244652881, 0.2396714969373979, -0.02036677393949453, 0.004710814041823496, -0.0010583229735658787]]	[[0.07302361346297324, -0.5709335607356569, 0.2572000622462361, 1.208552617783167, -2.899513413488629, -0.0006465369531924123]]
[[-0.020694925055389418, -0.14883217774419535, 0.0909816427128669, -0.01481381606969745, 0.003980194778751108, -0.009665844484779645]]	[[0.07300271252739152, -0.5709417521561982, 0.2571317181665269, 1.2084584048238742, -2.899530878775217, -0.0008167343749565715]]
[[-0.5216742410154407, -0.5051539623735237, 0.2998947326286126, -0.020794335519388044, 0.016454729080576297, -0.005933091233410863]]	[[0.07302034469151755, -0.570947265069565, 0.257132102901857, 1.2084960977028834, -2.899526129688717, -0.000721980630686658]]
[[-0.08991180397745674, -0.1639659555129292, 0.1209416097337139, -0.011400898738151814, 0.007555674772223934, -0.009120693843502973]]	[[0.07298940620465913, -0.5709538226766422, 0.25710773797815234, 1.2084349298771608, -2.899576173698701, -0.0006622924376588176]]
[[0.07056515692684444, -0.2907313430243369, 0.14931844414698237, -0.016317870771849603, 0.0013351702193826276, -0.014201350165680936]]	[[0.0730104304611691, -0.5709607336944876, 0.2571028155851509, 1.2084466388022075, -2.8996085761754284, -0.0005653473689072927]]
[[0.1731555579791212, 0.21526721935060744, -0.05046759262519525, -0.006414427137045593, -0.0014157929257840266, -0.02903836236661173]]	[[0.0730077907125784, -0.5709583915219963, 0.2570597078018431, 1.2084148245977482, -2.899531622418109, -0.0005890989423211316]]
[[-0.6508025152231776, -0.33743202756008617, 0.23477678866064478, -0.014968694091145866, 0.018682747011542926, -0.028561777383494927]]	[[0.07301132831185671, -0.5709576475670031, 0.257041723603314, 1.2084615750625534, -2.8995505661235907, -0.0005692059644850794]]
[[-0.40300700448698756, -0.4201722850076566, 0.22722588347628278, -0.011467681032998434, 0.015684295045248948, -0.04557295258544426]]	[[0.07302177854119386, -0.5709541108822582, 0.25702515786394464, 1.2085031149871697, -2.8995058771938913, -0.00049453611544986]]
[[-0.11969269290812398, -0.17164798813576296, 0.17617107279936403, -0.004788050706271624, 0.00824289349215494, -0.04744757155044507]]	[[0.07303975914269738, -0.570957244451017, 0.2569632178800009, 1.2084454831196687, -2.899556791999819, -0.0005295812990204836]]
[[-0.7428916820992335, -0.01654583557439676, 0.2961470741263755, 0.002016273649447521, 0.01808600912964064, -0.04254141212233506]]	[[0.07303391862490718, -0.570957211345109, 0.25695028947751586, 1.2083824602790416, -2.899594401957868, -0.00045410475866385373]]
[[-0.6903684996425661, -0.03345872805829253, 0.2790015578388661, 0.00027560913479488663, 0.015213748407306, -0.04802674862736542]]	[[0.07301650163096454, -0.5709644193867975, 0.2569216259564439, 1.2083530025820117, -2.899619318937191, -0.00043478304750708654]]
[[-0.08321628533447434, 0.041102506465881504, 0.33812410533826165, 0.0024630886118801603, 0.002437678049940531, -0.04701120660874072]]	[[0.07302959761757742, -0.5709647118467177, 0.256881545922662, 1.2084534475496822, -2.899566411696784, -0.0005112763741102166]]
[[-0.27898133760116905, -0.7294011403102737, 0.2946515118967288, -0.007719343358913422, 0.010339040236373678, -0.047055722279165484]]	[[0.07303334950232857, -0.5709746686398771, 0.2568762839992019, 1.208452647539017, -2.8995646846044236, -0.0004169566578165171]]
[[0.05564429475647362, -0.5134549788637321, 0.21017482238025656, 0.00022281084477955787, 0.00620358560596293, -0.05564669335935387]]	[[0.07303334950232857, -0.5709746686398771, 0.2568762839992019, 1.208452647539017, -2.8995646846044236, -0.0004169566578165171]]
[[-0.5765931319228306, -0.9137039961669983, 0.19849377753194256, -0.006304387643999799, 0.017438720133672023, -0.04512367973299155]]	[[0.07303644618500138, -0.570957055666258, 0.2568332806392952, 1.2084092277933858, -2.899610161014028, -0.00047521893704996227]]
[[-0.01175297773637518, -0.6155148453153046, 0.05354629660521749, 0.004000848555300303, 0.0022347445247754816, -0.046564250643774514]]	[[0.07304049646317223, -0.5709678801483572, 0.25680620437999113, 1.2084437065263427, -2.899595862571394, -0.0004734407245798356]]
[[-0.028471510801893307, -0.7076681396314921, 0.09891748086869824, 0.006745966645149375, 0.005862538776730649, -0.045315602292546324]]	[[0.0730340599786069, -0.5709764406447012, 0.2567530085815405, 1.2084178822709954, -2.89958066941054, -0.0004564069981232528]]
[[-0.1122006779951254, -0.8721538107480526, 0.13542259524815192, 0.005604777605772213, 0.011373781510926854, -0.046781709518223524]]	[[0.07303851066358165, -0.5709692463387714, 0.256734129237893, 1.2084879719200907, -2.8995520527269325, -0.0004780214413751554]]
[[-0.15937042380200783, -0.8504706178633417, 0.23293860157767274, 0.004594502421347035, 0.014047536647128343, -0.042888414918552456]]	[[0.0730207484310132, -0.5709754898484297, 0.2567200443650049, 1.2083709717992015, -2.899612134406582, -0.0004018919235603234]]
[[-0.18934289305652388, -0.6232444498210394, 0.17470369154563622, 0.002994058740286694, 0.010281410795334915, -0.044370151504497225]]	[[0.07304414871952003, -0.5709842728043134, 0.256693893474598, 1.2083659160139195, -2.8996022406436386, -0.00044000509945424935]]
[[-0.6200069891698605, -0.4428656783260948, 0.20852480377386917, -0.001865676916516154, 0.009152087638067517, -0.042598717504569214]]	[[0.07301605597780894, -0.5709785544245355, 0.2566779100526074, 1.2083581470231104, -2.8996301674023464, -0.0003814348603337798]]
[[-0.7737043720757925, -0.6343048951058134, 0.11947907015527919, -0.009177510019669429, 0.013698647976485102, -0.04197864563129071]]	[[0.07302509105224676, -0.570990441437154, 0.2566530714850862, 1.2083483913869815, -2.899608934753464, -0.0004023925885282653]]
[[-0.2681952421246789, -0.2965455034483029, 0.12152192205516124, -0.002241618211081683, 0.0016305386540589398, -0.04172955797452324]]	[[0.07302363116047995, -0.5709762604650317, 0.25662577019067917, 1.2084329622756713, -2.899615168781043, -0.0004943864456520462]]
[[-0.6711080073942098, -0.6153481974210592, 0.39497526811208705, -0.0008184351814546883, 0.015853071080095846, -0.04276927926642131]]	[[0.07305025260792551, -0.5709847812927198, 0.25658680891309416, 1.2084480986857984, -2.8995560692260627, -0.00046005967781687806]]
[[-0.3249491465650467, -0.40962035839541683, 0.3531896869722917, -0.0025011603730982703, 0.00972364728864968, -0.045407414464631986]]	[[0.07303724261713135, -0.5709758282317023, 0.25656192363696156, 1.2084222810718095, -2.8995424008600117, -0.0005173255789276485]]
[[-0.4176881691488727, -0.5038279939394995, 0.2860143131888675, -0.00592251919545883, 0.009231529733410774, -0.04501840173589223]]	[[0.07302009258084921, -0.570980394087056, 0.2565312445916878, 1.2083631114787334, -2.8995934158440893, -0.0005337864636226467]]
[[-0.1016392293214265, -0.24003494361857183, 0.2703576461084474, -0.005540306809997558, 0.003115776866208956, -0.042959339988159886]]	[[0.07303262757365346, -0.5709757567401791, 0.25650015067223847, 1.2083800685624397, -2.89958733867206, -0.0005716661242114172]]
[[-0.3479491788065615, -0.05675923277848449, 0.34441548156824164, -0.005854590089086593, 0.0060991086333490535, -0.04210331738330434]]	[[0.07301893252858407, -0.5709704647752276, 0.2564723067805349, 1.2084247000722288, -2.899595129755337, -0.00058860428766756]]
[[-0.3467116459259557, -0.10395904813023596, 0.3838270486304513, -0.003200735925473668, 0.0038626723349527194, -0.04228357550238143]]	[[0.07303142975942487, -0.5709814198017705, 0.25645570314654936, 1.2083944306304528, -2.8996202554309556, -0.0005680502978471064]]
[[-0.3467116459259557, -0.10395904813023596, 0.3838270486304513, -0.003200735925473668, 0.0038626723349527194, -0.04228357550238143]]	[[0.07303142975942487, -0.5709814198017705, 0.25645570314654936, 1.2083944306304528, -2.8996202554309556, -0.0005680502978471064]]
[[-0.035383199893620904, -0.2018216025898995, 0.2893002773083065, -0.0017721961520416887, 0.0014605137571741013, -0.04897949941604667]]	[[0.07302345809653228, -0.5709702832395984, 0.2564115113216011, 1.2084163940204644, -2.8995751567502475, -0.0006849681097527036]]
[[-0.016724342981605522, -0.3500523787457354, 0.33973527458374037, -0.005817635869731652, 0.003869352789661896, -0.04326021690409117]]	[[0.0730255798159949, -0.5709813130489916, 0.256376103020176, 1.2083993265111397, -2.89963412827448, -0.0006624686274290844]]
[[-0.6917794929246492, -0.5001255080079429, 0.42018485434034497, -0.0074888853026085465, 0.02362706871804713, -0.03208338647095461]]	[[0.0730279320576045, -0.570959721422913, 0.2563435563602635, 1.208386321839994, -2.899602167467957, -0.0007394417588527221]]
[[-0.5527079453853239, -0.4354150620225523, 0.4996560011848633, -0.005696486720372996, 0.016372238280634933, -0.037241298131894474]]	[[0.07303995557997013, -0.5709693957275978, 0.2563332924957367, 1.2085294588202153, -2.8995546493342133, -0.0007016974162401318]]
[[-0.431881588769615, -0.2348760264215825, 0.5243107649061652, -0.0027307473536072073, 0.014050074532475719, -0.03874934382536866]]	[[0.07301686821984404, -0.5709682484348138, 0.2562916873013563, 1.2083698935310832, -2.899609701850182, -0.0007592745817323882]]
[[-0.2506739224145507, -0.3667961886237416, 0.35703084534882457, -0.010521265734396176, 0.010117084730386338, -0.03428018114381752]]	[[0.0730146297218468, -0.5709554504111289, 0.25626401391869, 1.208431318849135, -2.899610922703978, -0.0007953870555232924]]
[[0.08098178928946463, -0.08554042440867624, 0.2739487906282443, 0.0015157168038805848, 0.002144265518482562, -0.033695501139630976]]	[[0.0730480556746909, -0.5709629621551546, 0.25626890403147773, 1.20849867249528, -2.899529068514685, -0.000702095264261452]]
[[-0.07951780947343727, -0.22062093138980787, 0.3612418209189422, -0.0041316476577644935, 0.009317226460931166, -0.040225036572244105]]	[[0.07304216637918215, -0.5709595720727355, 0.2562043572282618, 1.2084219499261646, -2.8995905034253253, -0.0008533719564567531]]
[[-0.27128965769766705, -0.32388015467234355, 0.3858316953948848, -0.004164585001157325, 0.013608089328129402, -0.041484315871412006]]	[[0.07303369252139616, -0.5709593141853295, 0.25618293787295665, 1.208487132204164, -2.8995501321743653, -0.0008338737098389183]]
[[-0.40437365836292194, -0.08996775796182807, 0.37626575816416513, -0.001560756047226366, 0.016976495387640636, -0.03460804681697034]]	[[0.0730092741978068, -0.5709546206363941, 0.2561458784909363, 1.2083443239368894, -2.8995985748642132, -0.0009094181975288372]]
[[-0.08454076898287097, -0.2747043262947066, 0.26637159470116534, -0.007598826990323947, 0.002637681240826673, -0.03733487289431317]]	[[0.07301515377468988, -0.5709512444592687, 0.25613261318191244, 1.208414195610166, -2.899569523596023, -0.0009085778056580434]]
[[-0.3129560537517616, 0.14901160671067837, 0.45210486106353853, 0.0011654652870314202, 0.004614969763362773, -0.04200205513455888]]	[[0.07303500175650346, -0.5709469930690768, 0.2561265824128292, 1.208412836845666, -2.8995680709427973, -0.0008145201442688392]]
[[-0.4506361054004939, -0.45332504623360614, 0.5894312960903922, -0.012377812718925513, 0.004312942121140388, -0.04007025194534039]]	[[0.0730270228090536, -0.5709447585771827, 0.256070613472713, 1.2084836253979692, -2.899541324311457, -0.0009269010797462967]]
[[-0.4458276718828721, -0.19940075711931632, 0.4446943686823824, -0.009495544069505474, 0.005677522936799337, -0.03706288180200125]]	[[0.07302064631844733, -0.5709433775523074, 0.25605012919793346, 1.208453817026074, -2.899567194057758, -0.0009459356989456967]]
[[-0.26663109717940603, -0.22711807307112583, 0.36037775553019663, -0.011478048170785736, 0.006262568941186247, -0.038055146779460126]]	[[0.0730023179624607, -0.5709514905572356, 0.2560468795990857, 1.208331389477357, -2.899616151323546, -0.0008507705780385264]]
[[-0.33799932306281594, -0.18848104688650094, 0.3775443142569484, -0.009163669524399624, -0.00020251822953942355, -0.03859699315739732]]	[[0.07303523738382092, -0.5709374246389367, 0.25599139414229394, 1.2084978930541281, -2.8995757174180654, -0.0009801596428107196]]
[[-0.34692680467610837, -0.3368354472941152, 0.5166436938974827, -0.012336077285393574, 0.0020107884168706156, -0.04060044900876567]]	[[0.07301669659203296, -0.5709484406809507, 0.25598550611229687, 1.208441269762147, -2.899586003923521, -0.0009613134069352199]]
[[-0.2759160878935378, 0.09075938429104986, 0.27892866493665297, -0.001941227131608157, -0.0017578794194501274, -0.03404853611274762]]	[[0.07302264142056707, -0.5709485391264901, 0.25597405525249317, 1.208470602853656, -2.899558888303191, -0.0008676000786256247]]
[[-0.6653609850090934, -0.2580384317831095, 0.3712107425320834, -0.008479853339115521, 0.005995900589996533, -0.03173764963315362]]	[[0.0730004072724411, -0.5709461829506677, 0.25596312352925343, 1.2083837061364529, -2.8995935264194905, -0.0007912445826379834]]
[[-0.11304959414972994, 0.06260659395222189, 0.2510967969682701, -0.003615438736519503, -0.0060882467236478876, -0.034724859685834226]]	[[0.07301136206222862, -0.5709407242759196, 0.25593140037920786, 1.2084142290927902, -2.899569287609286, -0.0008479836508111749]]
[[-0.6066421815626987, -0.22190464793446968, 0.21385193496724483, -0.0032172476018813203, 0.007835188084833323, -0.03761706510868154]]	[[0.07302264908444304, -0.570938346925451, 0.2558721947015786, 1.208450805008904, -2.8996088453481152, -0.000977931034482026]]
[[-0.15149283575516065, -0.23319713366424405, 0.3222154325203609, -0.008209938449312086, -0.0015598987451079334, -0.040615135602380524]]	[[0.07301538982865818, -0.5709324135149755, 0.2558417377258202, 1.2084672794167934, -2.899550499575556, -0.0009784942411774646]]
[[-0.6021992167417177, -0.4688449111710978, 0.3258875084748836, -0.017310619375974712, 0.0060910913291294146, -0.03435245440376606]]	[[0.07300559197513809, -0.5709307504833058, 0.2558197535682145, 1.208381724173703, -2.8996375017623417, -0.0009576106633009178]]
[[-0.3817620728344652, -0.02617806572423237, 0.3870614357769029, -0.0051982481613182165, 0.0008662028667600573, -0.03504947014825113]]	[[0.07300369323367371, -0.5709323742785193, 0.25581032990859665, 1.208372194928418, -2.8996144435008335, -0.0009005322150924763]]
[[-0.5507323199731842, -0.5847396301501264, 0.455851581375379, -0.019084568336440243, 0.006062149915500058, -0.03825423621223499]]	[[0.0730261950456816, -0.5709319334003418, 0.2557784061386671, 1.2084806233940903, -2.8995827607332325, -0.0009202198160142227]]
[[-0.3152654481511803, -0.2988716329188767, 0.40587509228792235, -0.007808059990999652, 0.005827137313916729, -0.03659855713770708]]	[[0.073010440350482, -0.5709312186138713, 0.25576227011195385, 1.2084237212468054, -2.8995920091272818, -0.0008442854718667402]]
[[-0.48497879492285495, -0.1013668382306144, 0.33854173008648764, 0.0006618468692697645, 0.016630927222510607, -0.03532716171382471]]	[[0.07301195180732581, -0.5709318451916059, 0.25575427953939905, 1.208393568997255, -2.8996170950528164, -0.0008242990972675052]]
[[-0.4237436627545015, -0.6428504956057464, 0.4447490310239955, -0.00636860309932933, 0.01566778902109503, -0.026721920213836094]]	[[0.07300476585917412, -0.5709384563894504, 0.2557177637625593, 1.2083839009842139, -2.8995958584315877, -0.0008425458456172147]]
[[-0.49962832408695973, -0.413393754898261, 0.4053308068216867, -0.009060209880917679, 0.01593768662256027, -0.037157882037118284]]	[[0.07301068267071154, -0.5709261603366911, 0.2557045246275993, 1.2084735250803296, -2.899518233186356, -0.0007675554644817793]]
[[-0.6426378540278872, -0.23364024178832293, 0.508774648557809, -0.011010877047489823, 0.010892474233029236, -0.03256361192877907]]	[[0.07300133901623514, -0.5709290969179932, 0.25567176303397793, 1.2084359333537036, -2.899572391082609, -0.0007472844563550761]]
[[-0.8965954066461269, -0.5093270280883282, 0.4535368596428356, -0.025844090298017465, 0.010048052759560467, -0.03307275837689796]]	[[0.07303531549799218, -0.5709280170972851, 0.25564161250413053, 1.208534823836372, -2.8995196621491903, -0.000805984804909931]]
[[-0.5095122855021617, -0.21067333154950887, 0.315921704528798, -0.020086838945073182, 0.007300223662377121, -0.02965544217730754]]	[[0.07299984360088468, -0.5709387089407284, 0.2556286639749786, 1.2084338394458451, -2.899520545536306, -0.0007141890349875141]]
[[-0.43047014639688475, 0.12064482167007223, 0.2718436629079998, -0.014692939448350468, 0.0077911475925404195, -0.03608465282850469]]	[[0.07300451935621154, -0.5709320872194845, 0.25561840506565053, 1.2083998937869582, -2.899534307478773, -0.0006935877554471807]]
[[-0.23097380026469133, 0.1837223803660874, 0.268706332259224, -0.009418105921008862, 0.010636181177001956, -0.034922964813397954]]	[[0.0730023713224844, -0.5709351312855268, 0.2555630695462839, 1.2083790996312342, -2.899584121306716, -0.0007668549946824989]]
[[-0.6917087875275121, -0.4279886276877536, 0.28218931571936656, -0.023308709548007314, 0.023164647256702496, -0.029459392796628917]]	[[0.07300140563623253, -0.5709324221254449, 0.25556372008869827, 1.2083962800545713, -2.8995745375130526, -0.0006547592059768814]]
[[-0.2056922274358884, -0.025515760472599486, 0.2685501437398673, -0.006068209358953402, 0.008198942992346081, -0.03491668707987105]]	[[0.07299919357350226, -0.5709298384323661, 0.2555315884675809, 1.20835724082776, -2.899578055571739, -0.0006546071522239256]]
[[-0.7938322895821979, -0.14527442896378345, 0.395475646518787, 0.0028284046239831478, 0.015353685991647284, -0.030424872092600974]]	[[0.0729978701869289, -0.5709351796193756, 0.25549592135663274, 1.2084227699448584, -2.8995896754713586, -0.000653902037487377]]
[[-0.04563794904497731, -0.24827726321179133, 0.2787318029016571, 0.0025798967099766213, -0.0015494996395216119, -0.031133511899386394]]	[[0.07300308597088208, -0.570943574319578, 0.25547131204485846, 1.2083690950129355, -2.8995600866296307, -0.0006370548951271095]]
[[-0.25096447437876956, -0.5537705361163933, 0.2158418634466398, -0.005821294482934644, 0.016513367139175658, -0.03685389283983223]]	[[0.07300358228982806, -0.5709346451815889, 0.2554482867027666, 1.2084351674788054, -2.899570633174231, -0.0005986363178497874]]
[[0.21534540323857357, -0.3673378814251557, 0.010924166430035553, 0.0009156074370705171, 0.008283605834584772, -0.034913191658012904]]	[[0.07299582259071352, -0.5709275681390973, 0.2554176837838094, 1.2084000534717954, -2.8995345633279705, -0.000658920431258472]]
[[-0.17062399591540978, -0.33431928919375975, -0.1324186540290105, 0.007434033965896113, 0.019099028902989253, -0.03045357046332573]]	[[0.07300736990771592, -0.5709324081721323, 0.2554169262790444, 1.2084087211141394, -2.8995556309917685, -0.0005827187215116985]]
[[-0.11805486280383254, -0.5771703966443027, 0.11349557546387543, 0.007617985964497484, 0.012344625146493659, -0.039606022222417214]]	[[0.07300909776444299, -0.5709403856338563, 0.2553922882687537, 1.2083860054956548, -2.899551879986565, -0.0005644205195383134]]
[[-0.5087668704854322, -0.8789244255863369, 0.17272040950939851, 0.0031199918808517265, 0.013510820970933259, -0.03807982071585544]]	[[0.07302185212156516, -0.5709294954551875, 0.25539501741619386, 1.2084819051629019, -2.899536530676784, -0.0005074320425053862]]
[[0.09392142758541677, -0.5107227927101717, -0.05664189718895098, 0.011088532615432294, -0.0020964980920005153, -0.03876426987988557]]	[[0.0730281264781493, -0.570930619799208, 0.2553547276672484, 1.208426108944939, -2.899548725727537, -0.0005840920515088915]]
[[-0.5318525732340078, -1.0210601307244516, -0.015139360034440491, -0.0041731147146685695, 0.015701723076685496, -0.02794714752266511]]	[[0.07300578053051109, -0.5709314213568635, 0.2553155557985679, 1.208421790004573, -2.8995382556644964, -0.0006036113403710343]]
[[0.2724330478937624, -0.2418015287886322, 0.009634735936683642, 0.0043483940483070626, -0.0011326220980083946, -0.03976357398751588]]	[[0.07301999166985308, -0.5709278112134283, 0.25530211589544344, 1.208390698343897, -2.899562923138097, -0.0005450587359958684]]
[[-0.557109727396035, -0.5941717282647139, 0.001481012526239561, -0.006535947626365364, 0.01197303270812252, -0.03636528196207777]]	[[0.07302909463370331, -0.5709297820929604, 0.25524017490152584, 1.208483555772531, -2.8995407602014285, -0.0006967749512456296]]
[[-0.6790129350985502, -0.28483813310406625, 0.16508595533285367, 0.0029265009153256905, 0.008274464299829917, -0.03416259200287813]]	[[0.07301897458601861, -0.5709251664634345, 0.25523105890535513, 1.2084266826465913, -2.899552034002909, -0.0007164676598799624]]
[[-0.41618387197828316, -0.6006705435848834, 0.0906362178445042, -0.005066136069667977, 0.005808790836971068, -0.033070906854955395]]	[[0.07300436594017323, -0.5709275728832923, 0.25520376025527763, 1.2084054506294268, -2.8995477378819716, -0.00069920801458481]]
[[-0.4161547144487557, -0.6006889020233335, 0.09064842987403576, -0.0050666022874967225, 0.005808008088668854, -0.03307097290941855]]	[[0.07300508652035981, -0.5709260717281798, 0.255191538689976, 1.2084790308003264, -2.899529632078285, -0.0006789554343827462]]
[[-0.2682754977695416, -0.4526425497422484, 0.019142523094764528, -0.009034772787385958, -0.0013472962889387007, -0.03582790415025296]]	[[0.07299448035804422, -0.57092019779718, 0.25513040925710095, 1.2083546433217154, -2.899571734418862, -0.000810533904171279]]
[[-0.40719394430288314, -0.14750068610279676, -0.039381554849711405, -0.011482346927268874, -0.0003631002103622596, -0.03144142536228728]]	[[0.07300700791838337, -0.5709224380330237, 0.2551168627536393, 1.2083963499440324, -2.8995276606298215, -0.0007924970629136481]]
[[-0.18693807424538605, 0.2104663450507728, 0.18263888539697942, -0.003802093727972135, -0.002661588554231332, -0.031902636852983904]]	[[0.0729919985168228, -0.5709291992191482, 0.25510711979370454, 1.2083581689925111, -2.8995824370468877, -0.0007713734140555672]]
[[-0.0540831993140463, 0.08229129515364195, 0.1320516897763481, 5.759659922047617e-05, 0.0008901193561709292, -0.02765006388083669]]	[[0.07299901910483822, -0.5709131839488081, 0.25505796977968787, 1.2084415249720677, -2.8995367267212715, -0.0008470156094025325]]
[[-0.09224351386403498, -0.09743326354371484, 0.010276544902128894, -0.0012192511922527788, 0.0017290353692588438, -0.03412279889310253]]	[[0.07300339494584965, -0.5709213954058084, 0.25504993148642463, 1.2084797308345012, -2.8995312778906968, -0.0007332828780437654]]
[[-0.11538068008713825, 0.037594251572892125, 0.0393020088754934, -0.000943810210790319, 0.0028093746173920645, -0.031902126486120466]]	[[0.07300539580315199, -0.5709110963445662, 0.25501081027102085, 1.208406352156913, -2.899551602089852, -0.0008460557798402368]]
[[0.01318031589032212, -0.08038660847244841, 0.1587715133947458, -0.003386998289663451, -0.0023920752731484934, -0.040822628078289534]]	[[0.07300076201047788, -0.5709143593441562, 0.25499681917790085, 1.2084114666881096, -2.899562074532364, -0.0008281377676301649]]
[[0.07227272857540959, 0.16660055935989965, 0.3039879080995712, 0.00012119603039975172, -0.00028948900517688944, -0.0428559663806855]]	[[0.07298871478671098, -0.5709114986242663, 0.2549711075368663, 1.2084318800224398, -2.8995153249169894, -0.0008684552043674995]]
[[-0.17364863069949318, -0.18747395049407703, 0.23899897084120994, -0.016730001564953703, 0.007647458882694819, -0.03413283340932471]]	[[0.07299763042640062, -0.5709025758109243, 0.2549354192094859, 1.2084169427444391, -2.899575074950961, -0.0009206134833149974]]
[[-0.542789647076868, -0.47108592298516117, 0.4760094499599589, -0.015754605136026393, 0.015656181443892428, -0.030260720229958998]]	[[0.07298723066207374, -0.5708971688047859, 0.25489795486500194, 1.2084126715313512, -2.899564586166829, -0.0009403067340714018]]
[[-0.12990861465054393, -0.3490686177463807, 0.24129532701117465, -0.007093656629045405, 0.007323353752975564, -0.032821124959798345]]	[[0.07299238068571093, -0.5708952164526132, 0.25488579590539223, 1.2083734424852157, -2.8995676655374347, -0.0009217197812816211]]
[[0.2264110926575833, 0.028166494836069547, 0.08278835970770881, 0.0034332470026926334, 0.0028312896518358074, -0.034903654389653024]]	[[0.07298722258999225, -0.5708970764156697, 0.25486143457071325, 1.208464446860188, -2.8995427958221045, -0.0009211235870195945]]
[[-0.2760647155508652, -0.48524690038463086, 0.15365052751612507, -0.008602651515811873, 0.015612840279040058, -0.027065355046950346]]	[[0.07301526115654527, -0.5708991210686043, 0.25483244293914215, 1.2084770181231683, -2.8995243516780023, -0.0009029930031888916]]
[[-0.2760878604925253, -0.4852337280162039, 0.1536505404976238, -0.008601909075361788, 0.015613251724456715, -0.027065353671192897]]	[[0.07299722494411931, -0.5709080962895058, 0.2548159146058784, 1.2084078464934782, -2.899553254879661, -0.0009030892103392831]]
[[-0.220236020625208, -0.2544525537622197, 0.3427638086499664, -0.012777563602256906, 0.01121564373359697, -0.030056586562360838]]	[[0.07298901806728407, -0.5709051933833729, 0.25479225295270347, 1.2083907770530906, -2.899560885418513, -0.0009204895716396141]]
[[0.47338512999854593, -0.20612730158162257, 0.07662782062066902, -0.014540443039886969, -0.005816404999698593, -0.040332714829899564]]	[[0.0730033700312485, -0.5708931935340161, 0.2547573288716527, 1.2084507929125379, -2.899509762568118, -0.000922278457335339]]
[[-0.035316787760170554, -0.5057996827446025, 0.28739642254037984, -0.012580908550589132, 0.00018326721514650996, -0.03379214372755196]]	[[0.0729826209889643, -0.5709037727703875, 0.25471159236024177, 1.208379044088079, -2.899581568637112, -0.0010333632934635868]]
[[-0.4728217997914239, -0.5725065936562828, 0.3299806565079123, -0.013459955285818814, 0.014854067423207494, -0.030042567093250032]]	[[0.07298689443703685, -0.5708993917794206, 0.2547018546734517, 1.208373162479048, -2.8995691237320536, -0.0009393636820989007]]
[[-0.22287687306619758, -0.07334780750695978, 0.3766579214541575, 0.00084997557155625, 0.0046761439322614605, -0.029775792190001614]]	[[0.072993531171963, -0.5708980839555953, 0.2546847322071742, 1.2084087230604523, -2.899555187903465, -0.0009760391474168093]]
[[-0.28453705987954886, -0.33651313256089643, 0.35594801979871576, -0.010535843769306932, 0.003944568160594002, -0.03105133888091534]]	[[0.07298432596816941, -0.5708960349771671, 0.25464380690412186, 1.208387105854296, -2.8995518633570456, -0.0010165262316083807]]
[[-0.13698301065330049, -0.1381452049772765, 0.2297807204525826, -0.011507871297388497, -0.006805704589051384, -0.033040034594659276]]	[[0.07299017917993748, -0.5708856841354982, 0.25460474113029896, 1.2084142361623202, -2.89956826962958, -0.001068604002586644]]
[[-0.8236407438748791, -0.3535086130357955, 0.33938622193195606, -0.015100037220929924, 0.0050906405046426025, -0.03131149932574947]]	[[0.07300792636911663, -0.5708882011995479, 0.25458515882127564, 1.208439777726609, -2.8995831295453387, -0.0010495947520886748]]
[[-0.543162294811367, 0.2682626256221767, 0.4232982666669721, 0.0003135956572105712, -0.002863762756439541, -0.028229133862702226]]	[[0.07299131295037312, -0.570885259679407, 0.25456773792704074, 1.2084360086633708, -2.8995719181565676, -0.0010502091465259297]]
[[-0.5007747877459316, 0.13841341354652584, 0.2963914085260211, -0.008168916868336004, -0.0070858825831182, -0.03520073813124184]]	[[0.07300466339335462, -0.5708895367799468, 0.2545563179193825, 1.2084610031478387, -2.899534488595878, -0.0009944356338520417]]
[[-0.2393896970783805, -0.4802977139197561, 0.1983279840484746, -0.01657361186388708, -0.0071602680301116875, -0.03697668427073294]]	[[0.07300864637472025, -0.570896698501002, 0.2545381654099339, 1.2084820834659538, -2.8995366130456603, -0.000898008457246534]]
[[-0.12306981455277184, -0.13660580232348968, 0.3954371177884531, -0.0025861022530016156, -0.007721541999720163, -0.03355102362815557]]	[[0.07301279743384617, -0.5708942515093155, 0.25451150361103414, 1.2084480868722507, -2.899603340026105, -0.0009323284932750978]]
[[-0.5014868858409092, -0.456506861088888, 0.3992865712727087, -0.00820615622614878, 0.004707854993512133, -0.02582285770730495]]	[[0.07298910663146863, -0.5708859645833428, 0.2544757346910314, 1.2084094763463895, -2.899556762807936, -0.001010885414570826]]
[[-0.15322871429165985, -0.14856687325729712, 0.25155757719754357, -0.004842698724171658, -0.004296535627817179, -0.03959209125438199]]	[[0.07299700907707005, -0.5708879425223785, 0.2544511004228314, 1.208408369884347, -2.8995560940395944, -0.0009534210950704267]]
[[-0.25052816634333586, -0.12612540842081904, 0.343240972102832, -0.0069505599334909515, 0.00036439131986685646, -0.035010107981326435]]	[[0.07299253964434183, -0.5708882721157271, 0.2544252528268552, 1.2084003819611933, -2.899585795709592, -0.0009715673955306205]]
[[-0.505364516419579, -0.2735094299106073, 0.30146941714208036, -0.013913209323416505, 0.006265186152135106, -0.03381159619033942]]	[[0.07300049032356876, -0.5708816232780934, 0.2544053664892758, 1.2084563107256865, -2.8995229306436627, -0.0009530161099695864]]
[[-0.054083014234333385, -0.19087547162120688, 0.26415131865734043, -0.011576585571885645, -0.0041927979194286554, -0.0324190095477843]]	[[0.07299249675681134, -0.5708860766276102, 0.25437419265444844, 1.2083948222030405, -2.8995233051663454, -0.0009734064084292595]]
[[-0.311658696213862, -0.07077422980681988, 0.3090146287792554, -0.003862081993813308, 0.005480962365501128, -0.029401550186381284]]	[[0.07300573365981244, -0.5708832517385889, 0.25434412643029924, 1.2084817130995946, -2.8994864416292607, -0.0009356931408341625]]
[[-0.06668713805345348, 0.27897732820634147, 0.33180837587918094, 0.0028459381830399904, 0.002306436100596291, -0.03453147948144327]]	[[0.07299972696850378, -0.5708882266021734, 0.2543252462479907, 1.2084173887804082, -2.8995779407964206, -0.000912121151620287]]
[[-0.10704222631829904, -0.04009535578517518, 0.31554586966245357, -0.008573898044791825, 0.0030098789688604985, -0.03153406316845273]]	[[0.07297286338266333, -0.570899338738938, 0.2542804522080325, 1.2083739751511131, -2.8995691731280004, -0.0008543043529757676]]
[[0.0142690921467441, -0.0592570449865749, 0.2060228627750854, -0.0031957422293146993, 0.002755579996017546, -0.03264795909529668]]	[[0.07300326890830659, -0.5708975601623589, 0.2542644591244697, 1.2084344890348888, -2.8995685412574708, -0.0007996428747574166]]
[[-0.0746869524684532, -0.12126829402786826, 0.30211508416791283, -0.002330511870950285, 0.009884197094338847, -0.03411994971974043]]	[[0.07300326890830659, -0.5708975601623589, 0.2542644591244697, 1.2084344890348888, -2.8995685412574708, -0.0007996428747574166]]
[[-0.15412202620572418, -0.21013154825913233, 0.4245089572973013, -0.00959243067724066, 0.006254987072649451, -0.03276358762551338]]	[[0.07297870437289042, -0.5708957929473396, 0.25423010569572074, 1.208373955971546, -2.8995690555474263, -0.0008362260068238227]]
[[-0.20454557694582579, -0.21534117539905187, 0.24504271996228782, -0.013933904083746031, 0.006509103998671886, -0.02854073843504978]]	[[0.0729659006618413, -0.5708875366806357, 0.2541982867115289, 1.2083653943303112, -2.8995481482223893, -0.0009136337483498757]]
[[0.19264460038022935, 0.057599605338245916, 0.22620612235229748, -0.008526683083030492, -0.0014826575559467952, -0.03407317375347112]]	[[0.07300322408228539, -0.570911015337583, 0.2541844648247759, 1.20846726671583, -2.899503188821513, -0.0007992857442450774]]
[[-0.4242208790909462, -0.15497577645175545, 0.3272272809135558, -0.006682368331617563, 0.017106805064140473, -0.031236411010990197]]	[[0.07301007216735665, -0.5709032266266966, 0.25413726353869953, 1.2084937191998906, -2.8995179553016084, -0.0007608764737286906]]
[[-0.08638476740410578, 0.06557378624422448, 0.21789153605302747, 0.0029478906724180126, 0.009020334999777122, -0.029677196981107098]]	[[0.07300590935754958, -0.570914690851636, 0.254090728807199, 1.2084024878778785, -2.899542644796218, -0.0007624340638896709]]
[[0.7243143308357618, -0.07314863604032407, 0.0028107512752318722, -0.004281113169603779, -0.006646603226666586, -0.04037860591039474]]	[[0.07299696636994991, -0.5709096999417794, 0.2540958390677419, 1.2084537437728626, -2.899519359130916, -0.0006674694117511542]]
[[-0.22797297835106667, -0.24487117855631158, 0.3499866079765897, -0.0062584951802395, 0.01238411720091031, -0.031435945326489544]]	[[0.07299387855744673, -0.5709135460751222, 0.2540739010647254, 1.2084454734439016, -2.8995484232792172, -0.0006285112738202495]]
[[-0.6827090853749955, -0.4453244237648121, 0.25011468185539526, -0.007462136156762741, 0.017794084496253422, -0.03223860599457925]]	[[0.07300248583721224, -0.570908752077766, 0.25403406184004346, 1.2084331244904258, -2.899516600397548, -0.0007251330538607402]]
[[-0.2600397353028453, -0.26758272235359926, 0.206354289300449, 0.0028119565557671805, 0.006410997591506007, -0.033398123726836045]]	[[0.07299049568998929, -0.570918128832587, 0.2540248368274761, 1.2083932564071878, -2.8995183382707745, -0.0006336765200600121]]
[[0.1352752965918052, -0.539056839989185, 0.04952847453990541, -0.0007323392292103046, 0.005382650407549668, -0.0363733869042271]]	[[0.0729939190580843, -0.5709115465822083, 0.2540141261889909, 1.2084059318237366, -2.8994998193471186, -0.000615753845661858]]
[[0.24768818979405505, -0.42686065054907946, 0.03819833744005219, 0.005936725311525896, 0.0009903899048580968, -0.029023218653831957]]	[[0.07299099652316994, -0.5709126285507429, 0.25397253807302034, 1.2083508013569535, -2.8995625392353115, -0.000651331957660133]]
[[0.3238483130277889, -0.17351521233222963, 0.19467031421566486, 0.00621910210295044, -0.0024407581577277743, -0.03351217744173092]]	[[0.07297534734782114, -0.5709157233028527, 0.25394838117991747, 1.2083933087830891, -2.8995203945111454, -0.0007097410466122517]]
[[-0.3460341321286529, -0.45075701966129195, 0.20638382873649358, -0.002413907687009922, 0.008230294068047853, -0.030978194617776518]]	[[0.07298581933589653, -0.5709143193505636, 0.25393063215088696, 1.2083551891342112, -2.8995751842141444, -0.0006888686966713891]]
[[-0.529046436609249, -0.39732418269381875, 0.20264030317937068, -0.0011389416174842322, 0.010086694991442413, -0.026020305066052497]]	[[0.07299374388494313, -0.5709199198736411, 0.2539123796163501, 1.2084026838333894, -2.899541256306255, -0.0006531982031242322]]
[[-0.4332785044609715, -0.36922755341968616, 0.15197068735830535, -0.0037704453100335248, 0.001917658191903435, -0.03173409514062637]]	[[0.07301974573807916, -0.5709131752825205, 0.25386462238794727, 1.2084551894765123, -2.8995212228043523, -0.0007269973459209436]]
[[-0.08090767784153613, -0.5850102454877777, 0.02111602357523111, -0.011072771064121415, -0.005874041995714228, -0.0333327395955677]]	[[0.07301037100922679, -0.570929571313948, 0.253857595721811, 1.208449803257488, -2.899508556936038, -0.0006353607062753947]]
[[0.2680813822005181, -0.2867759208776653, 0.18249272891096607, -0.00044441587881688307, -0.00819409630113747, -0.035653488367079746]]	[[0.07297053799295017, -0.5709157722889165, 0.2538225937138109, 1.208333646585898, -2.8995721535405434, -0.0007281299274895273]]
[[-0.10533552772322707, -0.19783778614095376, 0.03238312815858567, -3.323301430427925e-05, 0.0020869824745258073, -0.03170306674405551]]	[[0.07300872715388348, -0.5709182018171566, 0.2538056623985229, 1.208407038320364, -2.899553812137705, -0.000670956952056752]]
[[-0.4484958886190478, -0.44064906965725464, 0.07473846716892418, -0.004033354131521801, 0.005484547103223444, -0.03382185279821218]]	[[0.0729987101629244, -0.5709104756672235, 0.25377547277964824, 1.2084255747878283, -2.899547488880592, -0.0007265375622485518]]
[[-0.18138589425019144, -0.19064920878393993, 0.08662600806208794, 0.0031577540612377246, -0.0035911639139362427, -0.029218479217992734]]	[[0.07302832269836307, -0.5709133813567169, 0.2537590350004527, 1.2084946544482003, -2.899518748437537, -0.0007264293188489992]]
[[0.03679619757499297, -0.40343444736907297, -0.04076870172699943, -0.00831667022341342, -0.007227005028332846, -0.025832299059133552]]	[[0.0730110735429474, -0.5709123262875245, 0.253744659929131, 1.208484822935047, -2.899496869657887, -0.0007454667641173016]]
[[-0.21179197780246853, -0.3023898325937005, 0.1424154257089274, -0.005172063434927011, 0.0013219001043720461, -0.03125769311871648]]	[[0.07301370160849643, -0.570926095207023, 0.2537194066504673, 1.20842416904345, -2.8994956046433704, -0.0007094333269264383]]
[[-0.2336775252051857, 0.17749959265390483, 0.046227297121909754, 0.0045584392668546895, 0.004572173957676493, -0.030995617925388828]]	[[0.0729974672426633, -0.5709208284575876, 0.2536662165482353, 1.208441629838378, -2.899490682141652, -0.0008033786655888423]]
[[-0.09157896054668416, 0.15711633262764466, 0.07850059734874124, 0.0011274645371148742, -0.000540037569910134, -0.03566734450882733]]	[[0.07299438176304685, -0.5709214010810476, 0.25367360300923236, 1.2084373034613072, -2.899529140382427, -0.0007079812389324904]]
[[-0.01668789196378337, -0.3975502883972386, 0.12270264038323762, -0.005999134121781867, -0.00011383531991569036, -0.028931233619779752]]	[[0.07301946229882103, -0.5709223210233291, 0.2536598246731646, 1.208423471751535, -2.8994958093017535, -0.0006908839538529682]]
[[-0.210369216609706, 0.0343464425741805, 0.0101743737174263, 0.0019694243731851135, 0.007903581897460613, -0.02702375828178914]]	[[0.07299761485102636, -0.5709211274743207, 0.25359457071398456, 1.2084417421699174, -2.899490997176025, -0.0008027988748946643]]
[[-0.08691243727294268, -0.3463139559439722, 0.0838426879747759, -0.01068908305183027, 0.003500069805214802, -0.028358715559305532]]	[[0.07302069621707788, -0.5709222811989966, 0.25357514143852766, 1.208447258052073, -2.8995025269042727, -0.000841557778304989]]
[[0.34256427641170467, 0.027530797778689053, 0.053535220807963364, 0.0010378997329049883, -0.003918675726655385, -0.03263687385459973]]	[[0.0730005749030747, -0.5709188724520682, 0.25355770790052096, 1.2084046226183094, -2.8995462534907586, -0.0008413708639731589]]
[[0.19285501209283654, -0.24453647362080533, 0.16292513437042808, -0.005011883997253974, 0.001712452714852367, -0.0321884817572852]]	[[0.07301000427654124, -0.570922881174744, 0.25352042578567524, 1.2084339711843073, -2.8994704306609886, -0.0008799655335025473]]
[[0.36528627000440284, 0.050639104960379905, 0.0016297156658648232, 0.0009849440129222876, -0.0013031545805843214, -0.02923297316710657]]	[[0.07297210508746421, -0.5709265434118551, 0.2535105812645855, 1.2083771642459464, -2.89953293154432, -0.0008790943010086362]]
[[0.14798685235974868, 0.023427404249212476, -0.12301509619219146, -0.0009315500718783096, 0.0009197528298875008, -0.031641814427700796]]	[[0.073002505850299, -0.5709170729998861, 0.25347762545245234, 1.2083798860927233, -2.8995844660396672, -0.0008935290988168325]]
[[-0.17036328615604743, 0.055371861180948105, 0.06495551387839417, -0.0052819975425002315, 0.0047680882670508296, -0.02468146828214813]]	[[0.07301413137900602, -0.570918126892212, 0.25344991237231207, 1.2084468657072616, -2.8994525365844526, -0.0008809272592508284]]
[[0.09898056732065644, 0.3336031992843641, 0.11675530271675882, 0.0039817700354162055, -0.00016858950170857922, -0.031034850365147956]]	[[0.07301449298599968, -0.5709123571436012, 0.25343412053863595, 1.2085081427124307, -2.8994536060014666, -0.0009172403061699105]]
[[0.0014703061610325668, -0.017989045580187962, 0.1104133453682192, -0.00249670352197181, 0.001439938688514352, -0.036288219992398514]]	[[0.07301582501069183, -0.5709247939832321, 0.2534093592726036, 1.208434998358183, -2.899522036879211, -0.0008759101695599525]]
[[-0.1281164010237424, -0.30076065886968595, -0.012163531826753256, -0.006747570992701013, 0.0033273653189715337, -0.024716310025918918]]	[[0.07303187931003635, -0.5709165938961543, 0.25337450163316183, 1.2085483475650636, -2.8994511292567253, -0.000973038011339125]]
[[0.33460931301442287, -0.1114126817168472, -0.10893436733206935, 0.005051336699138303, -0.0004076296453603442, -0.03079017115164269]]	[[0.07299538103734067, -0.5709218539244951, 0.25333936342297003, 1.2084177737512516, -2.8994803459697827, -0.00099344043445823]]
[[0.34434603051518864, -0.06651646346220186, 0.06930979141607259, 0.0056415518844312815, -0.004368760595237362, -0.03632009531172077]]	[[0.07299847422950352, -0.5709233471949389, 0.2533405774006203, 1.2083916285311815, -2.899515111388893, -0.0009151256600867491]]
[[0.18979624050218402, -0.15375641577625695, 0.054931125723908666, 0.005494748414568572, 0.0020614616140916726, -0.03311414015994642]]	[[0.07300154771507122, -0.5709226734522762, 0.25329621619818043, 1.2083779091015387, -2.8994839585568064, -0.0009921656666781115]]
[[-0.8109871449293476, 0.06281394546131824, 0.11751054875282031, 0.0007321125288662755, 0.0137514657454251, -0.026007309885941767]]	[[0.07301025238462039, -0.5709098941260601, 0.25328048894958866, 1.2084015103208015, -2.8995387642805017, -0.0009888262365801163]]
[[-0.23888062159201046, -0.04821982953295406, 0.19925418675129378, -0.005595439602893087, -0.0055162328385945075, -0.029298182741302442]]	[[0.07297904286723107, -0.5709196267683344, 0.25325875156238464, 1.2083784001640054, -2.899483015041197, -0.0009528841270611027]]
[[-0.03129898790649215, 0.11562523996468999, 0.08334088463713167, 0.0003204603635390069, -0.00904195531371146, -0.028346419095610483]]	[[0.07299232270618784, -0.5709206044706939, 0.25321960908435526, 1.2083913095425547, -2.899465369145961, -0.0010104931983022142]]
[[-0.16302232609435174, 0.32189631053554213, 0.10431763658989246, 0.008581645494155151, -0.00916055289276587, -0.037881933737310754]]	[[0.07301184263644125, -0.5709209900136513, 0.25319769051116314, 1.208443891863859, -2.8994946056857316, -0.000969480067957305]]
[[-0.567696534457091, -0.014791111917173805, 0.25807265655031225, -0.0012614349819967995, -0.003997672817424979, -0.03094534123841725]]	[[0.07296906092897815, -0.5709252246990774, 0.25318699002927636, 1.2083177558899223, -2.899534490697351, -0.0009887362382987703]]
[[-0.7855759636456332, -0.033500963073447354, 0.15806611702662854, -0.007036303037258393, -0.0006844723717118278, -0.02850264521884863]]	[[0.07301163089154036, -0.5709171054500835, 0.2531558081940517, 1.208448372401367, -2.899505355088179, -0.0009686027856760245]]
[[-0.04903833210600994, 0.2666983875194975, -0.031836356454996134, -0.006278290853637064, -0.015890801776641858, -0.02933117499782804]]	[[0.07299420792766234, -0.5709257046117885, 0.25311170074970113, 1.2083560596073235, -2.8994802927948076, -0.0010262087518478032]]
[[-0.2485536894052101, 0.0915390043508196, 0.0796599428979986, -0.007226723747205737, -0.011072397527672164, -0.03493293746581026]]	[[0.07298402320735972, -0.5709330781018604, 0.2530931952231977, 1.2083611407070207, -2.8994907772406555, -0.000989193724040197]]
[[-0.10210195984445439, 0.5647837059621315, 0.10317605624137756, 0.0032336044781205147, -0.012354290943927315, -0.028867692739147816]]	[[0.07299267917862064, -0.5709250134101224, 0.2530801082355558, 1.208334234760907, -2.8994744925438023, -0.0009510404398919446]]
[[-0.4814936028388709, 0.04197667870096991, 0.17759885387102237, -0.00575652892015832, 0.0015115286821803398, -0.03385025818873269]]	[[0.07298174304339515, -0.5709249295690331, 0.2530345562782613, 1.2083560727165223, -2.8994293482556333, -0.0010468901311663]]
[[-0.2806398357788324, 0.14736688843890497, 0.07747660872886061, -0.006845495603397894, 0.004716488437372978, -0.03283185039308237]]	[[0.07300637472488744, -0.5709266531758279, 0.2530232276833227, 1.2084685469587073, -2.899407481724422, -0.0009884807419568492]]
[[0.1066080478555716, 0.027011373805503572, 0.0483632478996692, -0.012074224861149185, 0.0012772235927041332, -0.03662196379919582]]	[[0.07299883603207748, -0.5709376278423658, 0.25297674183285423, 1.2084087615654802, -2.899459190899411, -0.00098683996699244]]
[[0.33444866506727616, 0.39897431357113144, 0.22356976616555246, 0.003179878343438222, -0.003947893970908545, -0.03379772737190206]]	[[0.07300088855690502, -0.570927405581416, 0.2529597943397352, 1.2083341359545516, -2.899476374433309, -0.0009481343185258144]]
[[-0.09882269934723831, 0.027752745028864954, 0.20077762309557365, -0.005906658974789538, 0.0030640761742654187, -0.033864733369108016]]	[[0.07299663457627724, -0.5709451836015303, 0.25295471982892315, 1.2083719915906985, -2.8994193867166698, -0.0008353653257074032]]
[[0.15967409097124874, 0.3175526044348398, -0.026200495382569414, 0.0020276709830586172, -0.002334428817827394, -0.03129760478540625]]	[[0.07302170559400938, -0.5709447916290444, 0.25292432347782934, 1.2084548524274241, -2.8994238782433404, -0.0008350104319590926]]
[[0.44503892238842, 0.014886106878381794, 0.03344075640081465, -0.0038401226252528127, -0.004556651440721412, -0.038158514179644054]]	[[0.07301554832727238, -0.5709418789677604, 0.25286620934005516, 1.2084201699095922, -2.8993889907030876, -0.0009286581472221766]]
[[-0.3005068786344155, 0.07817607246964575, 0.09810959187686881, -0.0011863763816597215, 0.012971101972676525, -0.02586307043968571]]	[[0.07301562775231868, -0.5709351867270508, 0.25288038719286116, 1.2084286843128835, -2.8994093314379756, -0.0008348974256643331]]
[[0.46012947256663833, 0.47694324943833993, 0.09757242123070062, 0.00045726067054782833, -0.009109344243560122, -0.033525197023564296]]	[[0.07300789105919453, -0.5709492363153256, 0.2528378715358591, 1.2083986010594223, -2.899434957433694, -0.0008340059232986255]]
[[0.3604370631673718, 0.266831228824336, -0.004328845029496396, 7.1705530052266e-06, -0.002425878734721395, -0.02991802628703147]]	[[0.07300882156556895, -0.5709583823986618, 0.2528208329935612, 1.208371291743522, -2.8994181148831406, -0.0007214420658024781]]
[[-0.430588637949158, -0.4410608518512711, 0.1309943893848736, -0.012093048640488225, 0.01837299294949334, -0.02635070766165421]]	[[0.07301055104448598, -0.5709596062127316, 0.25280600118926166, 1.2084270128916785, -2.8994078846522395, -0.0007210272385917717]]
[[0.2552845161416686, -0.025666033765618962, 0.07223185458847665, 0.0012178876960561359, -0.0009007829623734638, -0.03645250656433133]]	[[0.07300986118045368, -0.5709543531901424, 0.2527546472232652, 1.2083982702367837, -2.899434321547823, -0.0007789677446532449]]
[[0.2949438902461111, -0.15190187395094007, 0.09474163474998368, 0.00134736280200331, -0.004349416044004689, -0.03480020841725789]]	[[0.07299500289742732, -0.5709683685045467, 0.25273633960112973, 1.208436920696095, -2.899430107846912, -0.0007220516231703163]]
[[0.07748514518508878, -0.011659934109646226, -0.038772635876540756, 0.0004431745351799888, 0.003515363992214582, -0.028003250349340095]]	[[0.07301686354585385, -0.5709796692089321, 0.25271751085884353, 1.2083877236209355, -2.899409473576953, -0.0006111958158653648]]
[[0.08754609973122213, -0.1541574158267223, 0.15139689511154802, -0.003422641935515829, 0.008402094024564776, -0.025558140679940285]]	[[0.07300309920563638, -0.5709654157292232, 0.25266288271827886, 1.2083158391366526, -2.8994313242925407, -0.0008177210244455916]]
[[0.2224526727797132, -0.0794899731521372, 0.06939547776416356, 0.0018018490503920934, 0.0053161181948359415, -0.031006177383478963]]	[[0.07301957236700354, -0.5709644080983972, 0.25266981593316845, 1.2084441053668709, -2.89940043882443, -0.0006683983582601686]]
[[-0.2364329242922672, -0.5476960219963645, 0.3171824111987031, 0.00018008314195841393, 0.015131276580966961, -0.025873942773846362]]	[[0.07300874310836837, -0.5709735775859262, 0.2526545462802564, 1.2083754758415177, -2.8994287085560755, -0.0006505245943961295]]
[[-0.117221354859803, -0.4552744791065281, 0.245902354346231, 0.008855557966301053, 0.01272480577536127, -0.029753549164606975]]	[[0.07301289970919583, -0.5709743649744705, 0.2526061798144088, 1.2083898471006773, -2.8994635514333473, -0.0007046961402936812]]
[[-0.5091076380059955, -0.551532895409901, -0.0931216478099141, 0.003659504624490306, 0.019977738225381486, -0.028266592791538602]]	[[0.07302067758503918, -0.5709794985030839, 0.2526108623097147, 1.2084352043331974, -2.8994282995652796, -0.0005726583697854133]]
[[0.02401957921509587, -0.2365458372239797, -0.07210287334624957, 0.004596034910871341, 0.0010516969740495196, -0.03628342194379879]]	[[0.07303161732642652, -0.5709874978403051, 0.25260327022877616, 1.2084126117677139, -2.8993719692619435, -0.000520025595367146]]
[[-0.1451386705927793, -0.3772347143969156, -0.06830274143712511, 0.00016739553955606506, 0.0037374377831937648, -0.027015517866130507]]	[[0.07302672033599122, -0.5709886136644842, 0.2525562746297457, 1.2083758142971888, -2.8994809820154788, -0.0006100034250216111]]
[[-0.13697277712374814, 0.14913177063512312, 0.12337766030382022, 0.013243384087612857, 0.006059612855854785, -0.03352424643810875]]	[[0.07302354731711025, -0.5709680556757211, 0.2525250016118008, 1.2084534628303647, -2.899423263175375, -0.0006688180851665118]]
[[-0.6740084907021788, -0.5474760093043756, 0.25011990869618644, 0.004286682061283615, 0.00910955765682224, -0.033874613280896526]]	[[0.07303364856156098, -0.5709760063304585, 0.25251258482873157, 1.2084367842082642, -2.8994302291331344, -0.0006682435948822289]]
[[-0.36940289522060593, -0.39240029551695366, 0.08632952545893924, 0.009455022164488036, 0.0016832593644906992, -0.02976242087833824]]	[[0.07303815854508752, -0.5709809938381933, 0.2524771487663214, 1.2084801298993393, -2.89943918674153, -0.0006671596299990716]]
[[-0.2605777272229661, -0.310850444213492, -0.019134076214520918, 0.010934589660593248, -0.0016535153215117577, -0.034924726486930235]]	[[0.07302456432049156, -0.570965259646453, 0.2524338797247187, 1.2083845583559607, -2.899403691715182, -0.0008035192620620276]]
[[-0.3484588595070242, -0.18221067338733413, 0.0350935257236699, 0.003923138126407015, -0.0027141352209834376, -0.03214675607580533]]	[[0.07301382083797194, -0.5709834936395572, 0.25242985917623534, 1.2084323148164517, -2.899419614004487, -0.0006686703824381427]]
[[-0.670798507846731, -0.08619431465671668, 0.1614805373162773, -0.005622399313572766, 0.005619932746456492, -0.02372832183311165]]	[[0.0730063932708351, -0.5709826910264784, 0.25240987864814546, 1.2083972457970762, -2.899434732467608, -0.000686723281822438]]
[[-0.1107755420648373, 0.07201919698289495, 0.1540048631143161, -0.004668145793584459, -0.006027750535536029, -0.030402610563748874]]	[[0.07301589128054609, -0.5709856300280526, 0.2523989184082414, 1.2083678945944805, -2.899459902620086, -0.0006860011629773677]]
[[-0.5501637241964134, -0.01987560959644824, 0.10810646576227717, -0.0036395704186602085, 0.0012151366000206644, -0.03284325789499717]]	[[0.07304467819310326, -0.5709800390364522, 0.2523345384100485, 1.2084548880705526, -2.8993744030806448, -0.0007831926843646324]]
[[-0.27898159692905505, -0.379797911242749, 0.2639914049719999, -0.007196402056881267, 0.0005597367154585708, -0.028997599391109862]]	[[0.07301590145302671, -0.5709732968608137, 0.25233646330378345, 1.2083767212638834, -2.8994319899758105, -0.000743247144650404]]
[[-0.3757959242720252, -0.505400526360923, 0.1715815871986745, -0.011336632354919511, 0.009492384492444985, -0.03118475510649042]]	[[0.07302045017732756, -0.5709786440082033, 0.2523178584166853, 1.2084028064095793, -2.899446224256564, -0.0007056284895849098]]
[[0.13591926649808383, -0.1408673066103071, 0.10540301132751106, -0.006013480558108905, -0.0012444490261240737, -0.0320086146816037]]	[[0.07303600118638112, -0.5709750568913173, 0.252274421784608, 1.2084301838588494, -2.8994634584390533, -0.0007769452971926755]]
[[0.17968559615285812, 0.27685050956433793, 0.05737184835896684, 0.0009109607282646679, -0.003751411093576622, -0.03408307678899108]]	[[0.07301244750831706, -0.5709796501665882, 0.25226443495417106, 1.2083639018568841, -2.8994501803060606, -0.0007232546837262098]]
[[0.07924372046983558, 0.0029249851596125434, 0.15193672123568805, -0.004134081286785764, 0.002141573852518148, -0.03215586650395623]]	[[0.07300935249640034, -0.5709870590172624, 0.2522314564124164, 1.2083333211024412, -2.899476403485967, -0.0007420987268675708]]
[[0.23416922634842507, 0.09959988599414717, 0.03609519009450989, 0.00044749669784159964, 0.0005599283337894148, -0.029214882413420528]]	[[0.07302526297479082, -0.5709757958900279, 0.2521933815039973, 1.2084340104307514, -2.8994237939812364, -0.0008364527677911309]]
[[0.06802161499159026, -0.038152934626772064, 0.21634683564842158, 0.0007378442302774038, 0.0028412775747341493, -0.03170319318480893]]	[[0.07302031976313152, -0.5709815780538783, 0.2521724062211154, 1.208363746524439, -2.8994519400112972, -0.0007799253932042626]]
[[-0.5540956592962666, -0.36075519971600056, 0.2599669577680853, -0.006286958737793299, 0.01353395210499034, -0.029533141672160892]]	[[0.0730440030829019, -0.5709807836701222, 0.2521509724040024, 1.2084602829623143, -2.8994385377362635, -0.00079710494392937]]
[[-0.09509688066108449, -0.4226849264184031, 0.37276025742404095, -0.011138586114033327, 0.011089987664586569, -0.028773324947079605]]	[[0.07300521458582254, -0.5709860931764024, 0.25211464013607743, 1.20844223314507, -2.8993949532511443, -0.0008372153035081855]]
[[-0.39036329198359926, -0.5846981298940377, 0.24200786035326166, -0.017885757727608764, 0.017453275910428383, -0.024900554549591742]]	[[0.07301736530039334, -0.5709892369760131, 0.25211888693766893, 1.2083857228485007, -2.8994543185322543, -0.0007038986301696506]]
[[-0.15284629007080788, -0.43536911032444414, 0.39047709343373205, -0.01612873891491368, 0.01176258377514304, -0.03140876204770743]]	[[0.07301455933209183, -0.5709852108982264, 0.252063700397794, 1.2084516866392225, -2.899417874886629, -0.0008723703119170843]]
[[-0.45643311343025394, 0.16653961411289034, 0.17046675000086922, -0.0016797264764204945, 0.013391982535747624, -0.027426697362170342]]	[[0.07302228626724319, -0.5709935025761688, 0.25204770089241485, 1.208372816427074, -2.8994233533454112, -0.0007991783888968395]]
[[0.31394528786562687, -0.06852919136778496, 0.24675428589982654, -0.005064469715452222, -0.004493206183741667, -0.026028728620601464]]	[[0.07301349647804554, -0.5709856296685776, 0.25204278464434815, 1.208360050499744, -2.8994412174534663, -0.0007791074975323542]]
[[0.1424087532770203, 0.055765045746494483, 0.16627631823126493, 0.0019309194561729992, 0.003521853562178421, -0.032432981228959594]]	[[0.07303802353946859, -0.5709837078331601, 0.25199438105747723, 1.2084082468222683, -2.8994618344181764, -0.0008340207576778789]]
[[-0.18706544280313964, -0.4319621548478982, 0.19305278013073277, -0.012533395972688226, 0.013525107954466577, -0.03006732522491327]]	[[0.0730081425345183, -0.5709835595645175, 0.2519782142234356, 1.2083522867526033, -2.8994714242464554, -0.0008151135251087142]]
[[-0.11079013885666639, -0.07015001003671033, 0.36239566589922106, -0.006969168831040648, 0.006412036622177932, -0.03160171607797897]]	[[0.0730333336317205, -0.5709848254150197, 0.25193253649204966, 1.2084594874118944, -2.8993898616405436, -0.000891595712654691]]
[[-0.19892536416744483, -0.3985929485386491, 0.20723610311612806, -0.013244552665757244, 0.005255879100959903, -0.03223173446780205]]	[[0.0730268134407005, -0.570982962340096, 0.2519428705574538, 1.208429340316852, -2.8994128392548553, -0.0007778652839302952]]
[[-0.6085973683022657, -0.22635947323773076, 0.18877115545767578, -0.007015123268619177, 0.012193915331478764, -0.02901343619382303]]	[[0.07300927377293498, -0.570982998476923, 0.25189871938543684, 1.2083394589522332, -2.8994914239037155, -0.0008521624679467478]]
[[-0.3148186940732457, -0.04198828442777608, 0.22755968020518436, 0.007671703301628668, -0.0002331978372295874, -0.030135881695507735]]	[[0.07301633113686548, -0.5709930372009934, 0.25187619208118683, 1.208360370851613, -2.8994423318717564, -0.0007975922838571583]]
[[-0.377799981289606, -0.40024486233545387, 0.21355138606973606, -0.005322834762584945, 0.003941488860655076, -0.024828668936025054]]	[[0.07303829328272672, -0.5709877329751434, 0.25186398898648765, 1.2084723804923276, -2.8994211132873002, -0.0007769058200764472]]
[[-0.22464414582969822, 0.22641272857283562, 0.22089079523368021, 0.0017609009301653277, -0.0026903893255054256, -0.028113586715980906]]	[[0.0730314413160952, -0.5709918561828, 0.25183351206345306, 1.208416806229389, -2.8994318693343137, -0.000793879483130704]]
[[-0.7316975900110385, -0.2585979512066301, 0.21905508643479174, -0.011278301767749641, 0.008982519884292429, -0.02477597773141191]]	[[0.07302772101064872, -0.5709749943157841, 0.2517927808724716, 1.2083751976834427, -2.8994778375535115, -0.0008867401086921127]]
[[-0.37744871677398795, -0.4957147658895586, 0.16212964423187906, -0.011968396426011225, -0.0003908701701565726, -0.03042772832853005]]	[[0.07303322682062226, -0.570986206450804, 0.2517585237101328, 1.2084836908907413, -2.8994465944112915, -0.0009040858896646316]]
[[-0.8266964217037048, -0.12931703326072647, 0.021099949763881284, 0.00046233058830765167, 0.008214366020758923, -0.028582930178323473]]	[[0.07303698785902704, -0.5709909240675097, 0.25174453414601167, 1.2084299473645845, -2.8994147324124944, -0.000830673327149455]]
[[-0.503507314358195, -0.1206264451792986, 0.18724942117424567, 0.0058927394811724544, 0.004797837501212283, -0.03403225720854812]]	[[0.07302095462871237, -0.5709895295779984, 0.2517120984076989, 1.2084248060713807, -2.8994041889653768, -0.0008325070942985695]]
[[-0.6454871481860522, -0.42682214922575495, 0.21141946592586766, -0.004067653453578659, 0.011918970568235427, -0.02893442081260842]]	[[0.07303759941210301, -0.5709925070819272, 0.25168505449484635, 1.208430161804679, -2.8994153498613646, -0.0008491846649570528]]
[[-0.03397172036524769, 0.26237675605753247, 0.15698092156048862, 0.0024073638276221423, -0.00212914958314919, -0.032284410854418376]]	[[0.07302811232986643, -0.5710051931511987, 0.25168129896844776, 1.2083773501394657, -2.899434876980987, -0.0007352246601449146]]
[[-0.13260457208341542, -0.026366802614104547, 0.1988535221959582, -0.009097798382851466, 0.000966820460344949, -0.03132421005883416]]	[[0.07303536668838509, -0.5709848797227407, 0.2516551059448775, 1.2084048774156837, -2.8995028952789386, -0.000769391960521965]]
[[0.27144797228777773, 0.11396414840616399, 0.1707460628274977, -0.0034835190358037823, -0.010098845516151356, -0.03724434625662887]]	[[0.07302303744644441, -0.5709847747558102, 0.2516418370397658, 1.2083690550194386, -2.8994652338037983, -0.0007715069367588167]]
[[-0.029158658342083893, -0.2470149946532103, 0.30555088231193966, -0.004268407369594458, 0.0006986980861912718, -0.03585113092039595]]	[[0.07302318387974475, -0.5709884827516953, 0.25161067615122434, 1.2083994792955215, -2.899438962461619, -0.0007332871598859962]]
[[-0.23787140526955844, -0.3948291608472897, 0.30622269764100774, -0.0024878792972114956, 0.008778419375220274, -0.029308048874632564]]	[[0.07304232180526392, -0.5709980772252716, 0.25158397887307327, 1.2084031588584543, -2.8994501597153692, -0.0007144980784031965]]
[[-0.029258515145585973, -0.40266445984894156, 0.3336666394870762, -0.008602594045330326, 0.004503706134820988, -0.031966996865024896]]	[[0.07300871687240895, -0.5709912282671473, 0.25155757043196725, 1.208325230501664, -2.8994574151898416, -0.0007344393468133157]]
[[-0.14153552942194497, -0.30507719438319225, 0.09354570724317901, -0.0069436759247934465, 0.007541640119866868, -0.029214681393948016]]	[[0.07303693166588587, -0.5709835619676221, 0.2515254423898721, 1.2084388105691402, -2.899436056740947, -0.0007326404578419202]]
[[-0.10355276390129142, -0.08099869807788629, 0.3826232261390735, -0.007298342015647476, 0.0009154313990672818, -0.033711371121644865]]	[[0.07302808886468791, -0.5709875721059546, 0.25150331854111446, 1.2084180000290212, -2.89948378443034, -0.0006933346942907231]]
[[0.09079240213832326, 0.1659114050998727, 0.15007473318109582, -0.0034682038823121383, -0.004245909437528873, -0.034793499645409]]	[[0.07303544305355786, -0.5709828155805892, 0.2515017334890446, 1.208398207986482, -2.899437747231954, -0.0006204876192100193]]
[[-0.23680326109480326, -0.3240965981776889, 0.18595096193963304, -0.008338981535244202, 0.006885056591274479, -0.03316370823556477]]	[[0.07302975775464658, -0.5709832725474608, 0.25146678270443557, 1.2084036518019021, -2.899448976822503, -0.0006384022815945734]]
[[0.004281160422886787, -0.556729378393006, 0.2716735917773665, -0.008730162274953246, 0.0056246652082207315, -0.02389359544475768]]	[[0.07303325848387221, -0.5709735706361959, 0.25140315060433455, 1.2084219720509985, -2.899444143567197, -0.0007509428287687387]]
[[-0.10976723392164923, -0.3283299034458299, 0.2886314033814627, -0.007169258934450938, 0.011188605810707186, -0.029936734860614437]]	[[0.0730224683961213, -0.5709895885301647, 0.25139512824223004, 1.2084467302279789, -2.8994064000882918, -0.0006774274194356242]]
[[-0.27049956618900095, -0.0997244414244383, 0.36108919271482753, -0.0031623300659396275, 0.013192203250112434, -0.03283937858814256]]	[[0.07302909390505641, -0.5709814272865892, 0.2513754862698175, 1.2084039063367238, -2.8994496178882674, -0.0006564431937810845]]
[[0.308837403459169, -0.060758154329893, 0.19437284083230078, -0.006289567516894074, -0.0010878663852746818, -0.038022093541205004]]	[[0.07303211111871279, -0.5709980758136115, 0.25134704518928164, 1.208417237934523, -2.899482289408413, -0.0005798033282196492]]
[[-0.12903514436056016, -0.5591316684522731, 0.27959399704254534, -0.015947607166211814, 0.010878666142957044, -0.031288783072296135]]	[[0.0730449868701457, -0.5709856849125319, 0.2513301060430021, 1.2084553453439304, -2.8994272007873465, -0.0006015044124692584]]
[[0.2971730676596634, -0.06771567097085061, 0.3107029180646697, -0.0022110121303177675, -0.0006490163233846737, -0.030643359185088814]]	[[0.07303077906886862, -0.5709857548915495, 0.25131633219800953, 1.2084376882125247, -2.8994334246512707, -0.0005453713659141193]]
[[-0.39407934727994703, -0.8146646245518905, 0.20895172090006664, -0.0075570218007868385, 0.018467320832496997, -0.033297589458678896]]	[[0.07303351544820352, -0.5709964148899609, 0.2512872864542273, 1.2083456734663969, -2.899458155184749, -0.0005084365995091178]]
[[0.32481459475527513, 0.09248947140320944, 0.06500254656037079, 0.02086283624781083, 0.006371935181513671, -0.03756377428470754]]	[[0.07304699232023441, -0.5709976959341921, 0.25126550523640123, 1.2083938062091986, -2.899425725757954, -0.0005290618107047409]]
[[0.41603297293987573, -0.7771701467496753, -0.026146446778837262, 0.00180157346551145, 0.0033923394755575186, -0.02980092875779185]]	[[0.07304983585866096, -0.5709750838425038, 0.2512330154438822, 1.2085117819067945, -2.8994164509544103, -0.000545921502198367]]
[[-0.30128094358466345, -0.9757593290310351, 0.15811021207140538, -0.000556098760683855, 0.011813653293349595, -0.02851712020778697]]	[[0.07302348670313952, -0.5709938337091243, 0.2512206264484541, 1.2083824052721768, -2.8994959489074525, -0.0005091254289646182]]
[[0.023538757143046707, -0.39108261878137013, -0.0414253209628226, 0.009530612645934307, 0.003672299493001232, -0.0353281485894244]]	[[0.0730274240404256, -0.5709800323844016, 0.25117473553943936, 1.2083813285825162, -2.8994460564288875, -0.000605535708004267]]
[[0.052228938606417724, -0.4465781106764313, 0.006057985675571427, 0.009875793736326615, -0.0025475311136522777, -0.0391257218836801]]	[[0.0730304946967346, -0.5709743431168465, 0.25116646823250255, 1.2084175375590787, -2.899482467625799, -0.0005468096791430512]]
[[-0.38994283932450513, -0.6696455230325595, 0.07423444730356316, 0.0029845406239439377, 0.00882900997135048, -0.026786203138547418]]	[[0.073029952493492, -0.5709866807633945, 0.2511469416010451, 1.2084158526509032, -2.899429754862864, -0.0005116895729859746]]
[[-0.3588739578775114, -0.20865226374489604, 0.12480340059676048, 0.01447167170424725, 0.01307757535872308, -0.031074977915062425]]	[[0.0730127807765032, -0.5709719762804718, 0.25112387213785214, 1.208355963020618, -2.899482438207766, -0.0005663873923628523]]
[[-0.17262294594685598, -0.09323024219465498, 0.017475388790680398, 0.009152921897269288, 0.006401383796768169, -0.024902815303245795]]	[[0.07302325429072443, -0.5709843620999183, 0.2510970952175619, 1.20842037887428, -2.8994406334580605, -0.0004918911952616817]]
[[-0.2606975027891175, -0.3837174147732741, 0.0718754718914435, -0.004535298685560394, 0.0018758395632899956, -0.03226298279257077]]	[[0.07301054484760205, -0.570965994665539, 0.2510293141294006, 1.2083571528715769, -2.8994852967319846, -0.0006970768991697557]]
[[-0.07146093154857465, 0.24540040642930738, 0.07289257217524432, 0.0007691067358422381, -0.004894699009581173, -0.033676140465918526]]	[[0.07301823457480443, -0.5709673562917957, 0.2510457981864681, 1.2084085185430682, -2.899460525741953, -0.0005464404729144958]]
[[-0.09079874734236555, 0.1856300551718923, 0.2096592320200637, -0.0019103878707309877, -0.009181360467030763, -0.031527264517464626]]	[[0.07301102923307486, -0.5709672638965408, 0.251004437024579, 1.2084263205799577, -2.8994566379672833, -0.0006984889205529616]]
[[-0.13270399622835205, 0.3404484691082758, 0.046463274555203216, 0.0069769392566363456, -0.009468474034813833, -0.03204580376499098]]	[[0.07304303722838297, -0.5709601492349651, 0.2509877020389388, 1.208439057828418, -2.899436374418184, -0.0006251666258953206]]
[[-0.15278055172374877, 0.044066869016111135, 0.015946620996009898, 0.0021570022606821546, -0.00331399573509817, -0.03240453444379974]]	[[0.07301284135218515, -0.5709529224685097, 0.2509471636420225, 1.2084099712874472, -2.899463791673839, -0.0006985545523384106]]
[[0.25770012780119556, 0.11590580192091468, 0.016805707058172404, 0.004706950503183426, -0.005823161822158822, -0.034255071865711154]]	[[0.07300686464319392, -0.5709595183441653, 0.25093736547108975, 1.2083704818132728, -2.8994664480039503, -0.0006802873926536496]]
[[0.3548620151794205, -0.19107525170324424, 0.11538948757230295, -0.004443811643507559, -0.009062480352199764, -0.030310614868634598]]	[[0.07302908794497671, -0.5709581534057633, 0.2509210934131907, 1.208392216376497, -2.8994700393028423, -0.0006408926107066647]]
[[-0.15312363637306123, -0.027660549579801352, 0.10646336403484567, -0.0051320465237683684, -0.006798577668053171, -0.03164326202461593]]	[[0.07303094532313593, -0.5709475372061509, 0.25088810594888006, 1.2084570543396052, -2.8994306192313273, -0.0006790455113389167]]
[[-0.07582458846100665, 0.4404433554530489, 0.14405955043706845, 0.011286697170626268, -0.0048022337731547515, -0.03605790430762821]]	[[0.07302733582392858, -0.5709413070003092, 0.25085346216945276, 1.2085051823086395, -2.8993999217893225, -0.000774535213064657]]
[[-0.05422631638348549, -0.3557247609801927, 0.2675184572724926, -0.006109867139804763, -0.0014696386008979218, -0.025998821865905873]]	[[0.07303469380851733, -0.5709377678135776, 0.25081589978767604, 1.2084763693223366, -2.8994262642889472, -0.0008308825646787691]]
[[0.06389757401777317, 0.0026198091458414126, 0.13907710046491292, 0.0010718620519224516, 0.0024172901134761446, -0.027018928570499198]]	[[0.07302450001784418, -0.5709438027899428, 0.2508183831746519, 1.2084394127548033, -2.899387934548227, -0.0007373277934449068]]
[[-0.25399232930645044, -0.12284274241533598, 0.09771134648974183, 0.0015339035676581701, 0.011670709888230013, -0.027322724344370074]]	[[0.07300995493490633, -0.5709415327886682, 0.25078097589725545, 1.2084157811460419, -2.8994777047906766, -0.0007902271406522956]]
[[0.3733629121746087, 0.45179790928184976, 0.2502062121566161, 0.007739295842228888, -0.006906220635929084, -0.03352855120783983]]	[[0.07301448713983104, -0.5709225831669014, 0.2507379405292094, 1.208459402905241, -2.8994358167602723, -0.000923503537816749]]
[[-0.2526635260492261, 0.020168298907558307, 0.4087288049060261, -0.006273463857979942, 0.004176035664887186, -0.035056511886458766]]	[[0.07300457315405844, -0.5709342268083218, 0.2506931120168374, 1.208425077518832, -2.8994511463218484, -0.0009612092328632614]]
[[-0.4316059902900199, -0.027094835109584325, 0.2255942363134146, -0.015141851565452474, 0.00552443407488585, -0.02667038652883761]]	[[0.07301049632075246, -0.5709309110973991, 0.25069591288193716, 1.208476380588345, -2.899428106033231, -0.0008846744114363333]]
[[-0.45005414117980114, -0.17775457159814295, 0.21135930723952895, -0.022078409618583383, 0.006659589499265313, -0.027798453281123743]]	[[0.07300971293283316, -0.5709287915798774, 0.2506661542743612, 1.2084247400515178, -2.8994501860862574, -0.0009033688536104208]]
[[-0.20233167457393117, 0.19559777684795843, 0.3891110093760736, -0.006058805306812429, 0.004215101518296457, -0.02951154760553213]]	[[0.07302602353426965, -0.5709178143191823, 0.25063609194499986, 1.2084732756232246, -2.8994184238177305, -0.0009594436192033056]]
[[0.2652418799210374, 0.006385308182067895, 0.13302372361656825, -0.004881405056609222, -0.0026648397546409222, -0.03535813677721691]]	[[0.07300730750086214, -0.5709291534315519, 0.25060601818454625, 1.2084502956714944, -2.899416060923347, -0.000997961230005165]]
[[0.12173687287548066, -0.2468451312263527, 0.3325885110183765, -0.007192909995154052, 0.0022977856233957145, -0.034534938028633826]]	[[0.07301284451440743, -0.5709248082913734, 0.25058181835425275, 1.208416211455397, -2.8994295648961197, -0.0009597632171883775]]
[[0.09865143134680182, -0.18713199948137788, 0.28723198036568176, -0.0022864132138108433, 0.003229875534213191, -0.031346745668039876]]	[[0.07301831506690887, -0.5709188653984603, 0.25054266561551136, 1.2084265996449548, -2.8995055828014835, -0.001032677676219455]]
[[-0.21365570518510296, -0.03984411929280966, 0.24152355947055656, 0.0007287167685404371, 0.0036038109350944505, -0.03739871671390256]]	[[0.0730148826836258, -0.5709198690347149, 0.2505477763520904, 1.2084119038401324, -2.8994699811266202, -0.0009205635435799132]]
[[-0.19236701920321728, -0.07483045990609283, 0.25679270816464694, -0.004041900892123319, -0.001007230438901338, -0.030375826719304607]]	[[0.07301293914906253, -0.5709025112967965, 0.2504965033073032, 1.2084562638903025, -2.899427930763072, -0.0010347312750084005]]
[[-0.4897664741667792, -0.4034176041792295, 0.2016934780637733, -0.011603821974602756, 0.00728512940730278, -0.025254768996304102]]	[[0.07298936871091301, -0.5709191146597206, 0.2504718167281291, 1.2083303371997085, -2.899466746241795, -0.0009960417441327424]]
[[-0.28258579007452195, -0.055021675265359615, 0.20086017695707176, -0.005097071341447784, 0.008373154260730485, -0.027187690536308044]]	[[0.07302476103982487, -0.5709176177658198, 0.2504575031906438, 1.208469141427425, -2.8994085777233685, -0.0009786269639546668]]
[[-0.117407867674791, -0.25034111420467053, 0.1881757994735516, -0.007555701811802106, -0.000868908014686135, -0.03765966258111474]]	[[0.07300297903404364, -0.5709173038458627, 0.2504353085099906, 1.2083993776110091, -2.899437742336254, -0.0009764767077305084]]
[[-0.5530563206040574, -0.23157708966855015, 0.17667818993186177, -0.004051663724261313, 0.010036149122689282, -0.028993629211127296]]	[[0.07302635159151157, -0.5709114538874789, 0.25042120340144286, 1.208482674606284, -2.899441136139547, -0.0009189392311842614]]
[[0.0824482158656602, -0.30875062614063575, 0.26119716866631815, -0.008882889581423676, -0.0030176009549421866, -0.03306969882140311]]	[[0.0730031614082933, -0.5709074890177607, 0.2503885545467975, 1.2083793879897717, -2.899487210995695, -0.0010502069390022552]]
[[-0.05659963289090701, 0.004533448848747033, -0.10004387775796136, -0.0051095308114355404, -0.00484565710709825, -0.03611383388818366]]	[[0.07300977938290754, -0.5709095273677726, 0.2503714922775818, 1.2084430888057218, -2.8994453117586736, -0.0009574623492870047]]
[[-0.1940117223041521, 0.16645306229266316, 0.1771137900695864, -0.003395747087979924, -0.0013287489591946552, -0.036778029023883684]]	[[0.07300870518308403, -0.570897741191654, 0.25033652194822287, 1.208412181882517, -2.8994212647425877, -0.0010326244270622712]]
[[-0.49714341037038356, -0.09471023505045237, 0.2659040173588488, -0.011655950564476894, 0.0070110168791990305, -0.026671328114095127]]	[[0.07301063289756056, -0.5708994555442168, 0.25030363241672554, 1.208451886883471, -2.8994174062955342, -0.0010138632865603322]]
[[-0.5502860804975385, -0.031012096906957054, 0.225592997768515, -0.016006412327935468, 0.000883876117238943, -0.03198903389896379]]	[[0.07300387740430982, -0.5709105716394157, 0.25030713811492616, 1.2083849967727354, -2.899404830250433, -0.0009380285537878853]]
[[-0.49752918993035794, -0.16213186975789246, 0.22422847198962845, -0.021235523981869474, -0.0015160812586482112, -0.025804521304976267]]	[[0.07300486606816708, -0.570906390523769, 0.2502748472101207, 1.2083596272603139, -2.8994413862139137, -0.0009365121614195815]]
[[-0.8362973539846921, 0.1458804788508118, 0.3517778607439885, -0.008494507214624428, 0.008079427780284303, -0.028077985462544804]]	[[0.07299714093614551, -0.5708946220835139, 0.25024062664843433, 1.2084091568086064, -2.8994609229256367, -0.0009912042129816977]]
[[-0.27305889795974736, 0.16038952183756336, 0.32114165437092473, -0.0011078443380654007, -0.002598941006821452, -0.03330912463909134]]	[[0.07299650814787098, -0.5708928187603344, 0.2502347263113441, 1.20840849201959, -2.899459213512873, -0.0008975403929803815]]
[[-0.38379887147016495, -0.4268501686580153, 0.49858850001998894, -0.01380954683931515, 0.009290526460940668, -0.027693179295423528]]	[[0.07301137815027206, -0.5709012159093185, 0.250197129586872, 1.2084685724293835, -2.899408851084117, -0.0009140034031323471]]
[[-0.4335667047428932, -0.494359147062731, 0.193694196892244, -0.017206791284266294, 0.002281907438011161, -0.02197624880087076]]	[[0.07299640035292912, -0.5708924076165679, 0.2501875822551306, 1.2084081251002565, -2.8994583212951466, -0.0008377380471740384]]
[[-0.20064810236125863, -0.1274042794499528, 0.2928669130999464, -0.008292218410985468, 0.00034062341787471917, -0.03895684430919433]]	[[0.07299606141179682, -0.5708949051090367, 0.25014818538062294, 1.2084213121850376, -2.8994413526133522, -0.0008953249946388152]]
[[-0.23047130170827002, 0.24443619864653113, 0.3096060332228472, -0.0017584879105670696, -0.002246481619732767, -0.03562042995113417]]	[[0.07301906904069927, -0.5708984026664444, 0.250121422457943, 1.2085073906246815, -2.899404716154646, -0.0008548936988264604]]
[[-0.11217771422843169, -0.2703362894922888, 0.23965541776966837, -0.011932425675945931, 0.001230770118868612, -0.028465379247772395]]	[[0.07302662077729292, -0.5708994278652213, 0.2501297922647726, 1.2085072238833003, -2.899402338316918, -0.0007444785089180313]]
[[-0.18707067468847693, -0.292636697776114, 0.2169272962357882, -0.007057871671469192, 0.008055753284308409, -0.028075382663968175]]	[[0.07301658093360891, -0.5708916318340214, 0.25007402047940985, 1.2084215492858177, -2.899439971688416, -0.0008189312499814283]]
[[0.11265465570752389, -0.0683001488028123, 0.09870077677264004, 0.0010703019454085818, 0.005840695801287554, -0.026099346225379242]]	[[0.07301566633628254, -0.5709089836489637, 0.2500541104432817, 1.2084548408328073, -2.899424911061974, -0.0007614002125542293]]
[[-0.05709427557044879, -0.0868005203215596, 0.20134536349511956, -0.0011948227084593406, 0.007290833299871133, -0.02410388192536517]]	[[0.07300133438508813, -0.5708982892381566, 0.2500356022943039, 1.2083824853002072, -2.899494564853094, -0.000741451878095546]]
[[0.012840630526930087, 0.03623130142448694, 0.2156798727390029, -0.006307127576780413, 0.0008096776785898202, -0.029307258562931773]]	[[0.07302009373150925, -0.5708974890603821, 0.2500018395344275, 1.2084601520071947, -2.899435527022678, -0.0007431764012567219]]
[[-0.5385864205901825, -0.08657078977796487, 0.17338253592050423, -0.006369389254624422, 0.015641861051475907, -0.02629053926466976]]	[[0.07301652919330104, -0.5708972757486959, 0.24998266243773554, 1.20847310924808, -2.899468774420255, -0.0006852515667246133]]
[[0.3559731812358802, -0.15388486718298977, 0.1446753782587092, -0.004930630044421548, -0.001363840715699242, -0.03391842926081456]]	[[0.07301369971018819, -0.5709068699624621, 0.2499752248243101, 1.208449467668178, -2.899411855821811, -0.0006324922780708292]]
[[0.2323509796644666, 0.037582925182048935, 0.17401592940266417, 0.004920208934631481, -0.002414619057083179, -0.03381842023731478]]	[[0.07301027811467836, -0.570906441800899, 0.2499477884992749, 1.208445956554997, -2.89945233624677, -0.000613603005591027]]
[[-0.5251213829020231, -0.22365538279253583, 0.2844934561838057, 0.005365598191329328, 0.01456037719746233, -0.026501435476681053]]	[[0.07301569574896773, -0.5709053571498585, 0.24992875352290536, 1.2084066923631744, -2.899455388439129, -0.0006151539478520817]]
[[0.08916601935741142, -0.3808298825857162, 0.14258791296342213, 0.005027721841260368, 0.006840596218026475, -0.03435148677493959]]	[[0.07301517373564916, -0.5709072932097453, 0.24991233919247313, 1.2084018633616227, -2.8994437612135666, -0.0005783332676871062]]
[[-0.20509287278829758, -0.6913217085828175, -0.03206231477001165, -0.0023375034408661217, 0.014161104108022439, -0.031871391195303994]]	[[0.07301101591391913, -0.5708960852442186, 0.24988485592089835, 1.2084537329895093, -2.8994218997363204, -0.0005584059118205497]]
[[-0.10676413960944425, -0.5904149703363294, 0.03438007441104812, 0.0018675014529910758, 0.010221274254202316, -0.022989610690695335]]	[[0.07300832541511708, -0.5709046303221538, 0.24984693389556445, 1.2084062820680566, -2.899456396357512, -0.0006334793327399305]]
[[0.028439707855752103, -0.24235485923467154, -0.07684562492423201, 0.004883901119544792, 0.0081637215744279, -0.025280213093161655]]	[[0.07302035253564358, -0.570897795194353, 0.2498452802017737, 1.2084590177271681, -2.8994328317280917, -0.0005593683282232024]]
[[-0.10258038763565255, -0.3726043863048606, 0.0954023065819588, 0.00020273456022933773, 0.006343997680830504, -0.034813877817626016]]	[[0.07300962684744798, -0.5708956979689935, 0.24980501334724403, 1.2083977562828203, -2.899433605236988, -0.0005990310770757964]]
[[-0.3610106236950365, -0.5478445625993971, 0.12497898405625953, -0.005019052402915673, 0.011738856037118174, -0.0223231245862829]]	[[0.07297800200213132, -0.5709132781832282, 0.2497643148409341, 1.2083542837712444, -2.8994269082580515, -0.0006376102678544299]]
[[0.10746009769279134, 0.0439230436721487, -0.07707795950249768, 0.009590861150492546, 0.000888944659941323, -0.03122169771394203]]	[[0.07299531986082171, -0.5708989980484103, 0.24976476462335068, 1.2083246859035697, -2.8994530048617535, -0.0006756078778827939]]
[[-0.146768558966521, -0.4934533125571199, -0.03742932959169366, -0.006216699814875145, 0.008044116026002832, -0.02956414113313103]]	[[0.0729901517334846, -0.5709041645026683, 0.24973457691274215, 1.2083761125302248, -2.899430506733899, -0.0006192938260946266]]
[[-0.05152904388162846, -0.01878740468317624, 0.12227910699684526, 0.0002776885122220253, -0.001784787428000235, -0.028491513085843592]]	[[0.0730183475640564, -0.5708991977149588, 0.24969200350983778, 1.208451400162613, -2.899414691678563, -0.0007311239353201141]]
[[-0.07042774565177382, -0.051434257235603326, 0.07063921827169274, -0.0024911426540775985, 0.00018419763485639693, -0.03558789216830112]]	[[0.07301515986841607, -0.5708965756769464, 0.24968643657945339, 1.2085025024910931, -2.899444048195897, -0.0006338617908121163]]
[[-0.3520308049134482, -0.07900561496305386, 0.03603497556540019, -0.004453031412292678, 0.0025867266495719875, -0.032479924031869445]]	[[0.0730091267680388, -0.5708968740136113, 0.24966648687961807, 1.2083945061872172, -2.8994239821254477, -0.0006552783260196955]]
[[-0.631173272865911, -0.054084781949042315, 0.1758051712221735, -0.0069380401567342865, 0.007057698611814313, -0.024683883457631277]]	[[0.07300604670457016, -0.5708983144708225, 0.24961788870533114, 1.2084943830169033, -2.899422589096513, -0.0007107254236053193]]
[[-0.5361521735295462, -0.2795576607195907, 0.1358636284671511, -0.010551252686597637, 0.0029543664642903747, -0.025138197423863102]]	[[0.07300664046288471, -0.5708876137393967, 0.24960254427153156, 1.2084160084522428, -2.899430758656519, -0.000768245107212637]]
[[-0.8301296728589879, -0.0076731638665760715, 0.1596945095628535, 0.0026245643336985816, 0.010163207220491681, -0.025946159679386002]]	[[0.07300648935974954, -0.5709054658628023, 0.24960002285526128, 1.2083819241537728, -2.8994428479343237, -0.0006727149402575131]]
[[-0.4357375915490924, -0.3713306544816448, 0.19156918269090592, -0.011078921506156065, 0.003078943097720805, -0.03414164934035423]]	[[0.07300347342912447, -0.5708870892140666, 0.24956581234536174, 1.2084131846293773, -2.8994709561336345, -0.0007472033866064586]]
[[0.2800363250777266, 0.02960611993359613, -0.06973366562640068, -0.0024263526520475207, -0.013245100835591448, -0.03154519765277446]]	[[0.07302611890077858, -0.5709000267604183, 0.24951143463547112, 1.2084523453612364, -2.8994172516204313, -0.0008244502545030453]]
[[0.004701591638840624, -0.18600745998988322, 0.06286336987398976, -0.009344279497128941, -0.003312247538232364, -0.024019685323592107]]	[[0.07305518229724547, -0.5708911182767871, 0.24949567586708882, 1.208604374864628, -2.899392787728812, -0.0008025689671844655]]
[[-0.4800437091827701, -0.409553199743608, 0.10208640690799664, -0.01212068334276478, 0.006242551240765195, -0.02611738333808686]]	[[0.07302082814375352, -0.5709048802068584, 0.24946459329619244, 1.208452903782026, -2.899416791509067, -0.0008029263376659535]]
[[-0.21087413466845092, -0.11110937271260493, 0.07407113396069259, -0.0027447275291528368, 0.000965913781457186, -0.03429634038057177]]	[[0.07302985639280005, -0.5708942525936428, 0.24942465665567734, 1.2084489307712778, -2.8994069930846202, -0.0008602099975889169]]
[[-0.23759299580397525, 0.020908864448702283, -0.0387635482535046, -0.0021263983146255203, 0.0036694245451988714, -0.030054396327286466]]	[[0.07301428295162482, -0.570900389847078, 0.24940525995078006, 1.2083919326296813, -2.899469176635588, -0.0008404207249311663]]
[[-0.09315714984655313, -0.0743822841553657, 0.27624217411596497, 0.0009141157095758135, 0.0017997584181388524, -0.02347037351482347]]	[[0.07303109103653334, -0.5708941459925784, 0.24937315872648386, 1.2085395767871892, -2.899383254843126, -0.000898905562040095]]
[[0.37131078373663695, -0.43625184719463933, 0.07281958209733935, -0.008786569955144178, 0.0015843331884820046, -0.030512130055311195]]	[[0.07302696942695472, -0.5709020934687844, 0.24935472912088447, 1.2084524065947821, -2.899417602122145, -0.0008041997624086887]]
[[-0.061476546151535305, 0.10839089343087599, 0.14367808226197396, 0.008756061124874131, 0.008844158615762623, -0.02721765421182367]]	[[0.07301984835513035, -0.5708987236538007, 0.2493403686437224, 1.2084924246769897, -2.8994143295873207, -0.000821940550382476]]
[[0.17818336761704962, 0.009561091880888689, 0.25667785361945583, 0.002117572953272877, -0.0026201304332525133, -0.0358093249673002]]	[[0.07301100901863068, -0.5708949541994061, 0.2493002686060831, 1.2084407057874293, -2.8994381621917316, -0.0009168974621156428]]
[[-0.1064529680237417, -0.24553202548441927, 0.2724500585366881, -0.00994065660099106, -0.0006836657761185982, -0.031065257300254587]]	[[0.0730327740860137, -0.5708917742449614, 0.2492654065582663, 1.2084979808797824, -2.8994277556838384, -0.0009341395125983028]]
[[0.10980362280277703, 0.2589354136821396, 0.11731508352240588, -0.0030726907684695357, -0.008608510378922758, -0.031151317186441572]]	[[0.0730371085156382, -0.570897784731951, 0.24925432320715585, 1.2084965674701187, -2.8993755094172617, -0.0008792129639014028]]
[[-0.103049098113946, -0.005804234666439895, 0.22217970669643866, -0.008374234703549545, -0.0024780587917989268, -0.028515582468650574]]	[[0.07300933902875936, -0.5709128477485313, 0.24922781818710954, 1.2084529287860701, -2.899419256005083, -0.0008603329866690047]]
[[-0.08580168793744375, 0.07227558525669259, 0.13858186630350375, 0.004024442689216962, 0.0062690966468010685, -0.03180433938536004]]	[[0.07303086211424946, -0.5709021284364624, 0.24919225326094419, 1.2084507238192774, -2.8994608031866833, -0.0009141167457704394]]
[[0.566342802534556, 0.4586491271687322, 0.053416326788736014, 0.008677975093379066, -0.008518318663921935, -0.035687028830846956]]	[[0.07303180468324379, -0.5708924707013402, 0.24915219353175477, 1.2084938724622676, -2.8994179713747465, -0.0009727083202812548]]
[[0.07424292503668646, -0.01221977503306778, 0.02404669163561899, -0.006703903818632482, -0.0007447719404287622, -0.026712156728565358]]	[[0.07301996442891506, -0.5708956095143162, 0.2491297942525285, 1.2084986639449946, -2.8994296457731386, -0.0010075771834649127]]
[[-0.11385932452636517, 0.0372713008113922, 0.03746294063534127, -0.009290068168793558, -0.00038700523672448826, -0.025412585084596116]]	[[0.07302635668256015, -0.5708935964026507, 0.24910123123503874, 1.2084814407915896, -2.8994369876916357, -0.0010085879951281542]]
[[-0.041189629479524564, 0.39539921398650135, 0.19645177506115408, 0.0012365098156061584, -0.008443858458467419, -0.03818480140269748]]	[[0.07303331907443385, -0.5708895974854685, 0.24908807851756326, 1.2085035005002707, -2.899441265566091, -0.0010067309855103976]]
[[0.15950815323333797, -0.11706544554411358, 0.010202675819487136, -0.011360124904155132, -0.008697663020547433, -0.032198536604474234]]	[[0.07304002473262017, -0.5708953117155879, 0.24906081480270503, 1.208476606602416, -2.8994254114807285, -0.000968937631943724]]
[[-0.0661259485983371, 0.05793395011232121, 0.08741567691301011, -0.0076101130098636775, 0.002496381791051503, -0.033427810667545174]]	[[0.0730295140191849, -0.57089639813114, 0.24903207323166215, 1.2084457219366356, -2.89939974176594, -0.0009718827205118369]]
[[-0.1980285832933782, -0.007928797621006275, -0.10379568652302623, -0.002311080840456089, 0.005927301240787924, -0.0326140084751562]]	[[0.0730465297517786, -0.5709003722537491, 0.2490155078386733, 1.208519363911847, -2.8993820350815858, -0.0009719258466082198]]
[[0.03757171765279739, -0.24083164817448172, 0.12727809699102235, -0.007255079876453007, 0.0017352660711442936, -0.033343526206230156]]	[[0.07303052758675764, -0.5708923150419625, 0.24897617183580406, 1.2084553655882082, -2.8994230407609884, -0.0010262298936684236]]
[[-0.21033487105605658, -0.0008999978651690194, -0.018421016957940396, -0.004377518410141041, 0.0028711653222323035, -0.038735311525780566]]	[[0.07305000622254006, -0.5709028427706105, 0.24895125046519465, 1.2085106759304034, -2.8994121345436366, -0.0009865017489451191]]
[[-0.3087844589763301, 0.1664193390678, 0.0021570862730757134, -0.002231596748939548, 0.003308493720159373, -0.022614600412427948]]	[[0.07302422366486004, -0.5709046903840038, 0.2489056118610072, 1.2085105427682257, -2.899362871018709, -0.001083455639676161]]
[[0.14698074108432232, 0.18721138754809397, 0.02442315443634803, -0.00010548615657427363, -0.011818109841566695, -0.034951951283384436]]	[[0.07301687523040884, -0.5709074410361451, 0.24888949973108324, 1.2084192952617865, -2.8993872301993933, -0.0010454983494057608]]
[[-0.025228111241947654, 0.2965507342699456, -0.054439588686970034, 0.007382364088231159, -0.002370423529804618, -0.03087257816388203]]	[[0.07303277281779365, -0.5709016751172762, 0.24883519396749737, 1.2085208610691873, -2.899385913856454, -0.0011362003937958997]]
[[-0.3747072165973182, -0.45419417185553385, 0.17215349064132793, -0.008019878788077766, 0.007616897700290662, -0.028587049890371353]]	[[0.07303089759974714, -0.5709122516630387, 0.24884694237659008, 1.2084724669467557, -2.899416075627131, -0.001004878164820974]]
[[-0.14912243201894934, 0.18343468609509128, -0.0966242474063093, 0.008994797200531875, 0.00018236711993971453, -0.03002493536072998]]	[[0.07304804785617448, -0.5709131715839472, 0.2488176369445364, 1.2085161250081105, -2.899423777687404, -0.0010013069910931466]]
[[-0.08853098330823933, 0.10102282452263983, 0.09594090043853733, 0.005803304386054119, -0.008350730621069552, -0.03855181831501325]]	[[0.0730407509324894, -0.5709194610461811, 0.24878916156181483, 1.208524141411244, -2.899394335178254, -0.0009825994332418597]]
[[-0.21713639678014993, -0.25767669533218956, 0.06569600179306391, -0.00579280279166622, -0.0005607482069625112, -0.030865540438264647]]	[[0.07304384881434302, -0.5709018019809146, 0.24876305481726352, 1.2084980676686972, -2.8994307718159495, -0.0009617076244433388]]
[[0.1560223866542953, 0.0161660331941431, 0.09726055787690191, 0.00024295296578855357, -0.0037670010935455145, -0.03649283321012894]]	[[0.073032222344338, -0.5709122361141573, 0.24874110439703437, 1.208476861764708, -2.8994267962699585, -0.0009621364222108003]]
[[-0.00825369128054914, 0.08905562281016705, 0.10027568191550058, 0.0021626078773653123, -0.003344027332619228, -0.03007280674386001]]	[[0.07304544242225577, -0.5709128103661505, 0.24870075100024297, 1.2085070399616495, -2.8994018998464575, -0.000980973537754574]]
[[-0.22829144223732234, -0.17273437106400058, 0.1919511958546285, -0.002820864420476952, 0.0007570111433082328, -0.030058396469039746]]	[[0.07306542388016224, -0.5709131413202531, 0.2486774363443922, 1.2085707862336477, -2.899362130395339, -0.0009632297205478745]]
[[0.16995833966735996, -0.2712907245631355, 0.18220459414727555, -0.0023256543838837693, -0.003204022217104357, -0.031549565679024665]]	[[0.07305914907434158, -0.5709119946008557, 0.24863971172785249, 1.2085228742520346, -2.8993951966996234, -0.0009620457456496444]]
[[-0.28833486587018015, -0.45225038352258407, 0.378884772446298, 0.0006240640940442252, -0.011356620867239577, -0.02320294205169771]]	[[0.07306227971991046, -0.5709101055971022, 0.2485889491101096, 1.2085727626965272, -2.899415954016966, -0.0010546012751389891]]
[[-0.5640920922174265, -0.41755565872489836, 0.32792659422420856, -0.00471970315381476, -0.0073726462974665705, -0.026485972898915203]]	[[0.07305183786260248, -0.5709182654449086, 0.2485778742253804, 1.208496800104325, -2.8993813708194915, -0.0010008658819886677]]
[[-0.7422671288794591, -0.370193124305778, 0.5102500213662777, -0.006543153310638041, 1.3906593408785379e-05, -0.024410688604638346]]	[[0.07303755893700119, -0.570918111719018, 0.24857225234495228, 1.2084615654136877, -2.8993940580422963, -0.0009061820646365748]]
[[0.05117334868116495, 0.03919869794272845, 0.30832379415041417, -0.0031227656692026065, -0.004199978058330519, -0.036327270838015194]]	[[0.0730479011157284, -0.5709198975104101, 0.24854266899131755, 1.2084879559832065, -2.899408997578843, -0.000904204597834078]]
[[-0.23573168150756696, 0.018151663258576645, 0.45606372825640434, -0.00666385956806932, 0.0018841931186617026, -0.029564600031102006]]	[[0.0730615367055261, -0.5709148281306365, 0.24849522844824817, 1.2084930439519501, -2.899421291716134, -0.0009621418830729433]]
[[0.0480972378041391, 0.15316309916236867, 0.32203479038913896, -0.0041468520423968164, -0.0031298366128762727, -0.03205662407957453]]	[[0.07304586300940012, -0.570921087138891, 0.24849659493497428, 1.2084963141477927, -2.8993782955562857, -0.0008292512148974947]]
[[-0.14559584680908544, -0.5504209128478276, 0.41636061035945865, -0.010781673013381139, 0.00026842146279704594, -0.03400930549698214]]	[[0.07303766466849473, -0.57091829868637, 0.24845921037724122, 1.2085145546742155, -2.899373402578435, -0.0009445280941759885]]
[[-0.1387366005575722, -0.6228176740242316, 0.47619767756411047, -0.003888575316873875, 0.0043002335732020116, -0.03203191588590204]]	[[0.07308982209944294, -0.5709323578938857, 0.2484364287906084, 1.2086144116405793, -2.8993684903522583, -0.0008484484394476794]]
[[-0.2705545216375972, -0.5406329092191914, 0.4029189622999891, 0.0024319339011748976, 0.011689047873332454, -0.032212856650570824]]	[[0.07302837108434086, -0.5709247057508108, 0.2484051136107678, 1.2084886989687835, -2.8994090383472595, -0.0008864150729547704]]
[[-0.15430474195980995, -0.40732946048861207, 0.3851279845100212, -0.006366905295564775, 0.010122414506811242, -0.025412742215631598]]	[[0.07306157198752378, -0.5709214537917648, 0.2483953163121328, 1.2085009982322692, -2.8993897974629217, -0.0008303782190948285]]
[[0.12754245288982513, -0.13470605829723933, 0.2642910988475662, -0.00877594911150077, 0.010417851626351374, -0.03142295069167453]]	[[0.07305527704932294, -0.5709270667704042, 0.24835891470554966, 1.2084958991939387, -2.899379611102943, -0.0008501678463977078]]
[[0.13488476018862794, -0.06708295796399284, 0.24761406610389997, -0.004321879588985396, 0.01136629375167592, -0.027974837597385685]]	[[0.07304736797272678, -0.5709304848259501, 0.24832947706345848, 1.2084629702972909, -2.8994450964823777, -0.000846886377086437]]
[[0.3367073143439182, 0.04496860218265866, 0.23843756149986398, 0.005028668763151011, 0.0015637687980164727, -0.03127282190514295]]	[[0.07304169298402381, -0.570935633235201, 0.2483072867902969, 1.2084357885750177, -2.899379530352724, -0.000871214323166166]]
[[0.12052310147719968, -0.29363315395530387, 0.21444724639436727, 0.0027644176958704194, 0.0012172559191577256, -0.032651735723554696]]	[[0.07302848822188762, -0.5709350664404497, 0.24828762879447305, 1.2084578163519928, -2.8993837711877517, -0.0008884920899297815]]
[[0.03191476893038851, -0.21010982044126741, 0.121271366494822, 0.004918050077470771, 0.0052763976197487674, -0.02594660911302869]]	[[0.07306190708909899, -0.5709188555673453, 0.24827889313838808, 1.2085751566473932, -2.899373226040427, -0.0008668074539883106]]
[[0.02176595521012384, -0.4423310005250204, 0.10211781543585212, -0.008755329847852229, 0.006336984735539616, -0.028698573583968212]]	[[0.07305095062629116, -0.5709377809245111, 0.24825747513065288, 1.208508785826958, -2.8993601785715994, -0.0007739468812101273]]
[[0.14381366576764815, -0.05772682287059611, -0.09395297502025075, -0.005746005479699854, 0.003029664973603614, -0.030594816451786983]]	[[0.07305741858135072, -0.5709327125253739, 0.24821229754077492, 1.208514583508848, -2.899374203005678, -0.0009255507790006998]]
[[-0.035156933900950135, 0.27090421204401677, 0.18703243414606047, -0.0004175730209771216, 0.0025617890380421615, -0.03072248151249624]]	[[0.07305121876575586, -0.5709318090827739, 0.24817619586171355, 1.2085022026938994, -2.8993932688667607, -0.0009619891996684159]]
[[-0.19467689070346356, -0.028733878589129846, 0.1727991983143232, -0.005063658925154192, 0.002432242337491149, -0.0291783137959628]]	[[0.07305291492565233, -0.5709362854854161, 0.24818100698554726, 1.208467020362445, -2.8994062650704, -0.0008869419875568677]]
[[-0.15759133841266207, 0.20859789518122762, 0.08442929662861903, 0.0038166942079201705, -0.003621945628075179, -0.028595740336890062]]	[[0.0730535075507907, -0.5709344338205222, 0.24814328485203938, 1.208453671719583, -2.899424931496922, -0.0008861320277508773]]
[[-0.35795497201237864, -0.20765775341379017, 0.17677112996613564, -0.005097437142613564, 0.0052773148152753385, -0.028058346410244104]]	[[0.0730660269657555, -0.5709263743145422, 0.24813444475721302, 1.208527569107807, -2.8994074936058087, -0.0009034850704657788]]
[[-0.2558678506080859, -0.318270061941638, 0.0715071473857612, -0.006652885672028985, 0.004247436506767878, -0.030492453981672437]]	[[0.073068898594862, -0.5709285034878434, 0.24811054975948532, 1.2086137373065817, -2.8993200448436114, -0.0009044338449546505]]
[[0.10711138356725002, -0.00013765880357725913, 0.08665937177955461, 0.0015348764933532932, -0.0025501322752060768, -0.031698914800087824]]	[[0.07306335535275646, -0.570945071452233, 0.24807437875191313, 1.2085364632164641, -2.8993786338461525, -0.0009231349806044694]]
[[-0.33929527445395796, -0.03771895416763857, 0.11049170043523386, -9.484043294499854e-05, 0.00522714043273703, -0.03157910526005287]]	[[0.07306349355212717, -0.5709352603342743, 0.24806135964583798, 1.2085151352373293, -2.8994267588897937, -0.0009407580987492766]]
[[-0.24128323391810744, -0.4904101417262689, 0.09617814317365402, -0.004738139320375271, 0.0019351545318944585, -0.02452371485330767]]	[[0.07304708629012156, -0.5709395916770059, 0.24804359387905028, 1.2084663494476857, -2.8994068178148766, -0.0008663300455162173]]
[[-0.598764258730081, -0.44780539017961474, 0.23321694357709338, 0.001156966523245836, 0.004860524270165409, -0.025316432341518386]]	[[0.07305716532892566, -0.5709351680113307, 0.24801285812141177, 1.2084921637983606, -2.899371224055085, -0.0009053326660208945]]
[[-0.1721100106182758, -0.4322679946536225, -0.04222335962534074, -0.004102984570803688, -0.004950475591688329, -0.025281330139434496]]	[[0.07304630634828609, -0.5709408549742586, 0.24800986796200664, 1.208497088024422, -2.899381274385492, -0.0008667519006253032]]
[[-0.19621150077203492, -0.15161720333967957, -0.008513597056432216, 0.011081952161716912, 0.002924459906390884, -0.02645697180947985]]	[[0.07306700863734675, -0.5709322816288835, 0.24795315703104337, 1.2085238962270544, -2.8993990332810435, -0.0009962129995439383]]
[[0.2555557894353136, -0.1361094244367812, 0.026366881746429306, 0.01279824191349524, -0.0020371677713856423, -0.035852064337058356]]	[[0.0730613270966082, -0.570939503696525, 0.24793482507266063, 1.2085542868358652, -2.8993727578411694, -0.0009601549984187335]]
[[-0.43877632131940225, -0.5957921491960451, -0.05796511346116827, -0.0010397558551198914, 0.01653250972519834, -0.02659355290062309]]	[[0.07305475442717715, -0.5709409287254547, 0.24792549908501374, 1.20853657999552, -2.899378930745661, -0.0009018639316112802]]
[[0.06861486450734931, -0.13168368843873254, 0.06311532485741936, 0.0046469923625326835, -0.0013030124613175815, -0.03395961633250729]]	[[0.07306789315357393, -0.5709344838320921, 0.2479090410839369, 1.2085065097282297, -2.899404080279626, -0.0008840101368515776]]
[[-0.19020518691821, -0.17520815293635666, -0.06652686341306814, -0.008166893751393315, -0.0037403177518394544, -0.030724681300365906]]	[[0.07306485386166045, -0.5709298396918105, 0.2478533056479832, 1.2085033547455362, -2.899396462895345, -0.0010547101098843205]]
[[0.24550312653281553, -0.04985146000097884, -0.2550522073730714, -0.010003888731348325, -0.014451193792414451, -0.036860493183551384]]	[[0.07307264462113414, -0.5709349134470476, 0.2478595366514006, 1.208497331119051, -2.899383969644425, -0.0009608092117833772]]
[[-0.17233616081058734, 0.10922747141210928, 0.05185796275629517, 0.0018836631033042265, 0.0002253022905269838, -0.029676958374911664]]	[[0.07306581799413564, -0.5709391354767787, 0.24780510688257637, 1.208528617850869, -2.8993598697886926, -0.0010337481749444482]]
[[-0.14037483315337534, 0.14855951765234013, 0.16662262852309906, 0.0033718885114028757, 0.0066523939409329925, -0.029225844066263097]]	[[0.07308475034535408, -0.5709406969909074, 0.2477776315547528, 1.20857766831614, -2.899378689084313, -0.001051464936641205]]
[[-0.2594452964927084, 0.06410184621253474, 0.06685831865103017, -0.003604792187493551, 0.010551252865504615, -0.02712894568548527]]	[[0.07305334358955566, -0.5709370402122373, 0.2477723391672212, 1.208520116212268, -2.8993882143550302, -0.0009763935615287021]]
[[-0.2637292041928051, 0.006875262467261445, 0.14219419883693285, -0.007906295030350794, 0.004851358797423915, -0.02873813124611464]]	[[0.07307088754680374, -0.5709335346710798, 0.24774466575366427, 1.2085633153353492, -2.899345721500773, -0.001032889754153877]]
[[-0.18626093183416298, -0.08805001354695484, 0.07615757768284707, -0.010245687985558995, 0.0007415756318314157, -0.02569002718004063]]	[[0.07303478442333532, -0.5709479837279234, 0.2477322637231479, 1.208480942444596, -2.8993917534293736, -0.0009733605854743096]]
[[-0.1544469908918941, 0.4625070202664496, 0.1324654821327198, -0.0033695975291069425, -0.006729386412706699, -0.023276404200631474]]	[[0.07305092488688054, -0.5709462261818077, 0.2476978956738797, 1.2084720812444907, -2.899421329306478, -0.0009738978922186944]]
[[-0.13007602637848753, 0.37020510228326087, -0.04145675020687133, -0.005221904166247951, -0.003881406166799476, -0.028398281397700488]]	[[0.07306825047807537, -0.5709387015040999, 0.24768186833042494, 1.2085197842965372, -2.899389594436077, -0.001013314493360323]]
[[0.04526101161764115, -0.060216829331005355, -0.034095957910832864, -0.014235491443761548, -0.0027591802782150603, -0.03210756305669628]]	[[0.07305100674908847, -0.5709273026112508, 0.24764525964337625, 1.2085082204621542, -2.899408351918242, -0.0010489170246863423]]
[[0.29242906230832716, 0.3402344330283192, 0.09763140316656152, -0.001838141741921817, -0.0034237048905316784, -0.02945569652396584]]	[[0.07305213319729593, -0.5709404407309989, 0.2476361426403536, 1.2084940109214075, -2.89937433778879, -0.0009942277234791727]]
[[0.149602709286015, -0.09335329129282846, 0.009497002713877717, -0.007844672640068991, -0.003386913931605189, -0.03436040687663506]]	[[0.07305237161680705, -0.5709377271045465, 0.24759154021017699, 1.2084993358857359, -2.8993872376423466, -0.0010850227189564544]]
[[0.19815764613835474, 0.02671525272267146, -0.140439186509062, -0.007759012106354022, -0.004262341859289826, -0.029931946003096767]]	[[0.07306584004548762, -0.5709321775772317, 0.24756866842912167, 1.2085039589592097, -2.899398340797591, -0.0010847665905324379]]
[[0.06882393157362202, 0.12502410075386997, 0.22196819306806792, -0.0008313484619528414, -0.0061173808909353155, -0.03136118266195696]]	[[0.07306362918069965, -0.5709418611085424, 0.2475541861668603, 1.2084904489430914, -2.8994148949485505, -0.0009897498786941479]]
[[0.37350767829739284, 0.31008210112247875, 0.04261944448754402, -0.002880742748102123, -0.01438311481162692, -0.033965445676608606]]	[[0.07304596959314236, -0.5709484525001522, 0.2475179381056557, 1.2084951397108903, -2.8994264100128104, -0.0010059974127919313]]
[[-0.03955146793861554, 0.06585457866802526, 0.12744449861375667, -0.0068206927235252394, -0.00545386911773736, -0.03156655400355578]]	[[0.07306613360703895, -0.5709451346360624, 0.24749897790738434, 1.2085470173304498, -2.899404879949447, -0.0010061685258292434]]
[[-0.3540491214934747, 0.1615527385442645, 0.091743460649302, -0.005225098082651824, 0.008192611686885263, -0.024786428739258307]]	[[0.07306785541117099, -0.570951112178189, 0.24746264078407548, 1.208501658437, -2.899346367608961, -0.0010276943294156814]]
[[-0.16441705550916874, 0.27244921084190726, 0.05401759969666405, 0.00384600102053312, 0.005637313664950022, -0.03058682478684553]]	[[0.07307309012543729, -0.5709546848104364, 0.24745755076443782, 1.2085324518185698, -2.899369940471587, -0.0008938251275732533]]
[[-0.2497047299384299, 0.13334326451024067, 0.10298345337110543, 0.00046826558419188306, 0.00457546902020689, -0.028381162457930348]]	[[0.07308529217122041, -0.5709430770929018, 0.2474014425479982, 1.2085678799222757, -2.8993065325624263, -0.0010442767958495519]]
[[-0.3742074371006426, 0.06820058457185307, 0.19766161110623034, -0.0059270196251346805, -0.0017694704659995805, -0.03433638364848278]]	[[0.07306428918429048, -0.5709569450868415, 0.2474146464412586, 1.2085061008126115, -2.899355297449136, -0.0008933520328216769]]
[[-0.31334834538974776, 0.11626448721218212, 0.10556515898198905, -0.0024200905407611574, -0.00023421020529206036, -0.026599820985536045]]	[[0.07307113329669265, -0.5709684274859123, 0.24738051378377526, 1.2085659819678847, -2.8993554406229785, -0.0008523732790592594]]
[[0.15893260001167125, -0.13558349444103698, 0.170186665162144, -0.0033537226947153893, -0.008887608822559043, -0.028892849872218886]]	[[0.07307163927131886, -0.5709664161308299, 0.24733624406978538, 1.208485462385898, -2.899403773108377, -0.0009278033686039478]]
[[-0.4083985906535611, -0.6481385022792889, 0.23221230627162515, -0.009127978537976722, 0.0023462482008204002, -0.02315965187667958]]	[[0.0730747960831672, -0.5709590685779639, 0.24731484087229544, 1.2085144660275486, -2.899377690230877, -0.0008717967829754766]]
[[-0.02605635042675615, -0.18962556350101553, 0.23196276421947135, 0.00298575394753851, 0.00023304501441332283, -0.02843006767371444]]	[[0.0730764361961366, -0.570966823536218, 0.2472996375139243, 1.2085276713135842, -2.8993589006498635, -0.0008522904159835089]]
[[-0.5040096839429269, -0.296117746644266, 0.2881838915546925, -0.0012042718232017462, 0.011635191141411837, -0.03088183053737889]]	[[0.07308322993392752, -0.570974741272968, 0.2472854290000916, 1.208540551281726, -2.899390251841387, -0.0007557703530978019]]
[[-0.5026700422274657, -0.18799894600856137, 0.20734551871623988, -0.002352670503043562, 0.0074712118211443575, -0.032514779456197324]]	[[0.07309193860461044, -0.5709658774768327, 0.24725652595290032, 1.2085670995940259, -2.8993543509422532, -0.0007943990347527675]]
[[0.15905783125214096, -0.27062733590863663, 0.23240305738861505, -0.002580769873045074, -0.008992010577700972, -0.032921651355919124]]	[[0.07308456991408482, -0.570974788252563, 0.24725652948730192, 1.2084917665232535, -2.89942120243595, -0.0006427666680426026]]
[[-0.1222975952531198, -0.15108986281600062, 0.10058112629033349, 0.0023811897216805024, 0.003800870935905935, -0.02557234438084414]]	[[0.07306443863379009, -0.5709693307619397, 0.24720400644693474, 1.2085664960026756, -2.89935491397486, -0.0007948858946018417]]
[[0.28426948063631274, -0.6409821970712037, 0.20466937079013953, -0.00436617374446215, -0.0034988277570821495, -0.034798018089680104]]	[[0.07307282651558261, -0.5709759466359006, 0.24719371949016128, 1.2084399049638626, -2.8993919144416993, -0.0006634339909394638]]
[[0.18056357903950956, -0.5589596656651119, 0.1643917178885169, -0.0010789675546864744, 0.003688089999827148, -0.03137186769307493]]	[[0.07307781096898763, -0.5709925690458588, 0.24718923458649628, 1.2085206060688105, -2.8993425274952727, -0.0005340092626011174]]
[[-0.21715095875997004, -0.7258600089421361, 0.2868450479397739, -0.004904718886910784, 0.015941372085262, -0.03366607091056568]]	[[0.07307845969658221, -0.5709787717500849, 0.2471362515463261, 1.208516950255793, -2.8993334309274283, -0.0006491441846649648]]
[[0.052517980137194165, -0.4797444117913384, 0.12719634719524078, 0.0027059598801911894, 0.004968658489868008, -0.03281311455157802]]	[[0.07307359053660097, -0.5709812298172592, 0.2471374989111603, 1.208469250730507, -2.8993650738098786, -0.0005725303833435706]]
[[0.01971840778199596, -0.5496961645378611, 0.07645309502385039, -0.003792749343077537, 0.007943143853527821, -0.03173398704997377]]	[[0.07308088611268751, -0.5709816751326584, 0.24711336157619462, 1.2084865012713606, -2.899357863735643, -0.0005720583854291006]]
[[0.41618062269308925, -0.42772882040495824, -0.07558828420927015, 0.0017049911367917683, -0.0033716404176028425, -0.02935865152708171]]	[[0.07306298871436935, -0.5709754193214959, 0.24707495952461528, 1.208499526106584, -2.899340202177265, -0.0006104979590642462]]
[[0.014125542641418687, -0.6806977887783136, -0.1066163354922195, -0.002997044272706212, 0.010630131242910455, -0.02250601872892721]]	[[0.07308705858797236, -0.5709722156823026, 0.24707438815811356, 1.208547526387229, -2.899358242850959, -0.0005540767046343907]]
[[0.35944132868777745, -0.4487392298971652, 0.0741758443623273, 0.003930599320154301, 0.005487923295193353, -0.02855307363706292]]	[[0.07306117865120597, -0.5709705469561672, 0.24704166550100543, 1.2084997808443114, -2.8993407278609604, -0.0006307923787180961]]
[[-0.26249475875585, -0.2884424701427665, 0.13484174830086293, 0.009580480647708793, 0.015512637997680104, -0.032741386743065454]]	[[0.07306365603866483, -0.5709771726760189, 0.24700906976271544, 1.2084480438929064, -2.899362837284638, -0.0006494852177623193]]
[[0.5184948096316028, 0.039853444772444374, 0.04832308036386191, 0.012572335338377072, -0.003906618561040924, -0.0318816635906438]]	[[0.07308923770449452, -0.5709813970210492, 0.24697641765175704, 1.2085088490731524, -2.8993631162583475, -0.00060920428669904]]
[[0.26793929149150336, -0.115469606092427, -0.2781848936761115, -0.0021505379232536733, -0.0060238305552769034, -0.03290093431156382]]	[[0.07305866101732557, -0.5709724601697356, 0.2469737941458979, 1.2084960038942982, -2.8993806741716703, -0.0005727841030413271]]
[[0.2006782778563987, 0.5234001814340153, -0.14130684873623636, 0.009668238852899105, -0.005993070549488205, -0.026918657585021863]]	[[0.07306049381509096, -0.5709807441945137, 0.2469681789131193, 1.2084912136282542, -2.8993693294224387, -0.0005533713251105031]]
[[-0.10567510977286276, 0.09319488622054788, -0.012619516161907717, -0.0021226857230397388, 0.002939794729029043, -0.03174235966355747]]	[[0.07308121252753264, -0.5709788926226271, 0.2469344564578252, 1.2085258077196603, -2.899355062441239, -0.000552784649685059]]
[[0.11601422566810096, 0.30534075497332036, 0.013092384968256543, 0.006915513439377001, -0.004486146116644676, -0.031014760576340526]]	[[0.07306294062931186, -0.570968218503862, 0.24690076779492465, 1.208509562563733, -2.8993645070471508, -0.0006655343526768557]]
[[0.044485065206981304, -0.16167363817370733, -0.06587970668036724, -0.0035287132847331977, -0.0007044746592016326, -0.028319577753526424]]	[[0.07308562021360161, -0.5709682369852256, 0.24687071736649707, 1.2084795624493785, -2.899390062490832, -0.0006657268005303463]]
[[0.33818743887542485, 0.1997832269592148, 0.019822899321708727, 0.011462187527384867, -0.009614526965810798, -0.03212152458182982]]	[[0.07304897734460862, -0.5709723203667387, 0.2468500638624213, 1.2084183780983309, -2.899389089589023, -0.0006305722027258178]]
[[-0.09538802064360846, -0.2811557645977248, 0.21635450134228731, -0.0031736927406653364, 0.0008279566625816403, -0.030087351246259286]]	[[0.07306962740300808, -0.5709703256295297, 0.24683446248058444, 1.2085222112905365, -2.8993462641736167, -0.0006477845490119972]]
[[-0.1935309761729299, -0.15031264834423114, 0.143166506811016, -0.007199575320793759, 0.003911745393597993, -0.029740599004980058]]	[[0.07307261130779975, -0.5709592738438084, 0.24679521873924934, 1.2085404991421573, -2.8993412993531855, -0.0007594869356183197]]
[[-0.1499553930750056, -0.1940023277216528, 0.150738514519435, -0.012455447635411687, -0.00660953513172395, -0.030205743481872487]]	[[0.07305364353113876, -0.5709501858230409, 0.24677834243442587, 1.208501496965049, -2.8993446873634126, -0.0007795849954659144]]
[[-0.10610792706786787, 0.13106515415883918, 0.0071350735333433595, -0.002245761126795216, -0.0031614047951498267, -0.03418948203805419]]	[[0.07308450292488591, -0.5709590289780977, 0.24673549765525282, 1.2085666798203034, -2.8993047919263337, -0.0007808226656376785]]
[[-0.15343152290395157, -0.04458769989229755, 0.08136654431204479, -0.003524323127536473, -0.0045731292738991165, -0.026714457496629263]]	[[0.07306894925427225, -0.5709460339162963, 0.24670745312668646, 1.208494038539428, -2.8993756944417974, -0.0008340682224778383]]
[[-0.28110726051446533, -0.3505833621376633, 0.08639856258373994, -0.007307382184297766, 0.002624176717232157, -0.02657474044884288]]	[[0.07308035451330142, -0.5709663006909922, 0.24671097760073452, 1.208541037902951, -2.899391881631525, -0.0007000420764410534]]
[[-0.37239572526569487, -0.14177089411037924, 0.027826880643979392, 0.0013551441453507455, 0.004540883816426911, -0.025297985511868605]]	[[0.07306731785501196, -0.5709572557374866, 0.24667770919344928, 1.2084805346865768, -2.8993923293406922, -0.0007398901589202531]]
[[-0.1314396481408773, 0.07113002522753951, 0.13706025117493373, 0.003530059638381413, 0.00190950718461829, -0.02890344124279217]]	[[0.0730904858261701, -0.5709591828303314, 0.2466812757614324, 1.2085269125747569, -2.8993066754743233, -0.0006864305315175931]]
[[-0.312616876500012, -0.30685771487770536, -0.02919307102483199, -0.008524228240709955, 0.005686667355246186, -0.026304630717706834]]	[[0.07308058728247932, -0.5709511486003164, 0.24663656219239083, 1.2085543102480598, -2.8993746854376283, -0.000737866030531411]]
[[0.08698073167172611, 0.001971914454801396, 0.005471515799759579, 0.0011009098667979509, -0.0050545093765688755, -0.02774737759869012]]	[[0.07307395723360585, -0.5709592950439989, 0.24659613260346297, 1.208475779583878, -2.8993830042867836, -0.0007954880904544171]]
[[0.05581680988063426, 0.15326037425762234, -0.004768553358695436, 0.008186427248950868, 0.0003007762885038935, -0.03263481843617465]]	[[0.07306263573149414, -0.5709514465539421, 0.24657356636036776, 1.2084887882545194, -2.8993652528123968, -0.0008154706214395017]]
[[-0.3603666282343534, -0.3262674615167081, 0.23937063348775975, -0.002731923329447683, 0.008370234358447786, -0.029258991318413634]]	[[0.07308517175784189, -0.5709502319864167, 0.24657307493365743, 1.2085450083766156, -2.8993522572179184, -0.0007012586046305729]]
[[0.07378571129468622, -0.15815922552097594, 0.21625497240592254, 0.00010854435218307472, -0.003764698406778481, -0.03649666509858007]]	[[0.07305877743515103, -0.5709533141468844, 0.24657305496923643, 1.20847975457383, -2.899392382353429, -0.0007009463125725524]]
[[-0.3083948579198025, -0.24936592762030477, 0.11867316831896245, -0.006363200809924793, 0.008502187864791589, -0.02847066741239382]]	[[0.073058701623913, -0.5709599007997346, 0.24653964373633327, 1.2085061460347095, -2.8993565042632152, -0.0007380964662911931]]
[[-0.01245457634198141, -0.28394352847518484, 0.19119330745082577, -0.008705047280893378, -0.0022707921806017217, -0.027185521689173934]]	[[0.07308590765918162, -0.5709453562436839, 0.24650624142409883, 1.2085378032774332, -2.8993818229510966, -0.000717796336757973]]
[[-0.4184834496030856, -0.23801696843030493, 0.261208701662716, -0.0064980836313969885, 0.009431108016064576, -0.023557594869881026]]	[[0.07307919681439572, -0.5709375695566575, 0.24647622253461635, 1.2085765417128365, -2.899328358686498, -0.0007755799657067851]]
[[-0.5009733152583175, -0.15779896412370395, 0.19943257642371234, -0.0053147327277601325, 0.008764204184387487, -0.02893280679173225]]	[[0.0730661566959061, -0.5709416361059805, 0.24644636520542662, 1.2085244504244919, -2.899351461585733, -0.0008328400188233554]]
[[-0.07660770612655464, -0.2783271750282812, 0.1586757621589976, -0.010317609102852877, -9.441761303399104e-05, -0.027919325306293027]]	[[0.0730570139224206, -0.5709396741458431, 0.24643021615790456, 1.2084673570572944, -2.899360284685258, -0.000757488460404511]]
[[-0.20554681063390295, 0.04388450283544443, 0.166004152941525, -0.0033063129818113714, 0.0017017539983240453, -0.02887011111724447]]	[[0.07305667436702322, -0.5709475393127812, 0.24640839317736768, 1.2084984225384205, -2.899386647272499, -0.0007545213409541505]]
[[-0.3364395736488154, -0.3705799060624578, 0.2037992730061431, -0.010196562577875119, 0.007705406156871928, -0.022714421263377686]]	[[0.07305811653305691, -0.5709390066690802, 0.24640197572287126, 1.2085235493459034, -2.8993491832341824, -0.0006985681763280321]]
[[0.14141117185927013, 0.4377542901445054, 0.005797003440396357, 0.006329705815749936, -0.005007331694378429, -0.034829320462391615]]	[[0.0730720904796674, -0.5709281568434669, 0.24634243609655582, 1.208573221019, -2.8993712074504665, -0.0008664462594161588]]
[[-0.11957335812895982, 0.2546773624970604, -0.022833456544388224, 0.001069931043639205, 0.0008630570852440386, -0.03329880650330757]]	[[0.07306756245903753, -0.5709384478530968, 0.2463201149122229, 1.2084990417388621, -2.8993880762440263, -0.0008105283137565871]]
[[-0.11957568003367187, 0.25467504504003896, -0.022847141151556324, 0.0010709506249244874, 0.0008617640812697919, -0.03329880721501085]]	[[0.07305530835320195, -0.5709471478852784, 0.2463194407169234, 1.2085111292202013, -2.89936847858817, -0.0007349952076203986]]
[[-0.3559035631546759, -0.42439707714946934, 0.09639661009585149, -0.016392952997097268, 0.006868751518112443, -0.03039697114227443]]	[[0.07306337379591259, -0.5709305325228254, 0.24628837908636148, 1.2085288942744723, -2.899362073352575, -0.0007716505251534336]]
[[-0.4762184238207946, 0.22981295575676772, 0.15747294026569256, -0.003049531722143099, 0.005618611598764167, -0.03199195205064112]]	[[0.07305502908272757, -0.570941029113245, 0.24625055682477634, 1.2084411862814384, -2.8993482624931954, -0.0008489472940903767]]
[[-0.5421196338511729, -0.11569864023645354, 0.2092975653477874, -0.011663552162840792, 0.009517723296177135, -0.0271847607306475]]	[[0.07305043331760379, -0.5709496833142741, 0.2462347077072407, 1.2084810579867857, -2.899393900897354, -0.0007133113525700976]]
[[-0.4405445063536893, 0.1720107377623601, 0.052921167781242104, -0.004855766703163187, 0.004582832952015203, -0.02616206205734934]]	[[0.07304598758167621, -0.5709411775651897, 0.24620486445577172, 1.2085116164902838, -2.899369628657498, -0.0007683762589077239]]
[[-0.13992607285885497, 0.2700562485901123, 0.18007878455992993, -0.0006988358350816391, -0.0010045423652530227, -0.0364988439453992]]	[[0.07307022656147888, -0.570929602609575, 0.2462154271076913, 1.2085455531297724, -2.8993534185461454, -0.000675066418837091]]
[[0.16761665567839512, 0.041072442484070146, -0.0027168303253892554, -0.0028931744907803518, -0.009431302182153434, -0.027897999010001718]]	[[0.07307041168599955, -0.5709370074785497, 0.246182804872445, 1.208536365484287, -2.899331468049109, -0.000695016064945073]]
[[0.16761558620587652, 0.04107658995935766, -0.0027201061753255084, -0.0028936740875445586, -0.009430623228739735, -0.027898176715331752]]	[[0.07308416687011751, -0.5709313463567282, 0.24612682886251536, 1.2085768876175365, -2.8993294990823864, -0.0007497501118192804]]
[[-0.21786666886009357, 0.24217488635740253, 0.16552306464633626, 0.0018083667397223444, 0.002722538046358742, -0.01896464585145465]]	[[0.07305498161822353, -0.5709372039665765, 0.24611060518808248, 1.2084629261396664, -2.8993499099210815, -0.0007119807666208054]]
[[-0.4668987723991639, -0.004843772419643511, 0.15691878910424983, 3.878807955909683e-05, 0.010228113029918457, -0.027219705677278907]]	[[0.0730577539643737, -0.5709465579666725, 0.24609893758084608, 1.2085025069043687, -2.899396857458853, -0.000633036232396592]]
[[-0.0479127221256461, -0.1593474505222206, 0.025087588744558447, -0.00521089725079288, 0.0005703604950454315, -0.02634063452625618]]	[[0.07304850177037568, -0.5709318924725282, 0.2460820199549938, 1.2084889038977784, -2.899363558100522, -0.000616894507441061]]
[[0.24867182950962133, 0.09670818011008783, 0.1731024466383141, 0.00624388503213876, -0.004675658308262211, -0.0322080001775659]]	[[0.07306144478821983, -0.5709352602109117, 0.24604577335070282, 1.2085488663163249, -2.8993127935376375, -0.0006360017505086453]]
[[-0.18382479900003962, 0.09859618519112287, -0.0019126054895201136, 0.005155483667093716, -0.0003286410248045761, -0.02237603627158093]]	[[0.07306137616229218, -0.5709316254725929, 0.24603057991538851, 1.2085006696454597, -2.8993450835183965, -0.0005988830930056237]]
[[-0.057786403453327556, 0.1409705182245402, 0.05414276371539706, 0.0023575810068733978, -5.2383351059196934e-05, -0.030221176160935705]]	[[0.07306300246729008, -0.5709393037745593, 0.24601387610983394, 1.2085135952667323, -2.899325611396701, -0.0005423258851473804]]
[[0.0548022467523205, 0.16297067117678826, 0.01863177454703591, -0.0010034707661200801, -0.0023389860852276187, -0.02924237232600289]]	[[0.07306167289868044, -0.570932301138672, 0.2459777687556487, 1.2085003015405533, -2.8993442625863284, -0.0005413264130441084]]
[[0.27538071778224493, 0.3083186910431928, -0.03726743348967062, 0.005316548258369533, -0.005314508630672724, -0.028735569398985406]]	[[0.07306355942660103, -0.5709373192998214, 0.24595868859924205, 1.2085526678959533, -2.899322119173165, -0.0005227160384768664]]
[[0.24021094037299714, 0.22987640799860543, -0.0867767492476915, 0.008764321893350474, -0.004377554225826297, -0.034449594603022285]]	[[0.07306239041970353, -0.5709375998151901, 0.24592570475401038, 1.2085485737205262, -2.899312297335553, -0.0005788961488310658]]
[[-0.4690090497428602, -0.19884927028603072, 0.10810326623739262, -0.003099006955642522, 0.012127461596110008, -0.02256721722091332]]	[[0.07303907873780972, -0.570928956278491, 0.24592291049018158, 1.2083970217603754, -2.8993863925633376, -0.00048489101667351624]]
[[0.0466281398730895, 0.1536387690737769, 0.0013659143398692427, 0.0006726914691612695, -0.0035270587486358187, -0.02917098842745673]]	[[0.07307165469557059, -0.5709266905193312, 0.24587332614530233, 1.2085788788890037, -2.89928542037921, -0.0005039745496270145]]
[[-0.32018476135011903, 0.08660806796654424, 0.0741791612936998, 0.00048161257579077744, 0.00250866100324546, -0.02798196590418123]]	[[0.07306275725007289, -0.5709281362734748, 0.2458505111152633, 1.2085277751653438, -2.899359797320669, -0.000538836480194824]]
[[-0.3052000779267064, -0.14756803050313738, 0.06754277106653553, 0.003759209373154557, 0.006309792863578259, -0.029068730279923505]]	[[0.07306137952628698, -0.5709380344804608, 0.2458424035860715, 1.208508441324725, -2.899313311182627, -0.00043042608902452465]]
[[0.24784834395488842, -0.20796808990809074, 0.021316535603669747, 0.007359648051369442, -0.0013560836094890535, -0.0306556034034717]]	[[0.07306828061740549, -0.5709339789257497, 0.2458369743508076, 1.208477508571478, -2.8993383526841296, -0.0003933983023802752]]
[[0.06742288592408383, -0.0405771157458641, -0.08319961709947278, 0.011897565730808274, 0.005621275645915252, -0.030326415521581825]]	[[0.07305997057836211, -0.5709274296434436, 0.245776063603437, 1.2084834848762558, -2.8993507418163365, -0.00046753938262615884]]
[[0.004998909673276375, -0.30801826744600835, -0.06646023604186967, 0.0014558995494649138, -0.0003681135256840374, -0.03253794411736943]]	[[0.07306570779005822, -0.5709324446279057, 0.24576746059091875, 1.2085488457960822, -2.8993619454079878, -0.0004278940371063102]]
[[-0.3141230476285942, -0.22405508430163779, -0.05055932897018157, 0.000885513363838757, 0.010005697910288104, -0.02074362201353777]]	[[0.07305840242182807, -0.5709231474227232, 0.2457421856483707, 1.2084998928345394, -2.8993432957908896, -0.0004306690488410299]]
[[0.2132900889886358, -0.3800362511345893, -0.06253259125783148, 0.0008020994443934526, 0.001196054825008522, -0.03739728915376936]]	[[0.07305820165006846, -0.5709294302649186, 0.24570084891105337, 1.208509303030733, -2.899315374423876, -0.0005063633172407412]]
[[0.32693426316334595, -0.19122264066561356, -0.06619230721449573, 0.007943677607833339, 0.002709047917840473, -0.02834549373976556]]	[[0.07306750318249688, -0.5709337895338145, 0.2456839709824335, 1.2084672306702091, -2.8994097146477027, -0.00044661099029621304]]
[[-0.034519885221234975, -0.4570575554763632, -0.016557836984919406, 0.0026006548458222672, 0.014885255358565486, -0.031496614989080136]]	[[0.07304036372630604, -0.5709251862686862, 0.24566582280351168, 1.2085270072076923, -2.899359977590283, -0.00048641524521125644]]
[[0.045250681472199406, -0.5162180130072478, -0.17426199918485996, -0.0029759975034223994, 0.0056304075208523634, -0.024160742654016167]]	[[0.07304843841340176, -0.5709256584671072, 0.2456229047702091, 1.2084529249726954, -2.899325992962113, -0.0004887028231399457]]
[[8.864114398347833e-05, -0.22388522768513802, 0.009073810289941225, -0.0007199213027015499, 0.004300687719956786, -0.029720421072727446]]	[[0.07304756051994768, -0.5709389441641137, 0.24563125131840322, 1.2084911796847537, -2.8993208231318053, -0.0003938014452809973]]
[[-0.27322742437595204, -0.04492778662268572, -0.039388616809899676, -0.00023899482572707826, 0.0034037745599430572, -0.03270352012695081]]	[[0.07305130934627836, -0.5709333112028283, 0.24558247216698503, 1.208487448086477, -2.899311769359615, -0.00048767400206635523]]
[[-0.0946133797430934, 0.04925076771748882, 0.051212966395992564, -0.003744998562624358, 0.002425570809247126, -0.032895486905357506]]	[[0.07305364509479521, -0.5709204735155731, 0.24554770795151454, 1.2085226359502308, -2.8992986008035366, -0.0005463282698899355]]
[[-0.3246450071446014, -0.0924998999027803, -0.05450930137277222, -0.005814420977964266, 0.004698990796541677, -0.02665021032325094]]	[[0.07305178885863636, -0.5709277908829108, 0.24553255143980304, 1.2084444456519277, -2.8993566404872317, -0.0005260040666622921]]
[[-0.44938698757773676, -0.15800661964835488, 0.05965326975913566, -0.007892360395724338, 0.004536616315990109, -0.026960379719536194]]	[[0.07304880589615691, -0.5709128794201913, 0.24549477767599898, 1.2085069133038795, -2.8993584028486454, -0.0005806195160741695]]
[[-0.3146716890591616, -0.032641941060078145, 0.17349309771451912, -0.004910433551063403, -0.0029836624464405622, -0.02899690299796789]]	[[0.07304963588325046, -0.5709220057844491, 0.2454730089916103, 1.2084795625929756, -2.89934351376231, -0.0005800777833138423]]
[[0.06922429855852583, 0.4208968470598159, 0.06656353398059309, 0.00419993907632526, -0.012352559472963947, -0.034741860395635565]]	[[0.07304349961005713, -0.5709280363730934, 0.24547934414631578, 1.208509916706103, -2.8993170982154632, -0.0005431889875974352]]
[[-0.32393074828953533, -0.05580244734874687, 0.08861862371783345, -0.0064526296450351794, -0.004321931242329871, -0.029302272121389986]]	[[0.07303981523593941, -0.5709181705785454, 0.245439218390117, 1.208493242568425, -2.8993255647436404, -0.000601837936790714]]
[[-0.027124074966251813, 0.12140274239392781, -0.06726370004090382, -0.0034452995624867327, -0.0028140587700901543, -0.027829157985528843]]	[[0.07304147946545259, -0.5709055508274892, 0.24539887134424077, 1.2085342208937395, -2.899375383690776, -0.0006721104986867169]]
[[-0.32945223549381897, -0.2782453184210287, 0.15431277555726233, -0.010393652777663869, 0.006101513463581426, -0.0292222198704184]]	[[0.07306447989576353, -0.5709103471921387, 0.24536147885214116, 1.2085585010694906, -2.8992854258285097, -0.0005820113408138377]]
[[0.3579533374332824, 0.3395959171453002, -0.015927616703958786, 0.004375741271526519, -0.013082442586121084, -0.02948459030108921]]	[[0.07306447989576353, -0.5709103471921387, 0.24536147885214116, 1.2085585010694906, -2.8992854258285097, -0.0005820113408138377]]
[[-0.4199702430530112, -0.32905967019346216, 0.005705705998981641, -0.007565918534578751, 0.010298505681925479, -0.02266850727369341]]	[[0.07304927445693125, -0.5709053450771115, 0.24529742059710447, 1.2085296516649089, -2.8993155841042655, -0.0008058573820315646]]
[[-0.002006223934737851, 0.07930211656007247, -0.07376470395808447, 0.008577035561923543, 0.00015783117756102034, -0.026495922969582374]]	[[0.07307576017719639, -0.5709091857189668, 0.24529502012541438, 1.2086021632659807, -2.8992441869561922, -0.0006954868347063056]]
[[-0.35871431250789665, -0.3945902404481827, 0.0032056210797643016, -0.004574697723107274, 0.013498646105021396, -0.023669899110335783]]	[[0.07306127716768039, -0.5709148139778206, 0.24527428808021312, 1.2084982793710084, -2.8993379750450115, -0.0006358715959596742]]
[[0.19163263987571055, 0.283270547695186, 0.0011437836454746204, 0.010052900216341776, -0.002402662096228491, -0.028839871224524735]]	[[0.07303327219102372, -0.5709174792623767, 0.24524612911158145, 1.2084714408059893, -2.899273139688235, -0.0006974676343316429]]
[[-0.043160138287427166, -0.09616598010359073, -0.027161563717856982, 0.004364969681378503, 0.0037989396564953467, -0.030562350650468056]]	[[0.07306044902670014, -0.5709126350596101, 0.2451713304556466, 1.2085341433282948, -2.899326860534095, -0.0007875244592269015]]
[[-0.06500228000675226, -0.5543230139334712, 0.0007266929573005111, -0.008701396350082196, 0.0038948536748830013, -0.030934992681371253]]	[[0.07306031343814821, -0.5709053730062722, 0.24514523169708127, 1.2085612423468446, -2.8993432514243023, -0.00084138905767982]]
[[-0.2682409749663587, 0.182874082962732, -0.10787564726066953, 0.00045715565784119764, -0.0003217837912158304, -0.024487845396060408]]	[[0.07305618349904752, -0.5709169190156496, 0.2451179164625873, 1.208503875185787, -2.899353811616891, -0.0008406093931008486]]
[[-0.2314082934864306, 0.1370370359178112, 0.016531881505838997, -0.003583354514155441, -0.001896494797392802, -0.02716664356443872]]	[[0.07307416618326852, -0.5709138116157173, 0.24509101200263894, 1.2085828849968014, -2.899296024815262, -0.0008798970678675667]]
[[-0.2790724044588755, 0.09397891015969585, 0.0881173835887645, 0.0004687964516490107, 0.0017299795147128496, -0.032432948261594347]]	[[0.07307416618326852, -0.5709138116157173, 0.24509101200263894, 1.2085828849968014, -2.899296024815262, -0.0008798970678675667]]
[[-0.0670139872559931, 0.18944199021633923, -0.05166171050130219, 0.003879195858662331, 0.0044183477030701945, -0.030024019189393437]]	[[0.07305178050256246, -0.570915334762159, 0.2450474555354341, 1.2085091444307214, -2.8993156921750685, -0.000954514210052831]]
[[-0.0626244235315174, -0.17890018083776676, 0.11753934052457364, -0.004780754466626218, 0.004942589228232509, -0.03280295613574389]]	[[0.07305507187369928, -0.5709103886215682, 0.24503259817472997, 1.2085446106352276, -2.8993523422450402, -0.0009145345703870697]]
[[-0.07797393020557683, -0.19655577458415366, 0.14600292736977336, -0.011115888580874443, 0.0012929814550247222, -0.02564909995883284]]	[[0.0730627788512154, -0.5709085399578063, 0.24496427780348476, 1.2085498148604559, -2.899365035091541, -0.0009881926617262675]]
[[-0.3886967769304923, 0.13864249256374106, 0.24892710622760253, -0.008450984721251754, -0.0006491676156695973, -0.03299998550792765]]	[[0.0730597039190553, -0.5709207595706669, 0.24492747374707186, 1.2085222282797974, -2.899298707402095, -0.0009910176379474345]]
[[0.18164837422443958, 0.31249771270092663, 0.05238209274534686, -0.0033042589197794904, -0.011687639692402847, -0.03568849277449841]]	[[0.07306953625123934, -0.5709204330245291, 0.24491239988284003, 1.2085313465184628, -2.8993208048368277, -0.000990536491994573]]
[[0.04783801567717662, 0.2698804438886637, 0.006971789379892977, -0.0006235992516849225, -0.0036030821675468658, -0.029644283032608947]]	[[0.07307300678660807, -0.5709140131340112, 0.2448781635982087, 1.2085624315342751, -2.8992959293085745, -0.001027812843133936]]
[[-0.33613729149401583, -0.31550608622474363, 0.17074949601750844, -0.010713967442466403, 0.005800762883933755, -0.027586730935001965]]	[[0.07306508497702596, -0.5709118967757516, 0.24483181487928912, 1.2085456558057395, -2.899304357531225, -0.0010825410998933265]]
[[-0.23832038625882807, -0.307228561497474, 0.32331646695530936, -0.011233681101068066, 0.0024963109427484425, -0.030157645340995513]]	[[0.07306426730603777, -0.5709193485496664, 0.24483371421959008, 1.2085062718516753, -2.8993582389136288, -0.001024107070790217]]
[[-0.48025168960774994, -0.3103779573887852, 0.38329981483760556, -0.011908067434766407, 0.009756499218013524, -0.025281832368596227]]	[[0.07305281445030105, -0.5709267801463658, 0.2448140955153848, 1.2084711074870917, -2.8993713554216645, -0.0009484158885957328]]
[[0.318659434816627, 0.04769747993207002, 0.16430121310868995, -0.005317514558331168, -0.012374845587467492, -0.03267238097387049]]	[[0.07305606034658899, -0.5709164373917741, 0.2447430643148426, 1.2084896999122599, -2.899367214862016, -0.0010973504228053974]]
[[-0.5955312566283705, -0.26836968889780943, 0.21744457845708873, -0.012380189434766107, 0.008034084572464094, -0.025170926738652583]]	[[0.07305528330140812, -0.570910813693532, 0.24473496182397517, 1.2084765353239633, -2.8993861908378284, -0.0010970852234193508]]
[[-0.7320617836041996, -0.0904840097806473, 0.23591930992258836, -0.010798176083730345, 0.008433425194847398, -0.026962222575115262]]	[[0.07306491250663195, -0.5709243544566562, 0.24471155559914237, 1.2085537878290158, -2.8993264923746485, -0.00104013619828988]]
[[-0.522582463700235, 0.058637015335674, 0.41434400008717287, -0.007052711342213789, 0.00465719663691435, -0.027733388034708373]]	[[0.0730584520894179, -0.5709192366092118, 0.24467085957548182, 1.2085801927099105, -2.8993432315813954, -0.0010931650736471536]]
[[-0.136619142701437, 0.09856389365835115, 0.2946824999298235, -0.00150885642967218, 0.0012307661200049345, -0.03084842845104194]]	[[0.07308261999625601, -0.570917105919247, 0.2446452902422158, 1.2085506016072054, -2.8993168177516355, -0.0011135880898513885]]
[[-0.3205235172492155, -0.26562956785510355, 0.42567296252720627, -0.011934006149064261, 0.002324308993476747, -0.01915254834169724]]	[[0.07305669587510372, -0.5709281274215031, 0.2446363143142085, 1.2085445930324017, -2.899304439444041, -0.0010198229064218784]]
[[0.3487230240275065, 0.30446218098423655, 0.12794246312004534, -0.0006721470389110572, -0.012767703733520222, -0.030273459240408244]]	[[0.07307010038940717, -0.570928371274044, 0.2446279511367173, 1.208557427235613, -2.8992845651126773, -0.0009442531409298275]]
[[0.0625738380485146, 0.3294894205710147, 0.4017312722862838, 0.0028438863810039015, -0.004456215571227095, -0.03145672205992362]]	[[0.07307403928978487, -0.5709287518614344, 0.2445798801289948, 1.208501726788534, -2.899347916854466, -0.000997134355275644]]
[[-0.11508202506652476, 0.43960689618475823, 0.3181774867650432, 0.007098051674178355, -0.001600905798442786, -0.03181822399041033]]	[[0.07304920532232084, -0.5709236599221624, 0.24455852283240775, 1.208514592643905, -2.899329841873762, -0.0009989831742036994]]
[[0.1795071248424844, 0.14390969783690624, 0.29400345217069956, -0.005098589661780892, -0.009262876602862345, -0.031253795121319726]]	[[0.07306697342744035, -0.5709300661670488, 0.24451640270201386, 1.2084921804800608, -2.8992739784887473, -0.0009632511755551865]]
[[-0.16329515802080505, -0.33353090375204975, 0.2889566076162649, -0.01736099056121001, 0.0007847251248887625, -0.026158130199763353]]	[[0.07307885315946613, -0.5709325743885906, 0.2444971684194147, 1.20859208967241, -2.899270747697272, -0.0009426299666472229]]
[[0.19274706789287913, 0.1364161353286992, 0.3262423110622707, -0.004917032851359878, -0.008174726052968226, -0.036795734570100394]]	[[0.07307916004117161, -0.5709456420172021, 0.24448972769712551, 1.2085486477831553, -2.899313016689955, -0.0008651523711130113]]
[[-0.7071314893771475, -0.2646346120366264, 0.4056842178936668, -0.008447945988083516, 0.012385077480592092, -0.02382248710052025]]	[[0.07303198164551479, -0.5709278357215897, 0.2444561250655579, 1.2084539715288285, -2.8993793975232682, -0.0009021230895398005]]
[[-0.05784495447112381, -0.1365233690967684, 0.3414884311755818, -0.0018745740661803385, 0.0011972708323289857, -0.026942421407850744]]	[[0.07304932679920934, -0.5709428479247695, 0.24442790683389115, 1.2085137024936814, -2.89932837907203, -0.0008849983700141863]]
[[0.019533381400993782, -0.5018459357287977, 0.12213242795188956, -0.014252732980552758, 0.0017578896207116924, -0.02959473414449211]]	[[0.07307929142678446, -0.5709424579676106, 0.2444143067798415, 1.2085349395430602, -2.8993308276863665, -0.0008083793780052504]]
[[0.3512446307188978, -0.18501692685190896, 0.014430540165039194, -0.002688395050812617, -0.007440993251139349, -0.02846915401341127]]	[[0.07309808987172133, -0.5709285477275762, 0.24438937701176566, 1.208683333476086, -2.8992954819729406, -0.0008074181551626403]]
[[0.15399864115382403, -0.23153119188914248, 0.07867082627972176, 0.0025531903551964225, -0.0015447148081405894, -0.03220356266323958]]	[[0.07307483578668895, -0.570953651143107, 0.24439187953390937, 1.2085467359172015, -2.899310651264753, -0.000696063918382351]]
[[0.06350049064706384, -0.1382178332675921, -0.04410873955897841, 0.00921743249629109, 0.0040877947923255555, -0.03526163918643873]]	[[0.07308934137183488, -0.5709412429519782, 0.2443349197193146, 1.2085558088019277, -2.8992834388375326, -0.0007927729206105518]]
[[0.24745367218226935, -0.13336021330511258, -0.1269221321570523, 0.0077962979803675395, -0.0008756880590563118, -0.031805996964557076]]	[[0.07308065863173231, -0.5709390600751795, 0.24432290623762853, 1.2085793676931902, -2.8993383505730566, -0.0007708178039978607]]
[[0.11085015832507822, -0.0995925684721877, -0.1221207589962362, 0.008133359223430262, 0.003979635427854806, -0.02770777134514337]]	[[0.07306960700687926, -0.5709362227915245, 0.2442736578852123, 1.2085525009529754, -2.899324317409915, -0.0008101332473980891]]
[[0.09216576938148291, -0.0027599256616644835, -0.198728680986185, 0.011723344803874132, -0.002024234878034571, -0.02260117173552156]]	[[0.07306268791701753, -0.5709502652783965, 0.2442872249971889, 1.2085156646037618, -2.8992845405766072, -0.0006619469790930074]]
[[0.20244983483831616, -0.5626481785295849, -0.2368637972978996, -0.00019851991509033324, 0.0027894094392875816, -0.025972843451022035]]	[[0.07307301032218096, -0.5709486722344049, 0.24424674792965906, 1.2085119813884373, -2.8993266527398016, -0.0007363496849201508]]
[[0.22533451179204603, -0.4794810519840004, -0.2327275833078012, 0.004080787019582744, 0.002100871768445504, -0.03164293850680189]]	[[0.07306508078355224, -0.5709377051713684, 0.24418939563660924, 1.2085350458511077, -2.899282307196628, -0.0009067744967764272]]
[[0.02505304725254015, -0.588575812435866, -0.1461502390074236, 0.005341241557611761, 0.009448017108250576, -0.03103671285697948]]	[[0.07307969724704104, -0.5709445541050152, 0.24419773420655394, 1.208524837813003, -2.8992578170929484, -0.0007763301323128878]]
[[0.2859610008392282, -0.5877154247086054, -0.28687787103728585, 0.007808522473782809, 0.0009618136498040428, -0.030294030126635226]]	[[0.07308284879035513, -0.5709428428932324, 0.24416417027056944, 1.2085742478889125, -2.8992773789960835, -0.00083232785353392]]
[[-0.003952870617808302, -0.5054923735746, -0.15818037069117616, 0.0050459545573700755, 0.008971301105031484, -0.02742541985531438]]	[[0.07307597067548594, -0.5709502826493046, 0.24413855654900887, 1.2085478152449822, -2.8992626793007963, -0.0008327029091355195]]
[[0.3541752111362386, -0.03630459958837373, -0.46573256634754384, 0.011030123176790634, -0.0002954560227118215, -0.027412141221371124]]	[[0.07305542881704075, -0.5709485072360909, 0.24411708039951943, 1.2085438667541042, -2.899354920286664, -0.0008089723673131627]]
[[0.4455045435444601, -0.21742250680979852, -0.2186546396214231, -0.003603604391461835, -0.011507155583000948, -0.03210131032832008]]	[[0.07307159338355874, -0.5709317167292517, 0.24408560858110478, 1.208557347577555, -2.899285289448725, -0.0008512104599913447]]
[[-0.27810160953553187, 0.07399996154820868, -0.29573194473901104, 0.004837498348975004, 0.002734583669149111, -0.03100352586324024]]	[[0.07306012328353288, -0.5709365794757715, 0.24405760023464487, 1.2084225328999363, -2.899355290052857, -0.0008866931842422802]]
[[-0.16213248117725962, -0.10453444543271885, -0.13471635073779914, -0.002082475192580068, -0.0020018463479792273, -0.03420978851361772]]	[[0.07306499790169792, -0.5709339139889175, 0.24401178184934946, 1.2085227333928295, -2.8993017091514712, -0.0009257636828925299]]
[[-0.5696437396783587, -0.3772438895029548, 0.03904355631371102, -0.00678823647031658, 0.010923211610739243, -0.026445875043318103]]	[[0.0730697830405756, -0.5709366118095037, 0.24396892073747523, 1.208502554902719, -2.8993510895896946, -0.0010187019118557438]]
[[-0.13830867053577311, -0.2988594876977998, 0.0301136577500192, -0.004814613572451084, 0.002208957420268906, -0.02788519557342719]]	[[0.07306777380578737, -0.5709345441389233, 0.24397117659415732, 1.208549314495819, -2.8993170908044927, -0.0009446574395776586]]
[[-0.1881729733205375, 0.08726920138249616, 0.047632536832481885, 0.0012075354805831657, 0.001860102640457081, -0.034071149907296455]]	[[0.07305378470469143, -0.5709263804436262, 0.24394036425029603, 1.2085190741954692, -2.899292758301364, -0.0010200207690438101]]
[[0.07184380023250059, 0.16105396725888066, -0.015221457210156608, -0.004767571247788529, -0.00700847794637897, -0.031742703469962635]]	[[0.07306922908474744, -0.5709253657899113, 0.24391598589905564, 1.2085236408751419, -2.8993038673085874, -0.0010192937519133622]]
[[-0.3044215912955763, -0.022433020867868775, 0.11316472616832148, -0.016120341172625036, -0.005765914994172601, -0.02711972782874588]]	[[0.07307990234016143, -0.5709382038617561, 0.24388467362926658, 1.2085886319160757, -2.899263532742864, -0.0009985730012135716]]
[[-0.3044215912955763, -0.022433020867868775, 0.11316472616832148, -0.016120341172625036, -0.005765914994172601, -0.02711972782874588]]	[[0.07307990234016143, -0.5709382038617561, 0.24388467362926658, 1.2085886319160757, -2.899263532742864, -0.0009985730012135716]]
[[-0.2067343309211555, 0.07687452135976174, 0.15539465628529917, -0.012955630054193278, -0.006648519439155858, -0.027129312959223915]]	[[0.07307246393553479, -0.5709182956977477, 0.2438469145788582, 1.208536939940181, -2.8992869798953276, -0.0010748946650971731]]
[[0.1132130370482132, 0.22929109877925016, 0.1868981382314524, -0.003292991643849303, -0.0069477841372761395, -0.028901632709027087]]	[[0.07307745593030357, -0.570915985433846, 0.24380307009685442, 1.2086028385082774, -2.8992484517483748, -0.001150165693838471]]
[[0.20514148667479118, 0.10082534965724851, 0.23861666443411458, -0.0006836839407994674, -0.007782396614769476, -0.029950631450484533]]	[[0.07306877382151333, -0.5709274292732155, 0.24381505702006306, 1.2084846202870767, -2.8993077112051218, -0.0010186504557990685]]
[[-0.12068229819619268, -0.23224311976300205, 0.238684602898242, -0.005690653540301491, 0.0012124292562974196, -0.038002945488049056]]	[[0.07305626938556674, -0.5709138609247019, 0.24376147766762707, 1.2085204017345106, -2.899295962091075, -0.0011495515060101426]]
[[-0.13385193903918466, -0.22005694589683095, 0.13727127047225568, -0.0048157894799874795, 0.007114220613339424, -0.02689137846868934]]	[[0.07304635216501563, -0.5709221345872093, 0.24371301768897083, 1.2084726340965943, -2.8993296732413074, -0.0011856209003054017]]
[[-0.20479229170947197, -0.11279437107325457, 0.299726938635695, -0.007048182300245322, 0.004235034660751499, -0.026339482968980647]]	[[0.07305890412901793, -0.5709243793420073, 0.24367697563643786, 1.2085511906339284, -2.8992728955454075, -0.0012614042640733865]]
[[-0.38848076347394744, 0.24682947681757406, 0.40251748715385705, 0.0012950147605366115, 0.0033367484368482686, -0.02991172339564408]]	[[0.07306374043266838, -0.5709304523272095, 0.24366782652346863, 1.208524973057251, -2.8993076588506943, -0.0011672678453207644]]
[[-0.8059169158779999, 0.009099069669055049, 0.3612200937860482, -0.005247944372473124, 0.0131877891890671, -0.026437771177151757]]	[[0.07307006389483213, -0.5709242105054763, 0.24362082929373136, 1.208565864414955, -2.899306568895542, -0.001296329958846956]]
[[-0.17165403531785223, -0.044813875065481665, 0.39720728170245684, -0.005459875992455658, 0.002996699577698177, -0.029749234776468486]]	[[0.07305825078431595, -0.5709295293454995, 0.24363730286853386, 1.2085063035784196, -2.899262503376461, -0.001149248452470286]]
[[-0.1920218884958575, -0.1464467464528877, 0.3280884040466822, -0.007486588503780019, 0.004958482432320999, -0.025937752982615962]]	[[0.07304425272295058, -0.5709198874975445, 0.24358195919364387, 1.2085041780969163, -2.899306178013983, -0.0012786531350814062]]
[[-0.2638099564716845, 0.14008387852051357, 0.1978010056722715, -4.678845804086335e-05, 0.006574731851933061, -0.03072653607281828]]	[[0.07306798667445623, -0.5709185345058958, 0.2435589088513466, 1.2085138776770465, -2.899327760836067, -0.0012586860326617296]]
[[0.06492211656200844, 0.25609922365227167, 0.2512288450222342, 0.008432338087830081, -0.0004186359428548, -0.02936312799082219]]	[[0.0730565911507022, -0.5709214376958238, 0.24351743207677015, 1.2085125849493472, -2.8992777042581284, -0.0012987316965569983]]
[[-0.41045486054606495, 0.054560384864362765, 0.32028299975297975, -0.002666110941626216, 0.007174548837973958, -0.022855505896491296]]	[[0.07306116220730184, -0.5709105327762896, 0.24347182086766123, 1.2085534824434856, -2.8992764902999695, -0.0014279857901864338]]
[[0.09268870383073141, 0.04507259775671467, 0.19152889539726406, -0.00563153099903526, -0.0064619021723289405, -0.030307829689001944]]	[[0.07305335475304361, -0.5709216915280578, 0.24348394165309528, 1.2085435137292053, -2.8993035670535194, -0.0012955178503104585]]
[[-0.37507229560447036, -0.24354488096204696, 0.22069607086382692, -0.017146688589339334, 0.0031648434337193656, -0.02378284140063828]]	[[0.07306474010810649, -0.5709233875799998, 0.243437133348398, 1.2084962770744987, -2.8992855259270622, -0.001334164053017777]]
[[-0.4661608062914214, 0.2087181407130674, 0.3838056906988348, -0.006888046553224751, 0.0033696002418615078, -0.025789844439171077]]	[[0.07303579312187305, -0.5709196071055485, 0.2434097269426054, 1.2083787227087381, -2.8993479732353133, -0.0013507698822729439]]
[[-0.4431309196999541, 0.12018839654830574, 0.2054022032713263, -0.004905639433765746, 0.004535258058946904, -0.024790190985902134]]	[[0.07305532388789013, -0.5709146115962115, 0.24340600193379205, 1.2085522599405314, -2.8992756734108993, -0.0013499457091781645]]
[[-0.18795486164181482, 0.119533357567462, 0.1565248689373171, -0.0014036769327979651, 0.00036276295895968345, -0.02769393118075549]]	[[0.07305132115603491, -0.5709161511996559, 0.24336551817361862, 1.2085270265228425, -2.899312751024482, -0.0013677089741643824]]
[[-0.24662141848163263, -0.29459353877301503, 0.14765565042693443, -0.007699629328941428, 0.004810728121691523, -0.022791203524695235]]	[[0.07305754248030642, -0.5709170839545478, 0.24332517500260156, 1.208522641408302, -2.8993022619182063, -0.001386822836139881]]
[[0.02206236544360303, -0.17193351289870235, 0.28908902732090763, -0.009003871403394564, -0.002908545953093359, -0.027108255511418097]]	[[0.07305704119424573, -0.5709088645748164, 0.2433201367172617, 1.2085312697372506, -2.899322895441027, -0.001309069005879962]]
[[-0.44841561780525135, 0.1546957486144971, 0.3117369219283241, -0.00029834708484616527, 0.0050224878717487825, -0.025210858054105986]]	[[0.07307875161517853, -0.5709139125789934, 0.2432879374041639, 1.2086205214507535, -2.8991960333968656, -0.001387738372502885]]
[[-0.2851527598680865, -0.07861127429631522, 0.23301342121103932, -0.00944692843799256, -0.0013988354078917605, -0.024703378734392482]]	[[0.0730625653571047, -0.5709209419984067, 0.24326704146303033, 1.2085430351121036, -2.8992518099674562, -0.0012727509960603694]]
[[-0.2851404199104878, -0.07860697591496872, 0.2330299715532844, -0.009448006135661654, -0.0014002306645923331, -0.024702887532679133]]	[[0.07307898494082014, -0.5709285526294636, 0.24325694968273195, 1.2086003396989773, -2.8992926871237703, -0.0012312093231598167]]
[[-0.025512614042674957, 0.05907130199029301, 0.13880790099879575, 0.0004960960733079857, -0.00011609698854330309, -0.029212346615418123]]	[[0.07306023901371067, -0.5709308085674349, 0.2432289317639308, 1.2084944192663263, -2.8992854641904886, -0.0012328723659507284]]
[[-0.1693786379666283, -0.18499748708336192, 0.1514685165568664, -0.006128895491311228, 0.004800450096325119, -0.028419571712537988]]	[[0.07305586674167752, -0.5709157361186562, 0.24318307711145143, 1.208535157187439, -2.899283709725987, -0.0013262000235642305]]
[[0.08055419688494997, -0.16480535131980484, 0.15233624380818775, -0.005542816736888961, -0.002563145556294507, -0.03411273631334158]]	[[0.07306683663463565, -0.5709165037657248, 0.24316562643995696, 1.2085558080087713, -2.899233762005544, -0.001250771498353228]]
[[-0.08185695780413943, 0.19164704093667614, 0.11005816125399709, -0.0007898520859430287, -0.002955124520847273, -0.02819233363020798]]	[[0.07304909975415931, -0.5709199948551882, 0.24313444732295955, 1.2084776602832332, -2.8992937638721594, -0.0012688735330661633]]
[[0.018413809197514744, 0.04352673152819016, 0.1470428493506568, -0.007116707982146101, -0.003605497954819115, -0.03259487121050279]]	[[0.07304230712041675, -0.5709208591329674, 0.24310917308751456, 1.208547700486709, -2.8992652534070813, -0.0012871356855423113]]
[[-0.15837820763998095, 0.11762783753786848, 0.2366977691602164, -0.0011359992457712353, -0.004899427746075586, -0.032560879956353025]]	[[0.07305846270124068, -0.5709294724116455, 0.24311216249440493, 1.2085243814849271, -2.8992581081912596, -0.0011551888020831871]]
[[-0.3312783039806496, 0.012421867019998895, 0.1036981553862151, -0.00920484075356511, 0.005707816181605226, -0.025773431960227258]]	[[0.07305313263917079, -0.5709342816064427, 0.24307580922889943, 1.208507239294397, -2.899265826534327, -0.0011734303316474212]]
[[-0.2608997423570369, 0.1402276414639192, 0.05449649194051826, -0.0022191430558337667, 0.0027144958299780662, -0.0290755140404497]]	[[0.07304958815171697, -0.5709367616437541, 0.24306083183327162, 1.208498993462145, -2.8992949497633407, -0.0011146246656824714]]
[[-0.2876998681122707, 0.11296560536239782, 0.08559508553631615, 6.222120818789173e-05, 0.005305762260483281, -0.023390017400191858]]	[[0.0730496484642842, -0.5709212039172346, 0.24301326901900075, 1.2084771218327948, -2.899292679966496, -0.0011725583597685988]]
[[-0.28770741820641743, 0.11295861865053705, 0.08557892705707673, 6.252898544472675e-05, 0.005303859015355311, -0.023390448227770422]]	[[0.07307650038396514, -0.5709315755635948, 0.24303893980907287, 1.208551005671481, -2.8992717586929873, -0.0010398359649579207]]
[[-0.025654765364736945, -0.254075793885263, 0.18090880220387584, -0.00691203876245975, 0.0023393133241186685, -0.031342392624659245]]	[[0.07306961315225712, -0.5709355113605967, 0.24300618580704522, 1.2084940488474287, -2.899281123777033, -0.0009649243493614839]]
[[-0.15358895660439267, 0.06921163880795231, 0.03713396266417177, 0.0028058519768862852, 0.005758355106464779, -0.030012223212813313]]	[[0.07307239149254746, -0.5709428953511545, 0.24299883421211504, 1.2085101380289314, -2.89927320871279, -0.000908134793325262]]
[[-0.08874323898378592, 0.018436858343040284, -0.0161486361353865, 0.002769972268534323, 0.005564990746832258, -0.028255006230094727]]	[[0.07305694885826987, -0.5709404606699969, 0.2429665661886981, 1.2084929566961324, -2.8992805880146055, -0.0009091702231384982]]
[[-0.03009906110168507, -0.06712015689090349, 0.05200007131876414, 0.0010003395139376674, 0.005452444568589954, -0.023619928799324043]]	[[0.0730824792706105, -0.5709316830336456, 0.24292597081480555, 1.2085978566172182, -2.8992382767513054, -0.0009644455073088837]]
[[-0.084742641846379, -0.25811881881324084, -0.026402009080664205, -0.0027222507704933864, 0.007470470020857918, -0.02706131909380642]]	[[0.07305126466386763, -0.5709479774312978, 0.24288327134880727, 1.2084020821625674, -2.899306140536058, -0.0009661180777226934]]
[[-0.21470492400849267, -0.5736132395502159, 0.13602774189634345, -0.002664380690845694, 0.011640941551011672, -0.023047954432269854]]	[[0.07306654128634552, -0.5709409783908247, 0.24286634414677774, 1.2085274404398985, -2.899215280544087, -0.0009679480539829516]]
[[-0.3280430557654465, -0.6347277693381357, 0.3148006236192601, -0.0020453483287386515, 0.012641511220937079, -0.033486932427703696]]	[[0.07308040693769699, -0.5709450779434719, 0.2428731967994141, 1.2085962602880402, -2.899236800432121, -0.0008541312777497339]]
[[0.15987923121840983, -0.5208314272721152, 0.0336344380582338, 0.0014406121721871365, 0.00172709111206464, -0.02310049088047055]]	[[0.07309372349170154, -0.5709461300231381, 0.24285083636961607, 1.2085919176203372, -2.8992244529539795, -0.0008343605331996536]]
[[-0.28918075101582064, -0.4415677302462174, 0.09264468009501878, 0.005386380356722779, 0.011319541733135322, -0.023739832412529704]]	[[0.07306741785629763, -0.570949140776921, 0.24283307254827635, 1.2084916616521786, -2.899279899288274, -0.0008158377169992134]]
[[0.03481765079720697, -0.3349984344854582, -0.051790525907683065, -0.00017521711658104872, 0.006045498957666585, -0.02308400941364123]]	[[0.07308265850552072, -0.570944239018615, 0.2428050526256268, 1.2085717740785236, -2.89927371527477, -0.0008719677603673226]]
[[0.09341892290634486, 0.2372794930133625, 0.029983812881244555, 0.013176772971644633, -0.0024605916577466304, -0.03058581642674218]]	[[0.0730810501862863, -0.5709466630017969, 0.2427726444950381, 1.208614388141957, -2.899229906405213, -0.0008545727037644383]]
[[-0.16384696997692882, -0.32555305577956184, 0.0654393323202208, -0.0034374487041611574, 0.0013554395119240727, -0.02567484205127971]]	[[0.07308664390885897, -0.5709391146423687, 0.24276240945244856, 1.2085670331581297, -2.899262191932224, -0.0008343805398811424]]
[[-0.020835578977039658, -0.047621453088729206, 0.007244506456173767, 0.005739872126199818, -0.001560317840252992, -0.029810170093954726]]	[[0.07307130354934771, -0.570939659864013, 0.24272771971489232, 1.208476011096138, -2.899289047260583, -0.0009109493978416838]]
[[-0.2594610046461804, -0.38916473839709675, 0.04429927958284459, -0.0005666651526420926, 0.006273731673147896, -0.026697914733972653]]	[[0.07308339236515919, -0.570946069358544, 0.24271238444750076, 1.2085715777037138, -2.8992734448906186, -0.0008334890307669301]]
[[0.4213030770194517, -0.2572094436841459, 0.05623177287493942, 0.0045983009432160795, -0.01057867337646531, -0.02854598675458912]]	[[0.07308318351982925, -0.5709368382741953, 0.24270605387623181, 1.2085396881919734, -2.899247049706807, -0.0008359069494577172]]
[[0.4658106968660265, 0.014283057492442908, 0.028034143010510597, 0.002961479252849411, -0.007665075573941439, -0.033908130317620196]]	[[0.07308249411612039, -0.570943651823847, 0.24266681027452291, 1.2085546643283653, -2.899281558825094, -0.0008714597308001974]]
[[-0.44939482748833626, -0.20414522916650107, 0.16454655535370685, -0.00271005093991321, 0.011787872999659386, -0.02166976104497309]]	[[0.07306708880516086, -0.5709480233361848, 0.2426666493809073, 1.2085094180028624, -2.8992721318828885, -0.000758257876166354]]
[[-0.4494264490986811, -0.0448870153713998, 0.12539266214438205, 0.0009055292072221383, 0.00928202359210863, -0.024454458000267437]]	[[0.07305291239971712, -0.5709519045136152, 0.24265176075758368, 1.2084519633503346, -2.8992822180856623, -0.0007591043949625251]]
[[-0.27771542133291005, -0.005676564491336494, 0.061253984632644254, 0.00034744028582232855, 0.0072283938770168026, -0.02412401964082539]]	[[0.07307809613210695, -0.570935278500877, 0.2425788669890333, 1.208533196972903, -2.899280541239524, -0.0009859079750519583]]
[[-0.46838672756853394, -0.09001001511305529, 0.07239035561554909, -0.0074607922026219044, 0.0035876975962415153, -0.020755783330405064]]	[[0.07306112352771459, -0.5709320792554811, 0.2425683753960438, 1.2085454276294838, -2.8992609787004353, -0.000910001422615768]]
[[-0.357465033246273, 0.2097051266154864, 0.0996543275132371, -0.0026547081005423995, 9.113823341916892e-05, -0.020710346398566365]]	[[0.07307466963599238, -0.5709260074396612, 0.24253772620442338, 1.2085683201042279, -2.899265328470847, -0.0009474502896937359]]
[[-0.3300858408314361, -0.38836672405820194, 0.138881461214027, -0.012387055268157292, 0.006453038626629038, -0.023866775667238205]]	[[0.07306232016825709, -0.5709318099530334, 0.24250804079812555, 1.208480782740718, -2.8993007214315303, -0.0008902705436635192]]
[[-0.28306588084680956, -0.07681005854780948, 0.11263459407853829, -0.0027122583237703243, 0.007147982501226863, -0.027605065893955852]]	[[0.07306232016825709, -0.5709318099530334, 0.24250804079812555, 1.208480782740718, -2.8993007214315303, -0.0008902705436635192]]
[[-0.284883264424478, -0.18063751856032229, 0.09517421684000424, -0.005592229038469976, 0.0053317237474889215, -0.023788168301070233]]	[[0.07306940785219729, -0.570930921223322, 0.24248284356671046, 1.2084989178449035, -2.8992936735890527, -0.0009080364588115466]]
[[-0.30992824160501053, 0.2559312790900353, -0.04007477948972929, 0.003056712912396851, 0.0038787411625007895, -0.02861334926907546]]	[[0.07305945842180761, -0.5709311678738276, 0.24247996680623965, 1.2084879442763214, -2.8992710327782327, -0.0008910658970946264]]
[[-0.41219470868367114, -0.0027611762635509907, 0.24294647696597613, -0.004624158588135089, 0.00357375305918501, -0.03191707846119632]]	[[0.07308575864645706, -0.5709244210369313, 0.24244089967482665, 1.2085579866952223, -2.899242463099287, -0.0009107770086734655]]
[[-0.41883811348766353, 0.1675604477769272, 0.0363662420216722, -0.0024746747768461756, 0.011533530723844623, -0.017428690431625187]]	[[0.07306267909521351, -0.5709128727176377, 0.24242194094383124, 1.2085341940201224, -2.899280599111924, -0.0009654761848965164]]
[[-0.10230033863220143, -0.028369718543706707, -0.03010948901250068, -0.007189429440550739, 0.0029504156606008363, -0.02387024770761588]]	[[0.07307551514698865, -0.5709280910336435, 0.24240229359334958, 1.208550874699354, -2.899272425944062, -0.0009069910934473438]]
[[0.07112161131038662, -0.011906960682454126, 0.0253504776752399, -0.0012601339104076482, 0.0062030462267437265, -0.026241083448333914]]	[[0.07305797166779594, -0.5709271201036393, 0.24232993897838728, 1.2085241318454647, -2.8992587712830806, -0.0009845078469327031]]
[[-0.07295080636120291, -0.06324959810111085, 0.1486190340411109, 0.0018079635466467284, 0.004842498235099168, -0.02297551844556188]]	[[0.07306942061664858, -0.5709221845709863, 0.24230727943506875, 1.2085721760265835, -2.899225962855801, -0.0009851045824899383]]
[[-0.012006653276594031, -0.2648308859922959, 0.22444377515881708, -0.00031025293032820077, 0.005019280958506465, -0.026626036675196547]]	[[0.07306525547208913, -0.5709231504365342, 0.24226906228605588, 1.2085818399621726, -2.8992513963376405, -0.0010956490905493542]]
[[0.08842170140762803, -0.09111192761933164, 0.02010812668463657, 0.00035535103617637435, 0.001692298256847477, -0.02779262395116039]]	[[0.07307062639452216, -0.5709219841464305, 0.24228992379196934, 1.2085420363325583, -2.8992510876837456, -0.0009645524973310594]]
[[0.02489350257279676, 0.11976538735498822, -0.03197541814725668, -0.00029938943004363086, 0.0032972863468321905, -0.023709781035573557]]	[[0.07307062639452216, -0.5709219841464305, 0.24228992379196934, 1.2085420363325583, -2.8992510876837456, -0.0009645524973310594]]
[[-0.15947743778610363, 0.23192077633812747, 0.035483488600942116, -7.80706663773047e-05, 0.00031441969376799024, -0.02842247563960859]]	[[0.07308800947058368, -0.5709266737099102, 0.24224158133857923, 1.2086163290790428, -2.899235056952886, -0.0009996262413968057]]
[[0.02661874802567238, 0.4142083165132088, -0.021128530460851166, 0.005431627082022277, -0.0058848442017665915, -0.025954414572387643]]	[[0.07308066560331557, -0.5709260434388053, 0.2422211057209352, 1.2086154060212655, -2.8992347699279417, -0.0009628593535384739]]
[[-0.15347332901523292, -0.5270398399699197, 0.10485473627394039, -0.017741374434248725, 0.00026153680814000775, -0.026902885024836454]]	[[0.07306589634762435, -0.5709194725455506, 0.24216697118022673, 1.2084602699602545, -2.8992494871328764, -0.0010779450279568914]]
[[-0.07924466818367472, -0.13824311739147294, 0.0935586149514248, -0.0032541124580882687, 0.002310121139168207, -0.027033991008522645]]	[[0.07306909433216686, -0.5709298141604675, 0.2421565304157397, 1.2085344331242942, -2.8992821466117378, -0.0009802882721644353]]
[[-0.017500175637395365, -0.44771333133081337, -0.035048366216296534, -0.008475627060702897, 0.0038789783033045602, -0.020818382479778047]]	[[0.07305775554557276, -0.5709298134011584, 0.24210488629217453, 1.2084853832999678, -2.8992655170636867, -0.0010938639222129547]]
[[0.08149625243907123, 0.007027342767886101, 0.00759816074457547, 0.002871198808033803, 0.0010171124073453932, -0.02550014039062787]]	[[0.07306454056452251, -0.5709176474284839, 0.2420894953863046, 1.2085527683901478, -2.8992772934287294, -0.0010913356551735638]]
[[-0.32530877938112013, 0.061643395838243104, 0.22107796713651587, 0.002172504169817879, 0.0033112021373638747, -0.021619671409343885]]	[[0.07306595226887226, -0.5709228611392169, 0.2420757017406265, 1.208506495514449, -2.899216504010515, -0.0010187588908606882]]
[[-0.44020217098209913, -0.21316203567080522, 0.1534484198041014, -0.01011109231759112, 0.007136981860259428, -0.023974884321967073]]	[[0.07307658633020374, -0.5709254561156479, 0.24204861875291628, 1.2085682666572497, -2.899217104825766, -0.0010362550844945481]]
[[-0.4616270813676939, -0.40095196554977935, 0.22862846222831604, -0.018119004333817287, 0.0075093860326888, -0.026963931376345503]]	[[0.07309040557253217, -0.5709105148041907, 0.2419922905354277, 1.2085708867107317, -2.8992722112540656, -0.0011835324502712358]]
[[-0.6073421109089323, -0.1862113754398812, 0.3564638679596517, -0.01588517459766533, 0.007546291078740543, -0.030692613501527594]]	[[0.07306247118321012, -0.5709190403259397, 0.241995541915439, 1.2085950834767965, -2.8992328399971763, -0.001070884392686801]]
[[-0.3195435149055206, -0.025714407958751684, 0.12843355366554898, -0.011265022023210227, 0.0004314663120134222, -0.026529549925925943]]	[[0.07306236849826017, -0.5709313899118984, 0.24200874102120296, 1.2084632037148344, -2.8993100496190243, -0.0008619746443668628]]
[[-0.3881344104352331, 0.1427044060483561, 0.1812122587509036, -0.008236866805029512, 0.005507080245388466, -0.024017759367446562]]	[[0.07308181647494151, -0.5709168608660842, 0.2419513547794661, 1.2086241512358427, -2.899207189404621, -0.0010325381817978452]]
[[-0.17157333967035587, -0.018064805733083916, 0.35881284567278354, -0.00824865932164666, -0.005541183730804828, -0.026018904283066403]]	[[0.07308181647494151, -0.5709168608660842, 0.2419513547794661, 1.2086241512358427, -2.899207189404621, -0.0010325381817978452]]
[[-0.35736853305947947, 0.33802402240982765, 0.28603021733782164, -0.0032749656124680853, 0.0028535019967908842, -0.02182112873007231]]	[[0.07308792712019228, -0.5709260453964095, 0.24191284228720908, 1.2085816818636441, -2.8992498268100926, -0.0009351596607071049]]
[[-0.5943335893244424, 0.15176256536990573, 0.41468966520530265, -0.009678294134673353, 0.003363660813647446, -0.02890834500553466]]	[[0.0730868077900368, -0.5709230220726772, 0.24187444546148337, 1.2086330460923915, -2.8992290067923814, -0.0009522861415229522]]
[[-0.49832268909296196, 0.32116234067240956, 0.3362139249198821, -0.006175122470430909, 0.0021119068918442375, -0.0261690327883758]]	[[0.073093103449714, -0.5709364344131459, 0.2418596212764003, 1.2085858825540563, -2.8992603742183576, -0.0008951489170604691]]
[[0.057461819808518576, -0.07192607196526063, 0.2147993145735826, -0.012680268649968384, -0.0104271497349629, -0.02894517856275005]]	[[0.07309176799946261, -0.5709275711273123, 0.24182809795721164, 1.208619423146164, -2.899194332485055, -0.0009163389518523918]]
[[-0.01994113253366641, -0.049035461335010605, 0.37843056298908184, -0.005007661867406811, -0.0009955666598832026, -0.026888195680834528]]	[[0.07306886659579087, -0.5709358006090305, 0.24181002096967996, 1.2084719981103969, -2.899280882969016, -0.0008784361857331092]]
[[-0.20054676024971807, 0.426939970667344, 0.27702747080627, 0.012443004617980619, -0.0010317773143634487, -0.03516591441028548]]	[[0.0730770583338822, -0.5709349718374286, 0.2417689898129074, 1.2085290671878632, -2.899271998880853, -0.0009123926358010768]]
[[-0.9941931608721781, -0.03602599457546113, 0.3366365247875957, 0.003448026827494394, 0.016072651055244195, -0.021054118283110792]]	[[0.07308369036180735, -0.5709372291296587, 0.24173785060281522, 1.208559117384665, -2.8992448594320135, -0.0008747745210997782]]
[[0.1864776806832228, 0.10891594325264392, 0.11193665486563449, -0.004930761269991479, -0.014560612739229598, -0.034528342768356826]]	[[0.07308811831141279, -0.570938541753087, 0.24173037264246683, 1.2086415552222176, -2.8992482724324913, -0.0007792586196714044]]
[[0.05201419180451018, 0.12430334969272505, 0.1241512322938241, -0.006323541674821531, -0.008309239747244263, -0.02993552461280211]]	[[0.07309473375978201, -0.570940521749732, 0.24171653235851312, 1.2085670321052806, -2.8992660943912267, -0.0007622455834691893]]
[[-0.18637143987519472, -0.038322377487891204, -0.028256016905116806, -0.0017544559398791413, 0.004022439187835144, -0.027429734053630705]]	[[0.07307582875268323, -0.5709437736121246, 0.2416925036567837, 1.2086068645384838, -2.8992625351469594, -0.000761200841516252]]
[[0.23206005224446657, -0.23366584469743015, 0.22044177307700222, 0.002519030035871273, 6.330910378996089e-05, -0.025135491597223652]]	[[0.07309205959573145, -0.5709436874214634, 0.2416746070720894, 1.2085704293563684, -2.8992235135413935, -0.0006890770667405617]]
[[-0.01322993442364423, -0.11621171572752334, -0.03202468577807483, 0.01075123267337932, 0.003392375627797391, -0.029105594674359615]]	[[0.07309419332103234, -0.5709460126537231, 0.24163743708769964, 1.2085572988834303, -2.8992428558084113, -0.0007244759646295578]]
[[-0.10121925957282848, -0.42247781516351, 0.073076853205753, 0.003486419540210674, 0.013121837149228675, -0.029535682699008952]]	[[0.07311777404981733, -0.5709480809009458, 0.2416414164969975, 1.208630992528946, -2.899223230203608, -0.0005943172568928621]]
[[0.06680000569809944, -0.10029266734280966, -0.3454845873196294, 0.00939121000096322, 0.0051716236027707415, -0.020779698453969]]	[[0.07309744529010584, -0.570947595769075, 0.24158027484269898, 1.208584670043447, -2.8992582405466427, -0.0007071072062995773]]
[[-0.2288011903593689, -0.3710252425212259, -0.11323490755611276, 0.003451679283015205, 0.015242664495261826, -0.020496454854247406]]	[[0.07308587845568285, -0.5709528748874229, 0.24156546826306446, 1.2085437979855516, -2.899208546566554, -0.0006534101767387501]]
[[0.22449574458788268, -0.08122081756399342, -0.1976163291817164, 0.012840746726358225, 0.002560852643788387, -0.03422688910847697]]	[[0.07309976342259773, -0.5709570248950678, 0.24157239055402419, 1.2085787442184182, -2.899244159665571, -0.0005391125337596076]]
[[0.04378534747097157, -0.6364033070600761, -0.060194916507192255, -0.0001737083671505251, 0.007405776651935944, -0.030246943016252564]]	[[0.07308339475640718, -0.5709670828341851, 0.24155064808954038, 1.2085486794661686, -2.899269692548432, -0.0005384245498926745]]
[[-0.13308882571588154, -0.41379154230933146, -0.09520628609367676, 0.008475190750467028, 0.009891340211153054, -0.025085323823682552]]	[[0.07310038457104491, -0.5709485652036627, 0.24149665805610024, 1.2086108780665088, -2.899272798511583, -0.0006704112559991936]]
[[0.20060767068962246, -0.11096102400361477, -0.23506094442239972, 0.012817011207166669, 0.0014524947515213611, -0.021921169833908367]]	[[0.07307671983980808, -0.5709492204077147, 0.2414916425702328, 1.208549669176015, -2.8992717086516584, -0.0006331872861378225]]
[[0.33398672343561336, -0.3017660966363358, -0.2560406636371752, 0.0024857645417013016, 0.00031802822449506765, -0.023427731396751774]]	[[0.07309566390855593, -0.5709460281549145, 0.24147302028486572, 1.2086142630364762, -2.8992319613009707, -0.0006334079614810653]]
[[0.27223792341645314, -0.10658102106534356, -0.2505645221572226, 0.005660999777675422, 0.0011799144360948388, -0.025536575515956336]]	[[0.07307604861774784, -0.5709507530514732, 0.24145011665093055, 1.2085449984101597, -2.8992605345169107, -0.00061413805709787]]
[[-0.26105931690057227, -0.4018669603768904, -0.12425897577853148, -0.00027434540165438906, 0.012672866130778584, -0.025133810438763744]]	[[0.07307786967490577, -0.5709488614453687, 0.24140705555981729, 1.2085193576956996, -2.89929851324069, -0.000670627342133208]]
[[-0.13938357830264636, -0.3552984616804748, -0.05465743393942082, -0.00232595935476491, 0.004975237087103891, -0.02202264682015404]]	[[0.07307364128751301, -0.5709607166027029, 0.24139521083315296, 1.208531409890403, -2.8992789849936504, -0.000596117861574101]]
[[-0.4751555257059718, -0.21153253295151903, -0.009778699851230217, 0.003649911924204991, 0.012671534983417877, -0.022876289156964463]]	[[0.07309539260038699, -0.5709366476454765, 0.2413502953807839, 1.2085496369270554, -2.899222679650242, -0.0007680860820275068]]
[[-0.40409179887447444, -0.12917612047306093, -0.10236600936427394, 0.0005066465492647304, 0.012245889308378695, -0.020321442344430937]]	[[0.07310281638361175, -0.5709548789007094, 0.24135111371286777, 1.2086278298737945, -2.8992652424921963, -0.0006135853905038091]]
[[-0.16791931685424052, 0.22697237964033395, -0.12929974967891464, 0.004731853017564868, 0.003558384535794318, -0.022119155289706476]]	[[0.07311054821768254, -0.5709407736623447, 0.24132396634165443, 1.2086582868925058, -2.8992406185738813, -0.0006510410172113716]]
[[-0.15128084308852038, 0.06080332442751774, -0.08546711760291527, -6.632768871044526e-05, -0.0010374258150546137, -0.02459331029803774]]	[[0.07310178743901533, -0.5709432293819228, 0.241284464974776, 1.2086152024622305, -2.899234559299264, -0.0007258849266571343]]
[[-0.04381405142521591, 0.21916052920068163, -0.09902994694355836, 0.000332793985675901, -0.004044293454429774, -0.024246346244299968]]	[[0.0730721121567902, -0.5709472000626701, 0.24125850047759378, 1.2085367945231162, -2.899240991244158, -0.0007478430066712582]]
[[-0.37512016742744214, -0.3862458170496138, 0.12761555499917546, -0.011604449063511926, 0.0064715448621324966, -0.02708307957286711]]	[[0.07305657771854333, -0.5709445164076871, 0.24124258598011505, 1.208466209778425, -2.8992700896140655, -0.0007282832471475118]]
[[-0.2609942413377545, 0.13950567297083408, 0.07390323763293669, -0.0010211923091474253, 0.005171081260360711, -0.018785467328375265]]	[[0.07308183690210468, -0.570950753472085, 0.24121539762764013, 1.2085589009775628, -2.899245674017876, -0.0007835214954443977]]
[[0.08005562329478316, -0.0070858366577367035, 0.031070352921257444, -0.0037935462612793914, -0.006448340985865329, -0.030089695598587728]]	[[0.07311483306014036, -0.5709454277961047, 0.24120606994346647, 1.2086507459433509, -2.8992717515681568, -0.0007227704559798078]]
[[0.11792103643735392, 0.22723464994451803, 0.003139787690160179, 0.0024442842024414557, -0.003767436689932696, -0.027899811442653993]]	[[0.0730776855869229, -0.5709530992398678, 0.24117253205451686, 1.2085050217012772, -2.8992154671583528, -0.0007282074183344069]]
[[-0.09138168306949727, -0.08308271334693909, 0.04504010342083785, -0.0028786225148719766, 0.001994248585695616, -0.022549313953331977]]	[[0.07308049233999653, -0.5709400632015376, 0.24111708215459973, 1.2085864503139971, -2.899263203360641, -0.0008568038469741564]]
[[0.004910201748672592, -0.11948746753750816, 0.27650629983250535, -0.004887343408595666, 0.004484191714592874, -0.027144038781258577]]	[[0.07308448781426422, -0.5709454339388079, 0.2411219557957547, 1.2085672245566632, -2.8992168635739097, -0.0007833996174788983]]
[[-0.22708995515653418, -0.3077731657592877, 0.2060555634357815, -0.007056580140563906, 0.0053767786093141135, -0.021869481125830457]]	[[0.07309470041165829, -0.5709364979126379, 0.24107280800158362, 1.2085912109752224, -2.8992747554564775, -0.0008749714477369853]]
[[0.07215398957815994, -0.2577732647323243, 0.21297438489342457, -0.007968043715345006, -0.0036376906668933577, -0.027973974250744632]]	[[0.07307848311867776, -0.5709416685912734, 0.24104997212979143, 1.208559753327814, -2.8992478110421924, -0.0008572998275460563]]
[[0.21045007628886578, 0.18271016771176765, 0.27316892022747913, 0.004328506697802699, -0.0014679753033754873, -0.02027508519232716]]	[[0.07309949822447916, -0.5709406732927428, 0.2410110322823802, 1.208594762351892, -2.89923461918899, -0.0009137832214355415]]
[[-0.5309535889331028, -0.2774971123501083, 0.24279817950600685, -0.006338253961392634, 0.009599452441539676, -0.02323550158370778]]	[[0.073087487557986, -0.570942985158175, 0.2410110301057766, 1.2085819630178203, -2.899252666169963, -0.000855785903016651]]
[[-0.22448219060958005, -0.17814231382846785, 0.24846041875864722, -0.00865733244299424, 0.005551670918924021, -0.018613252059904058]]	[[0.07309724571666217, -0.5709398586366222, 0.24096840245520573, 1.2085615454412757, -2.8993013151573095, -0.0009096024047287953]]
[[0.25919968747122485, -0.20683543543327654, 0.09837140290938735, -0.010685112992776084, -0.006369583839842595, -0.020819375643592104]]	[[0.07309874333431664, -0.5709453454123319, 0.24093996032046597, 1.208567554333391, -2.899220042138496, -0.0008938311691005675]]
[[-0.4540449807758654, -0.010307230754370289, 0.15495845002475492, -0.003749426897119909, 0.008738856693289618, -0.024479113500326385]]	[[0.073077608330048, -0.5709355842310846, 0.24092315850957255, 1.2085134491467298, -2.8992829028121694, -0.00091114263577878]]
[[-0.2604413892039277, -0.003569987763332033, 0.24851082142533043, -0.0017198311281135508, 0.0019694085014315636, -0.03184607122655095]]	[[0.07309961283469114, -0.5709338436445771, 0.24090090393215968, 1.2086046925533072, -2.8992586645224003, -0.0009467339953033287]]
[[-0.2417894035885232, 0.0671308023066191, 0.3119368163710646, 0.003673276848091572, 0.0008607040712152317, -0.02391961197698004]]	[[0.0730900373291181, -0.5709273162207829, 0.24084873996914002, 1.2086227034077415, -2.8992531342271333, -0.0010241121090863686]]
[[0.20850200665738072, 0.23039675419474664, 0.10542022568026911, 0.003090353130592329, -0.005023094689152416, -0.027009430044904706]]	[[0.07308005145203877, -0.5709386789483187, 0.24084382523974807, 1.2086391675507562, -2.8992442185260017, -0.0009284188904646399]]
[[-0.1879310838848476, 0.23519249480678617, 0.18873014679730774, -0.003100755172994226, 0.00022922306525868406, -0.01964761735524207]]	[[0.07311432039205192, -0.5709382926807655, 0.24082292689429424, 1.208599706724201, -2.899246924034759, -0.0008877963639306964]]
[[-0.16464653445956953, 0.13276831270930442, 0.16238026709403772, -0.010507061613218485, -0.004105967188176963, -0.024824749869266367]]	[[0.07310880069164317, -0.5709339331064075, 0.2408054490511517, 1.2086376107067465, -2.899191513460233, -0.0008908947456490698]]
[[-0.18334388419646452, 0.21770540983259515, 0.20784026364347924, -0.005396493591774374, -0.0010369310596894136, -0.034520998827631766]]	[[0.07309147612117715, -0.570934406957571, 0.24078812483495426, 1.208564861449574, -2.8992624964781664, -0.0009261671603655974]]
[[-0.08112762641956264, 0.004063204520438096, 0.2677223053074159, -0.006595181041759143, -0.0002654971299365142, -0.026385054920677744]]	[[0.07309754301600804, -0.5709351994776111, 0.24074758856713818, 1.2085953731933876, -2.8992364650715485, -0.0009463689750068259]]
[[-0.3272353554071261, -0.13923817428615148, 0.1302686715065061, -0.0074788815318986195, 0.005278061967636112, -0.016318215732911447]]	[[0.07310466627850445, -0.5709419221328672, 0.24072330276494697, 1.208585360267537, -2.8992144691240957, -0.0009267982428713436]]
[[0.04410046541004153, 0.025667125649700882, -0.10530722393543565, -0.001157514515554689, -0.0041565048162702095, -0.021071298574017374]]	[[0.07310195978013344, -0.5709470006335375, 0.24068979927979822, 1.2085774539197993, -2.8992445404532616, -0.0009626314985501048]]
[[-0.19159799087377238, 0.24041667230093627, 0.04274363460048403, -0.001157416729807569, 0.0039891888106916695, -0.02689790504185224]]	[[0.07311310188095455, -0.5709315848980333, 0.2406623735446376, 1.2086744865518597, -2.899231939484412, -0.0009987889409021772]]
[[-0.07631300200817442, 0.19854923588790555, 0.07978077715600315, -0.00344464016535931, -0.0014033495499306962, -0.026431081737204036]]	[[0.07310522557487603, -0.570932977249503, 0.24062128088480755, 1.2086529657847915, -2.899228992307388, -0.0010352265651534449]]
[[0.21478237387108828, 0.3095470891230918, 0.03518729661071114, -0.004972379634652227, -0.0105093530727259, -0.024437122300949257]]	[[0.07308305791536263, -0.5709412440485234, 0.2406245405404544, 1.2085689065173284, -2.899221814988043, -0.0009239916144818893]]
[[0.038957054798904156, 0.0016062331951059022, 0.1176218459922351, -0.0044962620377872525, -0.005922899451143496, -0.020060265287417476]]	[[0.07310293538882351, -0.5709423737812228, 0.24058763157028235, 1.2086044813000105, -2.8992590059599976, -0.0008838731374631639]]
[[0.2601623873238567, 0.15597682687436693, 0.16080986501736413, 8.300903902962783e-05, -0.010811853386773559, -0.027021874341640596]]	[[0.07310777417838307, -0.5709477452839152, 0.2405791152279055, 1.2086139350840224, -2.899280072193585, -0.0008441061937303063]]
[[-0.18428868742662532, 0.08158653524724115, 0.05085286579966398, -0.0007907895952020401, 0.0006067804844861887, -0.023114630210174902]]	[[0.07313282352284509, -0.5709514543695018, 0.2405610186553606, 1.2086468549716218, -2.8992129356348317, -0.0008093208409050837]]
[[-0.3376320982179678, -0.06456236868508516, 0.10785256747194533, -0.007545402155361891, 0.005420163414199582, -0.025199603915773985]]	[[0.07311352139598275, -0.5709421290617768, 0.24051168582807791, 1.2085732217015992, -2.8992325978632105, -0.0008829880324970913]]
[[0.01944015576270855, 0.2851632573655606, -0.04271127276164558, -0.00247716692105924, -0.0015438408994462689, -0.01760285709072057]]	[[0.07310178228625785, -0.5709555710489183, 0.2405329121530405, 1.2085982303800826, -2.899193401187923, -0.0007533474793133744]]
[[0.012050876448150397, -0.04076752042586619, 0.06930634320747779, -0.01188793523605517, -0.0034061686396342616, -0.02891233812402298]]	[[0.07310011917339783, -0.5709496239478442, 0.24046933896689215, 1.2086267620715927, -2.8992623459656404, -0.0008422678110839918]]
[[-0.2745404627291918, 0.3327455021432508, 0.0962300340921109, 0.002202833443037359, 0.000258360685550968, -0.020825185373077305]]	[[0.07313087513027426, -0.5709659547865984, 0.2404607650574569, 1.208628401908338, -2.8992198442342976, -0.000750825036491648]]
[[-0.30394024801784075, -0.16667090153221956, 0.1180087012430705, 0.0008987478560410493, 0.008620186777678555, -0.018302280069419124]]	[[0.07310423635042712, -0.5709638074031745, 0.24044989999331706, 1.2085678280265018, -2.8992691640125354, -0.0006169932735913274]]
[[0.0036591731826611518, -0.1384144108562258, -0.04706391821480501, 0.001049906307818109, 0.0032784328657077325, -0.02132569693788298]]	[[0.07311827312832797, -0.5709564364000177, 0.24041887026334358, 1.2086120029990295, -2.8992779127739596, -0.0006699314582019792]]
[[0.4159127752272568, -0.035512435089746885, -0.013367436143668334, 0.007214086589705788, -0.0030927481982748395, -0.01966272544026345]]	[[0.07312137054698384, -0.5709557575730855, 0.24040745640151842, 1.2086153699272202, -2.899237089730318, -0.0006368502711009489]]
[[0.12467299194085187, -0.3353893174548276, 0.007698924535466673, 0.003338815012543437, 0.0053175138147191926, -0.023828144559205164]]	[[0.07312171086938901, -0.5709688782584501, 0.24038235498191796, 1.2086754914796134, -2.899235871380112, -0.0005402151773114544]]
[[-0.18493548828295794, -0.29760718374255674, 0.14425476808493537, -0.003973493040931428, 0.008960532362734659, -0.025384050610063137]]	[[0.07311823165539127, -0.5709663911660015, 0.24033730393318564, 1.2086160210719321, -2.899237126206757, -0.0006355341848642087]]
[[-0.08294423986668403, -0.039104625854919875, -0.09265883714997376, -0.005491162344575156, 0.0006982785477725804, -0.027494660209734168]]	[[0.07311470560167042, -0.5709759441201622, 0.24033901172590072, 1.2085977847529952, -2.8992422415749584, -0.0005225149453308148]]
[[-0.07743202447218164, -0.41427855270895564, -0.007873029120288698, -0.011808627219675917, 0.003377968873599914, -0.02863922794020371]]	[[0.07312502848511254, -0.5709586113777849, 0.24030102114134239, 1.2086932586195536, -2.8992297489735757, -0.000578362608043413]]
[[0.17659244937149124, -0.03830578743007003, -0.03741575119814429, 0.00425594505041296, -0.006426918244286499, -0.03177491688768198]]	[[0.07313195645897215, -0.5709751882225059, 0.24029585929051867, 1.2086524789623307, -2.899178682087629, -0.00046813941964810697]]
[[-0.12523043778491172, -0.6252415111578529, -0.06932989917440015, -0.0014332899670905612, 0.01187781599541015, -0.02036694892374175]]	[[0.07313097485024575, -0.5709744757308564, 0.24023945609027714, 1.2086238938449057, -2.899258557762235, -0.0005615829086342327]]
[[0.3728058225413347, -0.13003631846395164, 0.056616538603599824, 0.019168998970024997, 0.0027873238004295486, -0.027719445130612645]]	[[0.07312559040912989, -0.5709600598009443, 0.24020195244180176, 1.208693646763964, -2.8992309407488523, -0.0006171671711584083]]
[[-0.2732837486572082, -0.3542234298811205, 0.11263380813305746, 0.007324702111654795, 0.014419469794008731, -0.022609008480586935]]	[[0.07312758994033404, -0.570972135792135, 0.24022506115143238, 1.2086497889927565, -2.899221195540204, -0.000523977524657042]]
[[0.11336011579537239, -0.07139596249648025, 0.01601499868137214, 0.002389114890837893, -0.007988536349329799, -0.029150929189744754]]	[[0.0731144170423326, -0.5709750391760212, 0.2401848587065898, 1.2086492772955864, -2.899222037291736, -0.000543074015674283]]
[[-0.03901231298525476, 0.01392574736720806, -0.021759642833247356, -0.0023288711804409818, -0.0028372736191578326, -0.0232642035703465]]	[[0.07314024670498125, -0.5709740632104265, 0.2401614617433515, 1.2086237659901298, -2.899205546013898, -0.0005270749686204032]]
[[-0.08861352457767813, -0.8601091105815502, 0.12823954557176578, -0.015399074322163139, 0.0007932367799239779, -0.02478749503886877]]	[[0.0731249625295763, -0.5709720705357191, 0.24013875449618552, 1.2086231567872698, -2.89920597161855, -0.000528492624725594]]
[[0.007795705858675839, -0.6440601950463417, 0.05720823609980531, -0.006736148926272971, 0.005982955922095419, -0.023289893401646562]]	[[0.07312797473355193, -0.5709697359304627, 0.24008866459673128, 1.2086379612244875, -2.899241813786514, -0.0006184836891384932]]
[[-0.11401329944848371, -0.5860996336853544, 0.04648989676687924, 0.0038228410623047096, 0.0071657020614684964, -0.02292745524817804]]	[[0.07315722242376702, -0.570974235868502, 0.24006494607490583, 1.208737433433605, -2.8991867179903683, -0.0005817457532636201]]
[[-0.3149600305672033, -0.45053569793493664, 0.11773304734267592, 0.0027151143426793127, 0.009288307890957671, -0.026148827087882177]]	[[0.07315715710915524, -0.5709706541804687, 0.24005164514505306, 1.2087247661096334, -2.899204998803166, -0.0005816894429476637]]
[[-0.2377611720528409, -0.33027924157709654, 0.09228974646280091, 0.0010353690382544603, 0.004112940708897264, -0.0331464675224685]]	[[0.07312724102897342, -0.5709676654852631, 0.24004121584850213, 1.2086376187088193, -2.899241012745504, -0.0005630805965738111]]
[[-0.04364933731987625, -0.30908049128267867, 0.020382623859784645, 0.0028238382475508127, 0.0007850878066254445, -0.021854621669490537]]	[[0.07313251044016449, -0.57096341728181, 0.23999211655578842, 1.2086967004649454, -2.8991389870882136, -0.0006042949895021585]]
[[0.0373332574289999, -0.40944689283903846, 0.14496388909116248, -0.0046023907684695775, -0.005925243244550093, -0.02253818516795882]]	[[0.07314082609532457, -0.5709650953595068, 0.23995725970306203, 1.2086909573999403, -2.899221230326152, -0.0006561513932048877]]
[[0.008708196625646036, -0.3455660642125997, -0.0171182338224725, 0.0034613739203759597, -0.0050501506019467665, -0.0238829552756733]]	[[0.07316213559272636, -0.5709648328692443, 0.2399436992765726, 1.208707386927347, -2.899214018981563, -0.0006371306688944088]]
[[0.5210728369930483, -0.3092806525865892, 0.04060522468115744, -0.0027990482190358885, -0.010743261616495255, -0.03468770083870633]]	[[0.07313160025906086, -0.5709672766821551, 0.23990777801800825, 1.2086636953861767, -2.8992064064229104, -0.0006759360156044151]]
[[-0.13129662648738644, -0.5631693559245197, 0.26540039472166277, -0.007798302707561855, 0.0016619230200466723, -0.026344269900937377]]	[[0.07313561118002052, -0.5709589335140668, 0.23987210804620268, 1.2086462727631317, -2.899215097862478, -0.0007325169929674095]]
[[-0.38536086414095233, -0.19804694900074649, 0.22107269496963394, 0.004070571106764296, -0.00013573247529705167, -0.0239972141623991]]	[[0.0731318643284333, -0.5709643474009669, 0.23983830058009828, 1.2086694371646307, -2.899220368026011, -0.0007697609076667237]]
[[-0.05220737949468563, 0.018845209493535693, 0.09561356185230158, 0.004814210852087804, -0.002597147661073133, -0.033152011568146206]]	[[0.07311852722815484, -0.570967509749175, 0.23982990785206193, 1.2086336112239005, -2.89923372080741, -0.0006944490829417529]]
[[-0.061041631682799816, 0.004442485577301834, 0.12956820240589703, 0.0018726978289671078, 0.0014606875175839468, -0.01796160283622495]]	[[0.07314750126104107, -0.5709645259036331, 0.23980588869344954, 1.2086727339972911, -2.899230406055199, -0.000692963269382284]]
[[0.1955579210859248, -0.4094516846771489, 0.1759248859355917, -0.0077373301790866255, -0.00418948086638261, -0.026597478745108323]]	[[0.07312692444151872, -0.5709554892036548, 0.23977362084066395, 1.2086468502015706, -2.8992165858348162, -0.0007877044972743022]]
[[-0.011705931627925992, -0.3259623135727251, -0.014627167303500836, -0.0029644134761338246, 0.0028003082275425187, -0.021526233612063142]]	[[0.07313329938554719, -0.5709490580740164, 0.23974164723952934, 1.2086875518816564, -2.8992149856410956, -0.0008445808037150544]]
[[-0.21525129651089792, -0.18173154290084442, 0.22527619740973145, -0.0017560768815940231, 0.0017106459421482366, -0.0314277929957512]]	[[0.07313553861885781, -0.5709497892208772, 0.2397003991483795, 1.2086513071449578, -2.8991784281205675, -0.0008838992436172774]]
[[-0.3454327173503185, 0.0059920157610214575, 0.16651842002563366, 0.004431455095494967, 0.005243283870301721, -0.021440240706671082]]	[[0.07312187177719928, -0.5709539419690145, 0.23971189455724218, 1.2087082657387216, -2.899218182248602, -0.0007867274613955465]]
[[-0.3337294185689116, 0.03566318020128967, 0.16478956200659423, 0.005786110444193279, 0.007626007886867404, -0.02160973714834653]]	[[0.07313560763400413, -0.5709551946672963, 0.23965019639292556, 1.208705141655324, -2.899208903910328, -0.000881334514989091]]
[[0.14363418649048898, -0.19395570638621218, 0.07371006920689022, -0.0028755661511512707, 0.0009505568570419392, -0.025812564064029028]]	[[0.07314389389499049, -0.570946317181687, 0.23959912166217345, 1.2086622291254718, -2.899203041603581, -0.001013825717251422]]
[[-0.2185289892823395, -0.366559688750283, 0.2325260029470989, -0.0019007550484044953, 0.007449761058355934, -0.02658526482954512]]	[[0.07310920493328443, -0.5709615860171954, 0.23960316239146917, 1.208635202794235, -2.899237884994304, -0.0008616001935251696]]
[[0.1017769459456731, -0.005611413522630809, 0.13726097964801348, 0.002767153845422262, -0.000282290603324025, -0.028547178898461343]]	[[0.0731508891634413, -0.5709424807728042, 0.23956030773570497, 1.2087004364864518, -2.89919940322275, -0.0009745659162276055]]
[[-0.440542935139617, -0.12242783355788944, 0.27304758011645414, -0.0011247757429391834, 0.008518389553605493, -0.015287686782961786]]	[[0.07314630410032076, -0.5709422411001666, 0.2395349992653537, 1.208728058388995, -2.899215275191715, -0.0009915563471769905]]
[[-0.40234732590754135, -0.41563263728621225, 0.24199168007083624, -0.012059620449203012, 0.00939812725355331, -0.0227669368576527]]	[[0.07313657024984638, -0.5709422969333161, 0.23950699020304972, 1.2086495005021634, -2.8992213082977534, -0.0009922408583252784]]
[[0.12502436077530776, 0.4067513003636508, 0.10613887484136397, 0.004440025706244658, -0.00755629817393689, -0.023936986328321263]]	[[0.07313927017537628, -0.5709406400644491, 0.23948844471207517, 1.2087054263482908, -2.8991605977119623, -0.0010507671520577973]]
[[0.17797225317409837, -0.10648036044444434, 0.15428318827019433, -0.005631805750631073, -0.007542232011925142, -0.023982748432667154]]	[[0.07313022755439236, -0.57094074534124, 0.2394539330925637, 1.2086193313496896, -2.8992483477147744, -0.001008606133461734]]
[[-0.3255530604925669, 0.08646719714340674, 0.22785096003144517, 0.000404000784144448, 0.003496283545456085, -0.024219880373426154]]	[[0.07314287156155808, -0.5709364723776399, 0.2394016154637906, 1.2087419365904368, -2.8991999850800965, -0.0011229438604158433]]
[[-0.11483543432211954, 0.06389890428648694, 0.10642704889928917, -0.0022514427206498525, -0.0020335375214200068, -0.018510580142304812]]	[[0.07312169696916161, -0.5709414149811983, 0.2394024136434921, 1.2086147723481693, -2.8992374297511345, -0.0010484623651794258]]
[[-0.25315341013483383, -0.38797466923199264, 0.2029248335588475, -0.019963028003881757, 0.002212582249674468, -0.021032283428844206]]	[[0.0731256316677453, -0.570932124378546, 0.2393501048285431, 1.2086501782394052, -2.899224951841629, -0.0011406087781343248]]
[[-0.11355672905406317, -0.016979116677841723, 0.08306122320317323, -0.0084497996997927, -0.001205486973055584, -0.017346646740566393]]	[[0.07312934248980538, -0.5709297396275944, 0.23934618833764662, 1.208710913066163, -2.899173848582809, -0.0011416440103366122]]
[[-0.11466311692579206, -0.21947664199029782, 0.0806831738546419, -0.013876640293081288, -0.0022841174969717984, -0.021091419359635093]]	[[0.07310978797964318, -0.5709320029882466, 0.23932910239527874, 1.2086102698749086, -2.899228372275489, -0.001120916287338839]]
[[-0.00367922213608484, 0.013098721903521057, 0.14360926555699322, -0.002659869776740838, -0.005914460111106013, -0.021607474377864262]]	[[0.07312581237400939, -0.5709325020554876, 0.23930578019597717, 1.2086494568122144, -2.8992232969820546, -0.0010447928842395257]]
[[0.15453805040556026, 0.30970064053551366, 0.12754577411177967, 0.00506929775152873, -0.011540640594416826, -0.027718903994593973]]	[[0.0731353401419955, -0.5709198163877625, 0.239273205693663, 1.208736990958122, -2.8991878143678065, -0.0010818394116230898]]
[[-0.5561776562911254, -0.07135502842542032, 0.3149631136603382, -0.007312404812026817, 0.00857319026375416, -0.018720188505161304]]	[[0.0731227929874753, -0.5709155556154847, 0.2392322783700192, 1.2087070065702192, -2.8991642441913936, -0.001196118231765517]]
[[0.20214193133168962, 0.11110169770824843, -0.061241611137284234, -0.007780986946503295, -0.01055682008576665, -0.0264934589690861]]	[[0.0731206122736195, -0.5709219944156362, 0.23920763003166612, 1.2087152391373324, -2.899186330920372, -0.0011756350358049737]]
[[-0.2036472450934606, 0.03083489056249457, 0.21067806596642882, -0.0042765566646914555, -0.0009142378119299805, -0.030032172558269808]]	[[0.07313553315803337, -0.5709166605839494, 0.23918640937362073, 1.2087253117190513, -2.899208678312842, -0.0011554475060959254]]
[[0.1862241702526281, -0.012268583982995934, 0.12679224938024342, -0.005818867177598858, -0.008633085912289326, -0.02630822296235115]]	[[0.07313090201386772, -0.5709302844746509, 0.2391836765646415, 1.2086801482018192, -2.89919778951572, -0.001024503762254345]]
[[-0.6496678915615637, 0.3418378297073713, 0.08939768434293212, 0.0004117587126437778, 0.001886807873830937, -0.016828026485566302]]	[[0.07311735064521678, -0.5709165102003052, 0.23914679170867803, 1.2087105505724451, -2.899174957946907, -0.0011348638785683737]]
[[-0.7733766870380918, 0.23118947521758232, 0.22590033308568327, -0.0026205155251044945, 0.008788623577676277, -0.021169788790119777]]	[[0.07313344626259718, -0.5709300103872301, 0.23912674392160005, 1.208690122906976, -2.899222041107372, -0.0010760849145903674]]
[[-0.346073439085258, 0.32659225367944117, 0.11335203887252623, -0.007350458112647146, 0.0005399567788059441, -0.020241274271395472]]	[[0.07312154548142152, -0.5709344158714045, 0.23909450005684155, 1.20861500309012, -2.8991875127463027, -0.0010592259022339785]]
[[-0.00568538473674525, 0.23900600863348698, 0.23241097063078106, -0.007390800510167847, -0.006708111873621231, -0.029620778871925164]]	[[0.07311827912086821, -0.5709188218934185, 0.23906316452696325, 1.2086587429129054, -2.8991949281782863, -0.0010396728941620967]]
[[-0.10151113070178275, 0.3556275502145466, 0.16296381908748, -0.0010955128182440692, -0.003021568979831237, -0.02324586595958107]]	[[0.07311855271266902, -0.5709229340511455, 0.23902695998940526, 1.2086888877571493, -2.899170036341123, -0.0010589012052783895]]
[[-0.06456800254800135, 0.3689348085570229, 0.04359526946315538, -0.0017023640164551578, -0.0032770286594718057, -0.026741362571801996]]	[[0.07313611488972956, -0.5709249240856482, 0.23901550894831655, 1.2087666639416281, -2.89916227535032, -0.0010021069573503067]]
[[-0.11281182403309109, 0.015805155031522973, 0.2347897383439103, -0.011756703948454092, -0.0010255894160139277, -0.022635782415355476]]	[[0.07312217496856867, -0.5709224315537303, 0.23897778814245083, 1.2086854426250013, -2.899210802397153, -0.0010735293174378158]]
[[-0.34499380700365967, -0.040488868443288806, 0.25972419999249724, -0.01447489741286203, -0.0014683874090711865, -0.02056654468736499]]	[[0.0731035452405575, -0.5709304460406072, 0.23898964263355615, 1.2086143014173716, -2.8992367977283524, -0.0009067168002456274]]
[[-0.6119079506949526, 0.25189837119975533, 0.1556181341171353, -0.005099021817090862, 0.004101013618568532, -0.023685820991966103]]	[[0.07313136246575859, -0.5709345346598418, 0.23894916142342487, 1.2087261140948964, -2.8991645424115537, -0.0009076376214259532]]
[[-0.28989651871830746, 0.3094116388545968, 0.28271353187608644, 0.002175114446827153, 0.00272057795336708, -0.01870322160835514]]	[[0.07313173290113036, -0.570942211811906, 0.23894014817049825, 1.2087162217057568, -2.8991408499451166, -0.0008151018380445036]]
[[0.5763326119429841, -0.1946041555014739, -0.05163404424610943, -0.008503620302162106, -0.009074387700266763, -0.024974924598503853]]	[[0.07312159735433832, -0.5709341255280904, 0.23892607477863195, 1.2086650460279973, -2.899161885294008, -0.0007963787501864325]]
[[0.03949065766859605, -0.4375521952692308, 0.11688024038194153, -0.006945924768838463, -0.0013761077381210514, -0.021918963448387056]]	[[0.0731412882207669, -0.5709296003224298, 0.23886615482542756, 1.208717686130624, -2.899142291641657, -0.0008911269047695594]]
[[0.24893798267599881, -0.10634245253666472, 0.19906880201202046, 0.011296664261955275, -0.0057317073709909, -0.02245342355178117]]	[[0.07312804085560881, -0.570928826482019, 0.2388605136115723, 1.2086171898614855, -2.8991951117298167, -0.0007969429407052213]]
[[0.11600374252893574, -0.27061414735118827, -0.060674465097872415, 0.008337906133020247, 0.0011039679060109529, -0.016843439355956214]]	[[0.07311079693039571, -0.5709474202906969, 0.23883121916209216, 1.2086075175710567, -2.899172238074552, -0.0007423297076485665]]
[[0.15030021853562067, 0.06326387537784828, -0.15545791465729683, 0.016554550165336447, -0.003498499764418436, -0.022199534341964686]]	[[0.07312682464097474, -0.570937821839245, 0.23882210018021266, 1.2087123844793641, -2.899180661460376, -0.0007600129300240726]]
[[0.08588782082912588, -0.3711839548204961, -0.05329224558587411, 0.005054940584461759, 0.004217842343728951, -0.025225955623285893]]	[[0.07312011618688176, -0.5709483267867186, 0.23880280783937674, 1.208639637398413, -2.899249986546167, -0.0007200498780252736]]
[[0.23945802540180877, -0.12614664303340145, -0.1459972395968114, 0.012495250643211539, 7.940811756703206e-06, -0.0316176098923904]]	[[0.0731460160789348, -0.570942014018108, 0.23877041030827056, 1.2087163964787546, -2.8991397231922416, -0.0007259651999854745]]
[[0.29981082296176126, -0.4535805069734608, -0.09516332312583478, -0.0013647194994422097, -0.0005286476445510314, -0.029471648299860053]]	[[0.07313838485202588, -0.5709496091368382, 0.2387317637203163, 1.2086957459705345, -2.8991880202894276, -0.000760258052136361]]
[[-0.10651278550521494, -0.27134855182827944, -0.2191958684186926, 0.004651476581124587, 0.0056062874340068606, -0.025727167953456156]]	[[0.0731294724003219, -0.570941417487489, 0.2387266604266895, 1.208700276814965, -2.899198724936391, -0.0007420664891681142]]
[[0.08688419085049692, -0.14860602062393896, -0.39147947099477337, 0.011462019340467054, 0.00538900849932511, -0.02311814779155742]]	[[0.07313978268590327, -0.5709376034610588, 0.23869711064827964, 1.2087086572551322, -2.8991700118198835, -0.0007637506800442113]]
[[0.4389547961418179, -0.46700461784033154, -0.27165326992140515, 0.006205218961759862, -0.006293724116128874, -0.026358318689076475]]	[[0.07314648065602296, -0.5709466156621212, 0.23866875555281283, 1.2086950525609514, -2.8991374651868966, -0.0007839904917567309]]
[[0.05998556134909867, 0.044456878856841214, -0.2566963619270805, 0.014435147059356467, -0.001105288221513642, -0.02321259640831106]]	[[0.07312864921058806, -0.5709458841795217, 0.23866282958450064, 1.20870737081846, -2.899169114249845, -0.0006896607150507204]]
[[-0.14985400719303626, -0.02813295229957844, -0.18601131728181416, 0.0038615395928524162, 0.0011997647110416675, -0.0276368536734409]]	[[0.07313194882346348, -0.5709513188426988, 0.23864665236302118, 1.208642742938803, -2.8992089875706326, -0.0006876252257668199]]
[[-0.01069857155408191, 0.09792552752235387, -0.28365496511846033, 0.0011554268151255384, -0.007595751698905493, -0.02188978757729723]]	[[0.07314745625413459, -0.5709442109063784, 0.23861614895345934, 1.2086917083434014, -2.8992293256985326, -0.000723908071285656]]
[[-0.20618938889437166, -0.034760804925854843, -0.07467777539598754, -0.005822830509484919, -0.005372813349187725, -0.022881270259341623]]	[[0.07311913059346069, -0.5709436200411736, 0.23859922234705971, 1.2086160976746858, -2.8991953745003642, -0.0007263527229937341]]
[[0.004901066801468762, 0.16402956533358853, -0.0013870361757135803, -0.0010272720115714418, -0.009682235508308566, -0.02390287790467379]]	[[0.0731470498020496, -0.5709345482752082, 0.23852896873230378, 1.2087316827374306, -2.8991770298323467, -0.0008942718885085245]]
[[-0.048143834075080896, 0.0002508842252459259, -0.02485262669448705, -0.00021031267186429157, -0.0016850223003418109, -0.027293688091765637]]	[[0.07312743037791802, -0.5709460024910914, 0.23851343502284578, 1.2086348310474122, -2.899190020534254, -0.0008200769557078032]]
[[-0.3882395917135618, 0.14355294816909242, -0.02301793595485211, 0.004402219621058179, 0.003614550461080787, -0.025972395212372767]]	[[0.07314305871006595, -0.5709429405774644, 0.23848173420922097, 1.2087483797867058, -2.8991706972796605, -0.0009128017964748517]]
[[-0.3092479128136682, -0.2710894470898212, 0.009216694817342375, -0.0010094240583645203, 0.004553284039917242, -0.02395889864395162]]	[[0.07314144533905152, -0.5709329478076037, 0.23848698753323827, 1.2086428715307937, -2.899160232038985, -0.0007849541915202696]]
[[-0.09091250553176117, -0.06486892016828066, -0.18223824955380458, 0.002217480140376988, 0.005286243953176648, -0.023614906224805925]]	[[0.07312776477051507, -0.5709366650075876, 0.23845901505898956, 1.2086666276252647, -2.8992158143655016, -0.0008185235276737031]]
[[0.4116250095212246, 0.0956198105315278, -0.04611240682900296, 0.0009735990624022061, -0.010037668552082081, -0.025475334870792794]]	[[0.07314882006085058, -0.5709391883109772, 0.2384174674483034, 1.2087490265635983, -2.899170361654406, -0.0008939686012320422]]
[[-0.6913227038388472, -0.1823739464174936, 0.06814736956597188, -0.00593772333312157, 0.013243443831878258, -0.015125299670092273]]	[[0.07313298335768856, -0.5709417224782641, 0.23839971113506597, 1.2086706735688288, -2.899176916722761, -0.0008772150827629571]]
[[-0.4228476767155901, -0.16116212592417764, 0.05881370155393981, -0.004907656749653282, 0.005123934539359668, -0.02190580574375758]]	[[0.07311809671735703, -0.5709373680003257, 0.238365259895144, 1.2087090641206422, -2.89917362922223, -0.0008574475885268963]]
[[-0.1162975128121018, -0.07625715138870054, 0.015430074057182858, 0.002095390131033575, 0.005868769361363152, -0.02504333201011295]]	[[0.07310795304459015, -0.5709327713656803, 0.23833398306462683, 1.208636332320479, -2.8991936435633234, -0.0009705004485646341]]
[[0.45607239039173497, 0.1132023321162339, -0.040987575298538054, 0.008183072280730664, -0.007392081821984725, -0.024078549360199316]]	[[0.07314419952764505, -0.5709335654311952, 0.23830809015439253, 1.208688135296553, -2.8991721449151058, -0.000970925942927945]]
[[-0.04657763174872888, -0.2621517614538308, 0.04545760730392765, -0.004117334871820979, 0.000635879595350531, -0.018928814149719884]]	[[0.07313308345036748, -0.570938485522595, 0.23830214581770154, 1.2086925014950127, -2.899180835567538, -0.0008574063504237072]]
[[0.017540821904057147, 0.3371678830850081, 0.07832456909342629, 0.005707851691046907, -0.0019544779566644035, -0.022481594077968178]]	[[0.07315378766265551, -0.5709209769970724, 0.23826590770298325, 1.2087406907630243, -2.899150083890038, -0.0009520082326676208]]
[[-0.1776100354388664, 0.423739593261237, 0.2029892843932696, 0.004304288921573699, 0.0022813157789335504, -0.02259129512464161]]	[[0.07313790275862433, -0.5709357222851141, 0.23824208131318525, 1.2087233100016908, -2.899157445650284, -0.0009527788539411393]]
[[-0.28362435942737774, 0.48288622432896644, 0.02933079460923146, 0.008010841495374222, 0.0030445628067536264, -0.027287506397749607]]	[[0.07313844437586871, -0.5709181164421505, 0.2382020442689638, 1.208724247054248, -2.899159335269521, -0.0010466000285696154]]
[[-0.40195309994571754, 0.11881328169012648, 0.21894567099019976, 0.004648921249743204, 0.0070048842901599285, -0.021019680290672537]]	[[0.07311891045356465, -0.5709264759012243, 0.2381600043095014, 1.208719830462719, -2.899148913950165, -0.0010667837426674362]]
[[-0.007803298798508544, -0.047654554094669774, 0.03705458759474582, -0.0019941184301054565, -0.00021825544293322579, -0.012494568363436178]]	[[0.07312782699054501, -0.5709401425229677, 0.23816419500687583, 1.2087149230721452, -2.899188379467783, -0.0010079787895862732]]
[[-0.0870237997352571, -0.1551939254822238, 0.1895878178356535, -0.008241847151826645, -0.0010969616225388, -0.01912285708196899]]	[[0.07315765322159506, -0.570921110417556, 0.23813470294967154, 1.2087370726046962, -2.899192602903005, -0.0010250012912333838]]
[[-0.004671513251951781, 0.354925126626627, 0.11372725914954956, 0.004515142660023501, -0.0036591909871454666, -0.026205184337887284]]	[[0.07310556433771753, -0.5709195062567194, 0.2380908245559059, 1.208595141381126, -2.8992412131989846, -0.0011217164356200817]]
[[-0.009678395872473267, 0.3812822973492275, -0.02524581307914954, -0.0001524939492101923, -0.006435541847110962, -0.02834315317185155]]	[[0.07312375819561866, -0.5709291754864735, 0.23808067345640066, 1.2086813988702454, -2.8992032169275723, -0.0010261909025269641]]
[[0.028474049857779973, -0.2704185072827864, 0.06856210670528076, -0.01570472287269291, -0.0029270465903145923, -0.019124508456881215]]	[[0.07311370294567729, -0.5709323314245751, 0.23805037962425835, 1.2085984917176997, -2.8992007895726997, -0.0011020042069925676]]
[[-0.37307416399945803, -0.36444285065617926, 0.1949736096080162, -0.010390511150972812, 0.007026748400281971, -0.022278391914272038]]	[[0.07310186546768234, -0.5709252174804765, 0.23800681321877748, 1.2086344573470502, -2.899238640414354, -0.0011370083546776888]]
[[0.021588936211092036, 0.3969865887239149, -0.07498025555915887, 0.008703376838671468, -0.005688237371727666, -0.019133664934082268]]	[[0.07313299318926918, -0.570925837077228, 0.23801069460600943, 1.2087028447221557, -2.899157205988788, -0.0010819644164576008]]
[[-0.360239331592262, 0.30292834165983146, 0.10286291707146285, 0.0078093048302228536, 0.0029231903620398347, -0.023545772270144535]]	[[0.07313684679364953, -0.5709203734336262, 0.23799263306658425, 1.2086633889660616, -2.8991596810553393, -0.0010284645662323188]]
[[-0.07969816756722636, 0.0021638426643004333, 0.05143883854833851, 0.0011250671436040497, -0.0005484143905366068, -0.020303489530855597]]	[[0.07313479921973844, -0.5709272778194243, 0.23794591932587184, 1.2087075470143207, -2.89916877242336, -0.001100715202608106]]
[[-0.4157452782051423, -0.27855244746911134, -0.06967391597386524, -0.010465227154603532, 0.00716004361330053, -0.01711894973779588]]	[[0.0731263203138923, -0.5709201886811778, 0.237940998771016, 1.2086943418291842, -2.899185610763565, -0.0010240426632345068]]
[[-0.050686059131411665, -0.023772188544555775, -0.09416323846816184, -0.0015660987844287953, 0.000984971291049088, -0.012571192055805978]]	[[0.07309203638629182, -0.5709313741603138, 0.23790836526977144, 1.2085982990305986, -2.8992005440477158, -0.0010444510393392197]]
[[0.09298309639995894, 0.061789428712497034, -0.03352498749271559, 0.0040429008704083134, -0.008525647806026927, -0.023355737221305232]]	[[0.073149353204202, -0.5709245198970834, 0.23786822158074833, 1.2087292199366677, -2.899172339704477, -0.0010614250527610323]]
[[-0.30334291355610055, 0.11058865064182126, -0.09839539254853466, 0.0035345997889644452, 0.0018716267399422224, -0.023974986562526036]]	[[0.07310869059355045, -0.5709342976855817, 0.23784766527934598, 1.2086371280635246, -2.8991967301996024, -0.0010054571454694975]]
[[-0.1736955778788201, 0.2456440692027671, -0.14501839005889428, 0.0053576523180374775, -0.001166365971415173, -0.02612524348004438]]	[[0.07312599189988207, -0.570941681797841, 0.23782796673099632, 1.2086371871077017, -2.8991971819429927, -0.0010251748683317782]]
[[-0.3376167565705579, -0.0674506498546201, -0.18416098420615892, -0.0008040619062913532, 0.00585721270397912, -0.022093033980254747]]	[[0.07313413957649265, -0.5709320135505546, 0.23782202722132334, 1.208731428971291, -2.899130906653335, -0.0009687616577693366]]
[[0.14813283389455878, 0.5648441332431069, -0.2063340472377812, 0.0068567244981821585, -0.0034799066410842938, -0.01929127387305359]]	[[0.07312821494754825, -0.5709251079506679, 0.2377634600761783, 1.2086947974757893, -2.8991872690488996, -0.0010616988040718018]]
[[0.1973484029734916, 0.07792172632378053, -0.1722977555640139, -0.0028732466317724034, -0.0031837526063371664, -0.02056474460653257]]	[[0.07311681157821122, -0.5709369005012055, 0.2377524713809675, 1.2086720217097242, -2.8991834502460145, -0.0010418299900884554]]
[[0.1290820376841954, 0.3300432460955594, -0.09185253035281547, 0.007754836329039283, -0.0028715586275863945, -0.024049234237583123]]	[[0.07312728072332247, -0.570922603474371, 0.2377025243108612, 1.2086953032083259, -2.899188568969682, -0.0011167924079323048]]
[[-0.47669582191910637, 0.28998808189223024, -0.043683705023901606, 0.007113128501554862, 0.007982963570442387, -0.02374209550535968]]	[[0.07312866783131683, -0.570929567639962, 0.23770848316782367, 1.208672243331673, -2.899181963729366, -0.00096610349326645]]
[[0.10466738350025566, -0.05972173117375798, 0.024006071862658095, -0.002684458339070251, -0.0017684287719481823, -0.022287259906242824]]	[[0.07312124597353012, -0.5709219940515831, 0.23768069771094608, 1.2087154946510132, -2.899190359270613, -0.0009844547875206915]]
[[0.1953613284127438, -0.04755517473982031, -0.12339107032143085, -0.005204234330907578, -0.00807960789407455, -0.026622646266825947]]	[[0.0731173135137926, -0.5709482047634036, 0.23765478194480727, 1.2086400534345831, -2.8991556714056412, -0.0009112323333255093]]
[[-0.09500801236368606, 0.4959118346403618, -0.12110494130427003, 0.008907963422602678, -0.004312703323896313, -0.022874096582108698]]	[[0.07313591799711115, -0.5709332079826271, 0.2376304758924226, 1.2087195553524124, -2.8991497080836313, -0.0009658549476571235]]
[[-0.445289069019679, 0.40620828257765607, 0.04496766049868949, 0.011735018118526886, 0.005210145145962931, -0.023824244876505325]]	[[0.07311162299741142, -0.57092616067701, 0.23759037803026967, 1.2086146638792106, -2.8991937472083413, -0.0009688369503530015]]
[[0.278423341820374, 0.47401696225893164, -0.11848209383353613, 0.010878856710199806, -0.008551926680529608, -0.025278101956542082]]	[[0.07312709957248693, -0.5709252730345261, 0.23756803216518926, 1.2087072845522557, -2.8991689272103853, -0.001003970690148799]]
[[0.24491643012997655, -0.023624343457814473, -0.060028189616172054, 0.00014814782796184183, -0.006876115260974824, -0.021454545843386966]]	[[0.0731348155046622, -0.5709301451419938, 0.23753255067621182, 1.208719558361394, -2.899149857117246, -0.0009485200997106563]]
[[0.4161392929280543, 0.1906462512751083, -0.1949106801327717, -0.0019504793300278503, -0.014832113129262192, -0.027078573973815565]]	[[0.07311767403297326, -0.5709258273384946, 0.23749851155297003, 1.2086635473551486, -2.8991612948985934, -0.0009858000225747897]]
[[-0.2213629691348027, 0.020902345730221483, 0.10948105176671093, -0.0036820133244979884, -0.0008342126750539452, -0.024594007871032206]]	[[0.07313642338696291, -0.5709411558433123, 0.23747959044774872, 1.2086928084954385, -2.8991345973284828, -0.0009111701320704927]]
[[-0.409158182434048, 0.023325059004774634, 0.09717898238085944, 0.0009359743544304828, 0.005132716469466329, -0.021937925997697665]]	[[0.07312142412740211, -0.5709357587651046, 0.23746934196974237, 1.208680036432363, -2.899152523489247, -0.0008921428123262683]]
[[-0.008983963679868964, -0.20105548795099315, 0.013405241182777748, 0.0014242249432668218, 0.005388496748922826, -0.01748961660988403]]	[[0.07312622137004532, -0.5709294919413218, 0.23743618037161235, 1.2086450255364891, -2.899167728974935, -0.0009121341887467591]]
[[0.1463594722079666, -0.46436751343089533, 0.002538679219891879, -0.004755949488323333, 0.0033177472826344846, -0.024575188832653576]]	[[0.07313448363941698, -0.5709256700301396, 0.23740713480226902, 1.2087237174868493, -2.899160078004944, -0.0008724670902723765]]
[[0.23666608181436063, -0.0027956566875809302, -0.004305447671816576, 0.008849045648445308, -0.0003048460720066655, -0.026677609396189007]]	[[0.07315248377753082, -0.5709323280538005, 0.23737950765784804, 1.2087459138290373, -2.8991650718286035, -0.0009293809118007003]]
[[-0.3567021802152286, -0.39413349715622503, 0.17614403879314044, -0.0038496299637750648, 0.008549912537532449, -0.023659768003762897]]	[[0.07313709505350355, -0.5709203371994361, 0.23735780311535382, 1.2087841309720615, -2.8991101969067135, -0.0009126959025893157]]
[[-0.08414614527309809, -0.21870464868793443, 0.22521078829484936, 0.0026696420169033588, 0.0003156020181581665, -0.017562771334221707]]	[[0.07312600053303593, -0.5709376218186939, 0.2373695097636131, 1.2086582315542946, -2.899198056365527, -0.000761071376813479]]
[[-0.2745584320909308, -0.045000445637712175, 0.1261033525491985, 0.009970837699764411, 0.005283671634331596, -0.024097489052360047]]	[[0.07313601787618061, -0.57093641635706, 0.23731896938263225, 1.2086967427776556, -2.8991443516989075, -0.0008005837745181718]]
[[-0.18452306611380795, -0.1833873273710403, 0.05289415486005289, 0.004532078927520722, 0.007159896240074514, -0.023131435237361928]]	[[0.07314526841131962, -0.5709264588653087, 0.237283694652502, 1.2087277389115936, -2.8991211801380166, -0.0009149428884244762]]
[[0.2759287210971728, 0.00455836574738866, -0.008585827061984588, 0.0037462892478726468, -0.005846690758403054, -0.02588429356732249]]	[[0.07310785039725205, -0.5709246430203763, 0.23725989298758854, 1.2086463857872092, -2.8992202231885003, -0.0009312967287203504]]
[[0.2096200363454563, -0.2986811113625099, 0.08881153971208652, 0.0013391626219805683, -0.009700904435116665, -0.02193494741098486]]	[[0.07313198849250285, -0.5709188963271189, 0.23724688173692537, 1.2087409975681052, -2.8991550266852006, -0.0009322173868756888]]
[[-0.16428750769048517, -0.3236236115167144, 0.03355426203659316, -0.001583046892630747, -0.00025102734234747125, -0.011594851550390433]]	[[0.07310646737748883, -0.5709153513159254, 0.23721113360416446, 1.208628322536942, -2.899176413566663, -0.0009341713414765967]]
[[0.0913060147829338, -0.29849361331932517, 0.010582942619338832, -0.001994306659756151, -0.0008614295536298759, -0.019877914249029488]]	[[0.07313084272527738, -0.5709192605584457, 0.23716536502006508, 1.2086862268359075, -2.8991678090902426, -0.0010463754488870775]]
[[0.35288009973956114, 0.36546260036577544, -0.027170772421993835, 0.010094749407909212, -0.011793185259041945, -0.024911975835252766]]	[[0.07311734790886219, -0.5709274516799752, 0.23718852861941925, 1.2086676784460497, -2.899222987834182, -0.0008554400931836551]]
[[0.10093294580588154, 0.05509372866850118, 0.027852083310328155, 0.0003768340554659057, -0.009504166173093596, -0.01782078868588718]]	[[0.07312208421662393, -0.5709236846465473, 0.23715144081570028, 1.2086988720328733, -2.8991984899892027, -0.0009121768710845601]]
[[0.3320527183082212, 0.41888655700259625, 0.03297657024898235, 0.007603132928002615, -0.011536231841674602, -0.02239347509015824]]	[[0.07313673007632224, -0.570915786866942, 0.23711738960662682, 1.2087719941038386, -2.899130287279993, -0.0009516917107434463]]
[[0.4601229242015591, -0.017263917049275435, -0.09125108687314398, -0.0008929061394905837, -0.011863169405586309, -0.02663869388534452]]	[[0.07312683720979749, -0.5709240721920886, 0.23710216237433457, 1.208654684379471, -2.899191733717613, -0.0009318852015323955]]
[[0.14308550994127708, -0.19888800927308375, 0.08298157085760816, -0.004637925526080549, -0.006058345096637894, -0.02287498183484205]]	[[0.0731338433835565, -0.5709046725780745, 0.23705286237209588, 1.2087593287402305, -2.8991504571790587, -0.0010258181345218051]]
[[-0.011184147407144657, -0.38663004539920864, 0.1251839144881446, -0.01238037217234065, 0.0011333189597268895, -0.02003471451009927]]	[[0.07311542817650851, -0.5709125957479111, 0.2370510010150787, 1.208707008007295, -2.8991710618189734, -0.0009695083090956391]]
[[0.08759237388431358, 0.16754836838107412, -0.01162731009705026, 0.0021176968147362868, -0.002235784905500085, -0.02418665582179859]]	[[0.07310304138897226, -0.5709217487927496, 0.23703577249326274, 1.2086504030166412, -2.899181398929394, -0.000951032175926792]]
[[-0.3618334996599316, -0.06524754497166804, 0.09717467918647893, -0.002864105264055293, 0.0073502023482689745, -0.019669596264393952]]	[[0.07312157403051436, -0.570909935436994, 0.2370065275956933, 1.2086553771758985, -2.899193242390994, -0.0009897744845564088]]
[[0.1031899700830973, -0.25183062848001697, -0.019604737477352436, -0.009673599911841285, 0.00021566707487784536, -0.02096719636320294]]	[[0.07312007120805857, -0.5709160969249686, 0.23697286989428828, 1.2087290666757624, -2.8991247731535466, -0.0010288539934347944]]
[[-0.3776073944421178, -0.025506112856566537, 0.11383953640388983, 0.001670681112528341, 0.007040872223258776, -0.016856233970515194]]	[[0.07310463220592267, -0.5709069382821053, 0.23693395201236755, 1.2086516571852608, -2.8991842906459664, -0.001083011872316281]]
[[-0.29454991038431183, -0.3460148558268741, 0.012167688131170876, -0.004030816492300128, 0.004327566274503468, -0.025510576599214827]]	[[0.07310972229883596, -0.5709170727634637, 0.23693015300865783, 1.2086552504435335, -2.899193271897248, -0.0009703155337512184]]
[[-0.20375100922188533, 0.18533273910762868, 0.00045006559804671185, 0.0012820615807419718, 0.0003168224994920284, -0.021047460913718022]]	[[0.0731220842641269, -0.5709112659719485, 0.2369008802769345, 1.2086393055900633, -2.899201709296363, -0.0010467236432328694]]
[[-0.24880945142277047, 0.2548768890184775, 0.00694055763297662, 0.002855502155206079, 0.0018164266042267254, -0.025118784548156928]]	[[0.07311914832186128, -0.570913449801644, 0.2369069800207111, 1.2087103400727117, -2.8991305202103907, -0.0009168358797110376]]
[[-0.2233933765484142, 0.2100363898384938, -0.0012644233174171446, -0.00397164412604577, 0.0009047454525185396, -0.01721523956498334]]	[[0.07311049846305881, -0.5709061142306303, 0.23684164538622235, 1.208648027900825, -2.8991737788716447, -0.0011026717316905631]]
[[-0.29924350991034454, -0.23936803977067803, -0.015384566109078774, -0.0149068999861405, 0.0011446771977163053, -0.015183280361853919]]	[[0.073108650254325, -0.5708909779025491, 0.23682099906033488, 1.208696586202058, -2.899192851467199, -0.001120501475415737]]
[[-0.2909626390899474, 0.07166713699432425, -0.11573842751749087, 0.0015565046447406504, 0.0036965118303782262, -0.017478379837954805]]	[[0.07312166421297604, -0.570899989476229, 0.23678786610527808, 1.2086707802018422, -2.8992307696954147, -0.001176523748281527]]
[[0.31377859469485403, 0.5114399986675173, -0.11600059165060841, 0.017386923556062563, -0.008278926932611824, -0.02820986702001801]]	[[0.07310638645004837, -0.5708950700134737, 0.2367750726644854, 1.2086830737473944, -2.899160393533868, -0.0011412115897608444]]
[[-0.2802591444766573, -0.1704939692573738, -0.09699440945860864, -0.0014670823723148985, 0.004713136976411798, -0.016311569549852443]]	[[0.0730916932368379, -0.5708980492541774, 0.236751076875153, 1.2086951263477106, -2.899142595860131, -0.001141372138995349]]
[[0.4670037911385358, 0.30721247353573605, -0.3256874906005728, 0.007327472890935411, -0.01076720476220784, -0.026495465027133867]]	[[0.07312625010736068, -0.5708909517412227, 0.23673135045486798, 1.20871782378545, -2.899146508018598, -0.0011592367986469467]]
[[-0.02321519983069785, -0.251470444687273, -0.20412648694794863, -0.008092326282231107, 0.0014733926368336275, -0.023310237408325853]]	[[0.07314355316391469, -0.5708956075091917, 0.23672211121067277, 1.2087388859991388, -2.899148651895059, -0.0010657043469946795]]
[[0.009578279495643443, -0.021935525854802705, -0.022429208424892155, -0.008258710695985721, -0.005249389358566728, -0.019546046617096358]]	[[0.07312863274537938, -0.5708904942753598, 0.23668953206985252, 1.2087441146432256, -2.8991611887807243, -0.0011394924277724186]]
[[-0.7897951899898492, 0.1184913292602548, -0.01661408905620013, -0.007007015507484017, 0.009363764761326755, -0.015538454623980841]]	[[0.07312343351094978, -0.5708989617290814, 0.2366807775133281, 1.2087042073526733, -2.899162896635455, -0.0010450371033701785]]
[[-0.2775731401279149, 0.20726381716619252, -0.08399747680743874, -0.00961026456438667, -0.0027099981498455643, -0.02422551816488335]]	[[0.07311520400350069, -0.5708927004564491, 0.23664004730294214, 1.208709734905522, -2.8991761718397866, -0.0011573608923160109]]
[[-0.019636698065156846, -0.1458594564283937, -0.12077402610190889, -0.004536454486895224, -0.002791255880235625, -0.01565215686608949]]	[[0.07312748439753006, -0.5708996028041091, 0.2366420215794459, 1.208717885991991, -2.8991960953122695, -0.0010422706572976467]]
[[-0.1847082356746142, -0.17410974133244872, 0.2097619961031885, 0.0020746540629112444, 3.067359257485154e-05, -0.025110767678821488]]	[[0.07311518528907177, -0.570892585761597, 0.23658911506535202, 1.208657106174703, -2.8991979616166597, -0.001138526013948022]]
[[0.09707585147274173, 0.15523635497289687, -0.05300913773891732, 0.00877715176007383, -0.00557381892591453, -0.02474128999286717]]	[[0.07312429105579865, -0.5708923421249221, 0.2365478800967485, 1.2087608597239416, -2.8991040865098667, -0.0011776354471548375]]
[[-0.1649576658932188, 0.05535492136516553, 0.03371003649396008, 0.001939889656008017, -0.0012237788063404343, -0.025564896337398613]]	[[0.07310160699324009, -0.5708917579765586, 0.23653568931932023, 1.2086957554593294, -2.899195462420547, -0.0011560869064950767]]
[[-0.1486341702768306, -0.14357421900000175, -0.029952742678233724, -0.01044397786766909, -0.001128259445937147, -0.022909476723187657]]	[[0.07312114980782179, -0.5708860239623225, 0.23652267513918504, 1.2087662983601428, -2.8991661054500626, -0.0011553245857269967]]
[[-0.3908845467032175, -0.07109890754673232, 0.04887469401835041, -0.014341359569967028, 0.0016841048104150533, -0.0244426537634681]]	[[0.07309779921414357, -0.5709019273581694, 0.23650253478848, 1.2086508829931688, -2.899134327887406, -0.0010659922605227579]]
[[-0.40052140254393453, 0.23246743750848803, 0.060970788371178836, -0.005669007040496901, 0.0014855213492599127, -0.017131562526869627]]	[[0.07310742302576285, -0.5709072103442976, 0.236464753804877, 1.2086612033205317, -2.8992085415317232, -0.001080180936500648]]
[[-0.46073332041183956, 0.4951327314749794, -0.03596360324253581, -0.00047324932753273284, -0.000886928559198925, -0.021037696545536305]]	[[0.07311225375207017, -0.5708947974619094, 0.23642352878636222, 1.2087129763036828, -2.8991375609726577, -0.0011747568569024241]]
[[-0.4603737970901811, 0.10941604569001856, 0.11430898131157073, -0.008550421792136213, 0.0052170008258434, -0.014350324992196344]]	[[0.07311130570616158, -0.5708977146997164, 0.23641883718969636, 1.2086967280371608, -2.8991943746099125, -0.0010974769186281584]]
[[0.1550130947505147, 0.2538344032720841, -0.07925553960850189, -0.009245426306144246, -0.004274420569753572, -0.022157805846262844]]	[[0.07312996288083595, -0.5709039658527518, 0.23636365399843673, 1.208730727368054, -2.8991299943679327, -0.0011549858075013354]]
[[-0.09762524189014277, 0.6126108940142166, -0.15754105376068683, 0.0027628661180960257, -0.0019968717351580827, -0.021993988111415824]]	[[0.07311714264848355, -0.5709098106619187, 0.23639170607022206, 1.2087347388493166, -2.899188708834461, -0.0009652287382600665]]
[[0.22773368943513841, 0.5477903704381895, -0.1141210274856516, 0.004455632422325948, -0.0102976609532943, -0.023691464021647794]]	[[0.07310657915419436, -0.5709019860013522, 0.23632233874319253, 1.2086218974450695, -2.8991626978456666, -0.0011558614843398816]]
[[-0.1417194959890323, -0.17233272119700688, -0.07647390608744398, -0.002804280023077435, 0.0030694394698961487, -0.019632753300609165]]	[[0.07310943670679206, -0.5709130630688163, 0.2363027132211613, 1.2086688752562351, -2.8991277259336914, -0.0010615403220771238]]
[[0.4837682230033719, 0.03787261614180232, 0.019264663398189653, 6.317087330289309e-07, -0.010337646688699638, -0.02043575487732306]]	[[0.07310370351545138, -0.5709174491847914, 0.23631295057155155, 1.208649847661624, -2.89913273823803, -0.0009286905841641316]]
[[-0.4601734588286361, -0.47224363863836993, 0.1050626731464309, -0.014448095271700406, 0.00832720060111646, -0.013812416303077838]]	[[0.07312493457296758, -0.5709181934822728, 0.23630140762038868, 1.2086903202693284, -2.8991797593587174, -0.0008700315809183556]]
[[-0.30438454471695436, 0.14291280019490862, 0.13937954214635537, -0.004658937657885728, 0.004287647538659383, -0.01741098038249035]]	[[0.07313119918362937, -0.5709260701048212, 0.2362554393975525, 1.2086770346204634, -2.8991479974593473, -0.0009285333291460111]]
[[0.09241866160576384, 0.20442835098298737, 0.12634479137085208, 0.001489273970049371, -0.004148379425544911, -0.01723545503817768]]	[[0.07313389545119431, -0.5709298337745581, 0.23621858600917894, 1.2086985810046311, -2.899151308193125, -0.0008909649929314358]]
[[-0.1989863086679126, -0.013319240269511187, 0.11543105212018033, -0.0007451725233632814, 0.0027762770411070385, -0.023469960103789492]]	[[0.0731355966118136, -0.570917404652142, 0.2362197261045444, 1.2087213368094438, -2.899205978224626, -0.0008684633120368009]]
[[-0.043887728445112906, -0.48271725001128446, 0.04538707695222743, -0.010507756498556203, -0.003695308508167073, -0.018371625371398366]]	[[0.07311415779435981, -0.5709281634868708, 0.236186860181532, 1.2086548070329945, -2.8991943426052695, -0.0008330564658512546]]
[[0.10319196620002383, -0.2076527407129684, 0.15399357788799664, 0.0024697090281245613, -0.01121447995547608, -0.019852425700593642]]	[[0.07313952765323854, -0.5709291119573986, 0.23615032333930175, 1.2087449617833355, -2.8991186266773705, -0.000854602955513455]]
[[0.14882878447766637, 0.04356198334305227, -0.02084067422788101, 0.004499585153744565, -0.0025067864574296102, -0.021519685472094208]]	[[0.07312085343544779, -0.5709425726279144, 0.23614767043171064, 1.2086411096119716, -2.899210710348362, -0.0007213749495345171]]
[[-0.351187780873807, 0.07650899000001105, 0.12458756231809111, 0.005923018227013374, 0.007373370615778836, -0.01651477993972611]]	[[0.07313975957595349, -0.5709262361705212, 0.23611999754380458, 1.2087151293711746, -2.8991425004048565, -0.0007781899153264486]]
[[-0.516552826343257, -0.03634645810072504, 0.007170806839780881, 0.0034419835801563115, 0.010081407403490502, -0.01882037894147547]]	[[0.07314447568068318, -0.5709387607685549, 0.23609454414500486, 1.2086790464893513, -2.899155604564342, -0.0006846114029018387]]
[[-0.3615240055444032, -0.5174111056606584, -0.003161281169206102, -0.0016822306252407002, 0.012861571375537577, -0.01958563202217255]]	[[0.07312870235789698, -0.5709415765463166, 0.2360718522186992, 1.2086361164915254, -2.899149867848936, -0.000781267060493272]]
[[-0.09087942438483668, -0.2893382660194452, 0.038053052012673706, 0.008291714436247441, 0.007830494510590475, -0.018581236047649854]]	[[0.07312849367170832, -0.5709430367501896, 0.23605667639261319, 1.2087098875010183, -2.8991813249913263, -0.0006664393122540772]]
[[0.004461805871497637, -0.562976782176057, -0.03366962966799671, 0.006636908690530427, 0.011426457951515527, -0.020303211778944483]]	[[0.07313873919412522, -0.5709479511849866, 0.23603172100742675, 1.2087495185958783, -2.899177439325634, -0.0006483287336258314]]
[[0.02406509252910649, -0.4009701453014287, -0.1032289037464585, 0.008340092024261293, 0.010733037650541661, -0.012955361111987505]]	[[0.07311795639190169, -0.5709448921958798, 0.23599134453587736, 1.208609899181666, -2.899186656950322, -0.0007626391138111758]]
[[0.329914608634107, -0.41613971550053663, -0.16584548106168115, 0.0050106890557477714, -0.0026193484904889633, -0.019112666869813357]]	[[0.07313713489260108, -0.5709470301260924, 0.23597211879355326, 1.2087625943166422, -2.899160199089817, -0.0006859788190948523]]
[[-0.21818355247609866, -0.3452433095476278, -0.09191058287601388, 0.00038612272230898565, 0.006390524862750647, -0.020210749767162726]]	[[0.07314951623516232, -0.5709420513452583, 0.23593622446760382, 1.2087461013772431, -2.899169315084985, -0.0007810990939728851]]
[[-0.5882359311664939, -0.37333989654017263, 0.28395236139467367, 0.0010644720672057543, 0.014720399176552072, -0.009802296919769747]]	[[0.07312847232586595, -0.5709340290284176, 0.23592766257425782, 1.208697857803658, -2.8991503850566205, -0.0007639363750054205]]
[[-0.45022770101540843, -0.036415395450381666, 0.13940799221806935, 0.010294623494758065, 0.008461727713387705, -0.02048220843996119]]	[[0.07313187145979044, -0.5709397066175935, 0.23590319194547404, 1.2086849453603594, -2.8991683728987088, -0.0007445113518684271]]
[[0.23719900779517514, -0.18803328712206718, 0.040880564466212965, 0.0036491321988731755, -0.0014188827591399234, -0.017896799485491763]]	[[0.07311810760471535, -0.5709485941285478, 0.23585434459684718, 1.208605595521907, -2.899176705466134, -0.0007845454682742356]]
[[-0.3888560441936379, -0.4536668247674788, 0.16462204615418566, -0.002844817507944148, 0.012211974482833204, -0.01931378637399803]]	[[0.07315215139917337, -0.5709456588955839, 0.23584242258328392, 1.2087162853493842, -2.8991955403700285, -0.0007998260290111731]]
[[-0.258408554772015, -0.28218863626787044, 0.14928502941861238, -0.004620080991970463, 0.006800542665563006, -0.015411246459249399]]	[[0.07312386122778013, -0.5709537995258509, 0.2358141463766649, 1.2086717584269162, -2.899188013711589, -0.0007813239089655866]]
[[-0.17473729062455517, 0.4083314362239202, 0.03397976734049186, 0.002421154059293987, -0.0022443944233032673, -0.025443615592046134]]	[[0.07314773388406226, -0.5709439218077743, 0.23581981987385225, 1.2086842590549043, -2.8991690553852423, -0.0007442829873492957]]
[[-0.6431812729028219, 0.11597181249581268, 0.24605527803799476, -0.008432376858079795, 0.007531587811102658, -0.017569316300315514]]	[[0.07312581271112643, -0.5709425960592712, 0.23576707118766846, 1.2086169184563005, -2.899200249302081, -0.0008752689908133084]]
[[-0.1581988571790022, 0.4750788954353028, 0.0749483853002226, 0.0003752777353032966, -0.0035180135890122382, -0.023029976255008987]]	[[0.07314483244872233, -0.5709429490181043, 0.23575213646957557, 1.208762890834024, -2.8991124368938777, -0.0008199848897273773]]
[[-0.22288356485941271, -0.2752894250695737, 0.1999312317382067, -0.012326498657889377, 0.0023900771245847045, -0.012782449402024176]]	[[0.07311114083767457, -0.5709421996362362, 0.23573782613732844, 1.2085814325318052, -2.8992143918915314, -0.000837284747616692]]
[[-0.6354691539573657, -0.16697130404772592, 0.13924383045091637, -0.007581033175892905, 0.0160519950902242, -0.01342816185947608]]	[[0.07311505541005063, -0.5709526478404674, 0.23572741266298394, 1.208666757072079, -2.8991780460681933, -0.0007998843316749069]]
[[-0.17838993403225034, 0.12878850520936796, 0.22001641410241696, -0.0017862575723624997, 0.0032291658491922556, -0.02619246397386624]]	[[0.07313143785803214, -0.570938524333565, 0.23566311801925005, 1.2087038786565638, -2.899165756080926, -0.0009307409477677192]]
[[-0.4620113288821237, -0.182265061352178, 0.24087310609091406, -0.011474679192189606, 0.004871674327910263, -0.017008138896640608]]	[[0.07312616629959894, -0.5709467652694399, 0.2356784281648443, 1.2086462440236587, -2.8991735235277276, -0.000780898293564862]]
[[-0.30430560539405066, -0.2714992309000591, 0.36706761734635013, -0.009507189343546494, 0.008454389198370379, -0.01903220200025778]]	[[0.07312153500058179, -0.5709411865610515, 0.23564536807604664, 1.2087069365462173, -2.8991242538445925, -0.0008581937917826068]]
[[-0.16386782400230077, -0.11131382628512804, 0.41011584473682705, -0.005206838015300273, -0.0022000071016864647, -0.017330116304220895]]	[[0.07312694438756741, -0.5709488932813378, 0.2356167999194644, 1.2086815560619046, -2.8991611540134476, -0.0008751121440044246]]
[[-0.21528237928546426, -0.5124203707724552, 0.3323547026091086, -0.017797746910845593, 0.0023152151218462143, -0.020791752280010022]]	[[0.07313095959215213, -0.5709527305791676, 0.23561213407580928, 1.2087062069557737, -2.8991738456159064, -0.0007414135868762573]]
[[-0.3291723687618588, -0.21271460941954995, 0.43600820830314047, -0.007558629909496573, 0.005647543722739975, -0.020265716069244172]]	[[0.07314771648417152, -0.5709437720831827, 0.23557146558419384, 1.2087205865784858, -2.8991575991847616, -0.0008549164799783453]]
[[-0.42653344878334165, -0.28180002448789715, 0.3431021866057275, -0.009965773528891098, 0.009297424822481028, -0.019831945042321837]]	[[0.0731458986502506, -0.570947727669028, 0.23555890862525164, 1.2087335119335532, -2.8991889649169567, -0.0007590678370678494]]
[[-0.014487289240588744, -0.12223066727421117, 0.17326834961449097, -0.008042210591185475, 0.001645053385287191, -0.020754540679589303]]	[[0.07315357714932053, -0.5709421909117101, 0.23551386085368126, 1.2087437884291792, -2.8992138069762516, -0.000852095399776837]]
[[0.26569130811993746, -0.004898691183936987, 0.062497806212392475, -0.0012573947104197072, -0.005724290894245445, -0.02183059828867462]]	[[0.07312811885243371, -0.570939594342569, 0.23550235811322298, 1.2086725035602808, -2.8991393200744637, -0.0008570123427510805]]
[[-0.21943768023329102, 0.0829392661619374, 0.11795817205195547, 0.005470891311127938, 0.004090560257218213, -0.020144198189991257]]	[[0.07312923575311348, -0.5709547986151648, 0.23549710698238685, 1.2086971826414135, -2.8991523841109044, -0.0007425082810604897]]
[[-0.013096099258008698, 0.2502452406998799, 0.05991206489485748, 0.008053232475174046, -0.003969409125903741, -0.018287697685105672]]	[[0.07312423342408976, -0.5709448762532546, 0.2354515807038469, 1.208677192881788, -2.8991509168533445, -0.0008744609359730783]]
[[-0.11144190100373139, -0.1612758506222787, 0.2371049580536976, -0.004705657423400666, -0.0008495083187982963, -0.02022094802578623]]	[[0.07313434337731409, -0.5709392784378635, 0.23542215576288722, 1.2086956281419248, -2.8991954408822322, -0.0008913785180918374]]
[[0.07809681145681709, 0.0672951493794935, 0.04988191208490647, 0.0005213748459622918, -0.0019414175704731203, -0.02691816861584087]]	[[0.07311779844200471, -0.5709440385651137, 0.23540700154762492, 1.2086801521084967, -2.8991620577140487, -0.0008377362760583027]]
[[-0.22620576535236614, -0.20778285435177793, -0.04486009336268764, -0.005787033843345824, 0.004850979869894858, -0.019485814695762813]]	[[0.07313316514621387, -0.5709462989728907, 0.23535611380870813, 1.2086820496787873, -2.8991629765395435, -0.0009120921049552538]]
[[-0.060502424986868586, 0.49918548139068786, -0.015349505895522787, 0.009432145671567142, -0.00666525715557128, -0.018274498082408764]]	[[0.07313004753078418, -0.570944695272349, 0.23536022627955683, 1.2086553912681577, -2.899147445192693, -0.000875596692615787]]
[[-0.26778980558783727, 0.06037741220719145, 0.2514185636468488, -0.003090706233905791, 0.00045652278238418023, -0.0186336104462455]]	[[0.07314830765998033, -0.5709485812802348, 0.2353356695131434, 1.2087334278788782, -2.8991404106708454, -0.0008548213738587546]]
[[-0.4467359975071123, -0.1611827199398771, 0.16930982039401313, 0.0001528657809543167, 0.004371614193319431, -0.01883541358618505]]	[[0.07312465591181568, -0.5709555181670141, 0.23532332289025215, 1.2086547000002787, -2.899197072894046, -0.0007592124251268221]]
[[-0.21785762795085173, -0.38035643160351895, 0.0750770966905539, -0.005739292430707448, 0.004700440053133282, -0.018187048271463994]]	[[0.07314127840095949, -0.5709487147680431, 0.2352993779621626, 1.2086811052475446, -2.8991609312043236, -0.0007800432378767059]]
[[0.04618323114069517, -0.4044385908322137, 0.09801449189722639, -0.008708483232478963, -7.714912567701078e-05, -0.01684352154110397]]	[[0.073145576786944, -0.5709445708670231, 0.23525417905372104, 1.2087637498800101, -2.8991158528006276, -0.000874686356709411]]
[[-0.1845064230434575, 0.03652685812169938, 0.20381767607448315, -0.003101615160040444, -0.0030878954851227447, -0.01583517831558182]]	[[0.07312173763364292, -0.5709544025299085, 0.23524519716007514, 1.2086631552537808, -2.899168704052739, -0.0007801502951431069]]
[[-0.14655884644235098, 0.4103798105799683, -0.08166217907042038, -0.0019550895087064642, -0.00433941131301276, -0.020577898180092466]]	[[0.07313520179020383, -0.5709548455977511, 0.23523858282053928, 1.2086410008587982, -2.899164203237247, -0.0007418076803399511]]
[[-0.5033737872451595, -0.13481862401235853, 0.18060492989650004, -0.006559110687071344, 0.00756361281962902, -0.01852343550723592]]	[[0.07313331643836314, -0.5709531619510124, 0.23521045481617353, 1.208689029788103, -2.8991314411209474, -0.0007427057396650641]]
[[-0.2231574536631234, -0.0361292360763332, 0.13087529092442196, 0.00033902916895414085, 0.005890445303381998, -0.020889356353536018]]	[[0.07315355162655181, -0.570958916791247, 0.23517250232915043, 1.2087714653061794, -2.8991351241270773, -0.0007020433078727479]]
[[0.19034911634224677, 0.019745869504507407, -0.0660971592106672, 0.0011440443078902442, -0.003386964408524438, -0.017246219438986726]]	[[0.07311793831231242, -0.5709631519800058, 0.23518695363434644, 1.208644827926407, -2.8991737503090906, -0.0006472821146216488]]
[[-0.11836904252910427, -0.3885440182679747, 0.1755625537102841, -0.011030719778838686, 0.0055414612535208945, -0.01960709363464493]]	[[0.07312037520612379, -0.5709574221086808, 0.2351312686758747, 1.2086366898421061, -2.899154084974521, -0.0007619657142580854]]
[[-0.018383838576065202, 0.10153049335057872, 0.019479981924399974, -0.0054676752812799385, -0.00037315588795545397, -0.02830244883328939]]	[[0.07314450127107601, -0.5709638697756063, 0.23511741088017932, 1.2087222608031511, -2.8991163522936128, -0.0006651204287850196]]
[[-0.39163174378668486, 0.005917195851503104, 0.04293961330159092, -0.011320812750059873, 0.003204895931014735, -0.026399194641551573]]	[[0.07313619289992365, -0.5709594178207555, 0.23510269581695303, 1.208714825843727, -2.899196194837002, -0.0006242343181163639]]
[[-0.4222981228027016, 0.5017711744019234, -0.031672624108424766, 0.0018266112603523683, 0.0038710655826721943, -0.018121595981772487]]	[[0.07315774559111934, -0.5709576980803653, 0.23506084770673102, 1.20876149021233, -2.8991132541537796, -0.0006665440161137591]]
[[-0.2970816874216235, 0.0010470015349041684, -0.038517026848088554, -0.006226662710589153, 0.002748046009008216, -0.022184479824845428]]	[[0.07314091282140124, -0.5709630529971761, 0.23507281412266848, 1.208684118042238, -2.8991691864674953, -0.0005696203384132051]]
[[-0.0953442848311756, 0.2602355692357766, 0.1083988880023029, 0.0011826349004550457, 0.0008480819742986963, -0.02074467841334572]]	[[0.07313147166003571, -0.5709705490697531, 0.23502191667462702, 1.208682414301762, -2.899118376571798, -0.0005894880364839006]]
[[-0.0672831813807497, 0.30903300906577863, 0.046925433910969025, 0.0057523596155358014, -0.002658397910831728, -0.02210410513227067]]	[[0.073117463979954, -0.5709683825373029, 0.23503108854731114, 1.208617354247261, -2.8991568732295723, -0.0004957617403637288]]
[[-0.7621323081984286, -0.16794304653845055, -0.04389256337420355, -0.007732966102709229, 0.012370837705133423, -0.017243919841057675]]	[[0.07313571485046212, -0.5709714413857548, 0.2350045239737743, 1.2086612638125864, -2.8991633087452264, -0.0004396978050267886]]
[[-0.05981215102843551, -0.5802767107099585, 0.12342923296527922, -0.01608118634768168, 0.0008510148250584909, -0.021933679909043647]]	[[0.0731290554181315, -0.5709734958064715, 0.23496594392524855, 1.208677610468247, -2.899157902113394, -0.0004952807750604863]]
[[0.28887664932972884, -0.3845764854415364, -0.03433528607168147, -0.007620794251699902, -0.0068153057103711185, -0.02086334449682525]]	[[0.07312772650231167, -0.5709699188238087, 0.2349277623388849, 1.2086778219919867, -2.899158414122901, -0.0005131409182068213]]
[[-0.1819950185986401, 0.05783046823439091, -0.10894112822909015, 0.00546619618989796, 0.004083438788489461, -0.016735876701702197]]	[[0.07312862475348961, -0.5709722261954611, 0.23492057241557307, 1.208712338276851, -2.8991420217500354, -0.0004194001107845429]]
[[-0.3050809235892781, -0.19663010829202066, -0.10339064464662837, 0.0034582464380554182, 0.006990937235786548, -0.01625630413203429]]	[[0.07312567772732373, -0.5709800637400891, 0.23489049273639573, 1.208664598374829, -2.8991757837150294, -0.0004566713450665035]]
[[0.05755945403344437, -0.3252610707939795, -0.2707413946304814, 0.0017704963836144875, 0.0037284623071204546, -0.01983682448982192]]	[[0.07313388075357108, -0.5709731881443028, 0.23485568069468077, 1.2087041162412415, -2.8991204205206995, -0.00044164439914825084]]
[[0.28925181770787567, -0.2615357544480944, -0.33424275870245806, 0.004801988729856293, -0.0035909868802869583, -0.012879970202696284]]	[[0.07311516263132026, -0.5709742631655741, 0.23485277516189063, 1.2086255850046865, -2.899177381416811, -0.0003660465038418869]]
[[-0.16701539174934443, -0.5415394888677706, -0.22089683489871131, 0.001464595295586746, 0.011044967333745503, -0.014623927895838917]]	[[0.07314434241183362, -0.5709752127478295, 0.23483395201288104, 1.2086779282352713, -2.8991552005817325, -0.0003460865673253722]]
[[0.13401640432389858, -0.41994222692064354, -0.20691296950930266, 0.005723450951515851, 0.0013755560594640227, -0.022951064418979636]]	[[0.07314599004968193, -0.5709762350166696, 0.23478709437622852, 1.2087346522533289, -2.8991455429530943, -0.00038412248037750376]]
[[0.28786405247923363, -0.41105683664190806, -0.20394604908689182, 0.010513497739121736, 0.0009087085407408144, -0.01612414247224744]]	[[0.07312958284543893, -0.5709684267183301, 0.2347699057326833, 1.2086762858238176, -2.8991041853438775, -0.0003521047632579086]]
[[-0.2856216256697507, -0.418514486440391, -0.010314733607297724, 0.013056290810046176, 0.00973040577379861, -0.02278310420542241]]	[[0.073139055517104, -0.5709766678621193, 0.23475972037096915, 1.208716848049477, -2.8991515395802456, -0.0003117960988734684]]
[[0.36543653973055223, -0.08959778786359726, -0.17914622223169982, 0.011994991961530997, -0.00550348794401184, -0.023054217555450975]]	[[0.07313098913571807, -0.5709817352470898, 0.23471574477639467, 1.2086210613478445, -2.8991670790317663, -0.000368659999991336]]
[[-0.20930599482125847, -0.4022299178527581, -0.2107136179775629, -0.0014565879800281288, 0.005178267661983021, -0.008954569105006879]]	[[0.07313951184851399, -0.5709745225789347, 0.2346756154705814, 1.208670389470559, -2.8991863298338565, -0.0004064899856410399]]
[[-0.2513631450473145, -0.42734840534104007, -0.12480494403505021, -0.00064467491264652, 0.006406607333868974, -0.013485102161993832]]	[[0.07316447378750222, -0.5709750914271935, 0.23465390916411152, 1.2087428123440744, -2.899116701023455, -0.00037115335474638357]]
[[0.1637919912635972, -0.43484419404137964, -0.1588200375972051, -0.0003861426759501742, 0.0010537889323284405, -0.014814596371566123]]	[[0.0731415123931846, -0.5709675316431289, 0.23462418128469287, 1.2087126906862091, -2.8991435872327993, -0.00042678703460212827]]
[[-0.29322749322687713, -0.6771222871540674, -0.23573930641061902, -0.003835192958876445, 0.011112012769293043, -0.011967500294766259]]	[[0.07315761414215406, -0.5709656968889265, 0.23458511178667318, 1.2087229674035567, -2.8991665696036435, -0.00048345353261090715]]
[[-0.14563406666538908, -0.7453656658849197, -0.026868544570073028, -0.004719336038910751, 0.006321213668907731, -0.02115516272267174]]	[[0.0731310321692236, -0.5709518604875328, 0.23455468541385485, 1.2086893336687117, -2.8991828400596518, -0.0005766528704663297]]
[[-0.19444067232243617, 0.03046078728692475, -0.09914207245554175, 0.009642483196382516, 0.004752612745854214, -0.020479283267289095]]	[[0.07314311099230895, -0.5709683938789262, 0.23454383984529467, 1.2087010063557668, -2.89916259985727, -0.0004639516752359553]]
[[-0.2742281493664284, -0.37510665110129454, -0.15379793174772938, -0.006155624961995938, 0.005875281709889719, -0.025703990494002644]]	[[0.07313756422839106, -0.5709535199746617, 0.23451399051811816, 1.2086667941813178, -2.8991775112513936, -0.00048423410381025683]]
[[-0.11451782662106398, 0.057917582946393265, -0.09797836448281094, 0.0031485014344873248, 0.00109472395673693, -0.01299822542399027]]	[[0.0731464133896728, -0.570961514154712, 0.23448507693102327, 1.2087307460593637, -2.8991384889212584, -0.0005044963059918704]]
[[0.1057830569149682, -0.36299947115628106, -0.0948388809114748, -0.009971398938874658, -0.003974945474880205, -0.02114501157594764]]	[[0.07313505032889303, -0.570956977311331, 0.23446013480225664, 1.208722706741723, -2.8991170147129317, -0.0005441730296556124]]
[[-0.2570958800819497, 0.1529534013893659, 0.11770541557612846, 0.0045168084029524646, 0.003680056760107573, -0.01699200118681123]]	[[0.07313594304273156, -0.5709559272120075, 0.23444991799807802, 1.2086398790555068, -2.8991636302718526, -0.0005033949577335763]]
[[0.1329604186189866, 0.17937390691858007, 0.052295291649852825, 0.002212774584320003, -0.0058300675407903495, -0.02234671130866244]]	[[0.07312778504225774, -0.5709498362737118, 0.23440097773370755, 1.2086805364537274, -2.8991619363513874, -0.0005978540961336445]]
[[-0.2058118276062299, 0.05656067933989406, -0.025136495622048328, 0.0021040307910898505, 0.00509104982541984, -0.012104714112655663]]	[[0.07312988075935979, -0.5709467178245525, 0.2343403112362813, 1.2086849056054618, -2.8991236212648257, -0.0007116783567403618]]
[[-0.22041001747927977, -0.24403873958724884, 0.04289043595967305, -0.006373504370497753, 0.0044862492551813625, -0.012218712117907652]]	[[0.07312963002946422, -0.5709357229450344, 0.2343339290624265, 1.208768011553139, -2.899128318654222, -0.00071087505486116]]
[[0.09660089006187608, 0.18719118738605522, -0.06317254326315783, 0.003001639288649323, -0.002209576355966792, -0.02499566199704007]]	[[0.07312346546861175, -0.5709417188944055, 0.23430026074978166, 1.2086773117220062, -2.89915418637821, -0.0007490726961078587]]
[[0.02248752677233018, 0.09369950908235716, 0.005548174282834743, 0.003371082222787871, -0.0007284955231078032, -0.01783140381933755]]	[[0.07312914733495199, -0.5709481499395094, 0.23425162264603033, 1.2086637185833262, -2.8991216595081215, -0.0007890734378803271]]
[[-0.26960941820794515, 0.09843928497482135, -0.048953321664663436, 0.0013280661607119745, 0.0016259764323172821, -0.021560446620460652]]	[[0.0731105047748058, -0.5709459930278513, 0.2342306986978416, 1.2086426732376987, -2.899170626972432, -0.0008250398362134362]]
[[0.345000533128871, -0.35779352863237207, -0.008992668450854202, -0.007991954973231753, -0.009148222810074415, -0.02075269592495314]]	[[0.07311247190075153, -0.5709321328159501, 0.23421150622891912, 1.2086428390133759, -2.899170712358796, -0.0008255831243962656]]
[[0.24042413052315337, 0.061146165465489885, 0.008192430682027923, 0.0011194163116707665, -0.0020010736639390044, -0.02284979738302099]]	[[0.07312180039159112, -0.570933883762886, 0.23416756049282883, 1.2087176340890737, -2.899153851176091, -0.0008800835899004904]]
[[-0.0005091506539558616, 0.051456281326371034, 0.16422188222212938, -5.191136694518081e-05, -0.0045584123574813375, -0.013267444684220885]]	[[0.07314140729286257, -0.5709325131634001, 0.23412864086019655, 1.208713526152787, -2.899144059560462, -0.0009376302881020694]]
[[-0.27822427501510094, -0.08230025513287956, 0.014241638678226122, -0.0076699277157480554, 0.002288288196555583, -0.022360697480502203]]	[[0.07313244918068709, -0.570931044457504, 0.23410101833184188, 1.2087440194786745, -2.89911982321312, -0.00099476410920316]]
[[0.008810693229346203, -0.09340371128462355, 0.16446826792462596, -0.0006481511100975201, -0.0013531094033655616, -0.02393432836495186]]	[[0.07314107580765852, -0.5709281779541573, 0.23408916734372004, 1.2087518826511265, -2.899140775747424, -0.0009170932049446287]]
[[-0.13130400476729434, -0.3873134410991552, 0.25801034102061554, -0.0043484833375055645, 0.00519487108142764, -0.0204059374036711]]	[[0.07312564059443348, -0.5709284456197586, 0.234062079810124, 1.2086965206395586, -2.8991519469106857, -0.0009569959005845688]]
[[0.42561890734852953, -0.06637857932198504, 0.018368389959808745, 0.0026383573614731076, -0.011740656436929101, -0.02052739615536599]]	[[0.07313333042283185, -0.5709245907634376, 0.23403335499715688, 1.2086960215000508, -2.899101758586425, -0.0010339945843130622]]
[[-0.08407997742210752, -0.21443229719899914, 0.040182532398237845, -0.00811850834321825, -0.0010704462078187753, -0.014524769189421978]]	[[0.07312762248309673, -0.5709304526823553, 0.2339862672723561, 1.2087022481521212, -2.8991660653519684, -0.0011057912381788669]]
[[-0.30009288779203946, -0.05764445729209043, 0.2405183667246919, -0.007046350045008182, 0.0001769524560203163, -0.020404372943438647]]	[[0.07312494604354039, -0.5709178562428197, 0.23394200279451693, 1.2087014498540123, -2.899114919172974, -0.0011266562884038403]]
[[-0.3285764255993848, -0.009795858699618853, 0.18833222126528604, -0.006338727779035911, 0.0008422519725588998, -0.016472451398040794]]	[[0.07311324046078724, -0.570911075986923, 0.23390174388159995, 1.2086689723554107, -2.899183242481262, -0.0012357266306922943]]
[[-0.41472157562414425, -0.07601363146073672, 0.2819916438970698, -0.006249480293199642, 0.0003640983990616511, -0.021507398619872817]]	[[0.07310435739529682, -0.5709138804565251, 0.2338854743963777, 1.20860635081428, -2.899182793254258, -0.0011989436909485183]]
[[-0.26613340107338995, 0.13780618177770643, 0.23057957584938105, -0.003005420127636522, 0.00022820029825443614, -0.01590970465364028]]	[[0.07311140253942319, -0.5709128853544383, 0.23388565948379425, 1.2087287001438707, -2.8991317954056393, -0.001198315699955991]]
[[0.017482812187525846, 0.014430279395070056, 0.16243847998931946, -0.00910665841398959, -0.009739899499708533, -0.023057620317747225]]	[[0.07312150536913256, -0.5709140506876006, 0.23382410566317868, 1.208686261378497, -2.8991763837670192, -0.0012340183260014298]]
[[-0.293791072207185, 0.10544103754320626, 0.22835963557541267, -0.009714477365969544, -0.006151462438042162, -0.012828965351155902]]	[[0.07310444263795478, -0.5709107597363443, 0.23380860096943812, 1.2087158980168131, -2.8991519204878315, -0.0012718961373917328]]
[[-0.2856237478682247, 0.2186410171790529, 0.3668649528888976, -0.009610982847015778, -0.0061798466923172505, -0.017439272395923328]]	[[0.07311249812188086, -0.5709157514640121, 0.23378094683884157, 1.208659438666472, -2.8991606466797046, -0.0011790936272233544]]
[[-0.4109321065797492, -0.08131782030281251, 0.3138467981258104, -0.015261327787126158, 0.003446491725602952, -0.019205399165854186]]	[[0.07315853818712446, -0.5709143049869507, 0.23374903047392825, 1.208794631007086, -2.899144836871787, -0.0012508701784978767]]
[[-0.1162940822167355, 0.2743158606484827, 0.2987152547848998, -0.0042792201954143, -0.005654449300579279, -0.023707227087464557]]	[[0.07313011471411587, -0.5709023001894048, 0.2337197288237289, 1.208769014253023, -2.899131538830072, -0.0013269493037286466]]
[[0.0946245489445658, 0.16338333735638616, 0.1967950365303427, -0.004582997623614534, -0.006418567924204839, -0.024332481864474655]]	[[0.07310030017816077, -0.5709099064068922, 0.2336819694244886, 1.2086672011286896, -2.8991344131801355, -0.001309906337097643]]
[[-0.23652527234958273, -0.17833544269615698, 0.3086129929677446, -0.009631690819111012, 0.002124904962394586, -0.021035713099278913]]	[[0.07311811601104823, -0.5709083068268056, 0.23367523556820222, 1.20871599570017, -2.8991525103124482, -0.0012696887018648995]]
[[0.37380669505624387, 0.2791583538025885, 0.21056690341915488, 0.0018237236884041663, -0.010518657766237078, -0.019696923665402946]]	[[0.07312882073378624, -0.5709056722002881, 0.23364712488521092, 1.2087938370864886, -2.899093871668836, -0.0012705500887625907]]
[[0.024696005175270982, 0.06613252674648663, 0.2311606269870881, -0.006104195700453098, -0.0037599364801327406, -0.020299937567382163]]	[[0.07310364581771771, -0.5709050240463949, 0.23362614677742477, 1.2086852905633474, -2.899178202754188, -0.0012489568346060551]]
[[-0.4450575019958761, 0.07933656043644813, 0.15341964453560164, -0.009606694694021865, 0.0036867193812258558, -0.01663189498836326]]	[[0.07312030131829751, -0.5709209349648049, 0.2335993806197152, 1.2086723645667847, -2.899143586165325, -0.0012125087925972903]]
[[-0.34799964628330293, -0.20199173818375626, 0.21978329326051066, -0.01587679702629773, 0.004847227236939515, -0.019755283561703318]]	[[0.07313776295701821, -0.5709225451587843, 0.23359667984266394, 1.2086640226506984, -2.899172519605017, -0.0011714804597958406]]
[[-0.0800531430203619, 0.21424015886665698, 0.16372119610720454, -0.0026672418527483826, -0.0012723458918012377, -0.015572639272522379]]	[[0.0730974505239773, -0.5709142867507572, 0.23352166530007795, 1.208589852191668, -2.8991928907962707, -0.0012663220057448899]]
[[-0.05108774988963119, 0.37145300241153, 0.1513662831472477, 0.0026899238170628136, -0.005171730442927016, -0.01616450893568605]]	[[0.07312128588363061, -0.5709044575207064, 0.23351129804261728, 1.208723997034858, -2.8991232335412507, -0.0012488908825728897]]
[[-0.2746459059790128, 0.1506453168420117, 0.20204019692461145, -0.0007340377915707128, 0.001981847772151198, -0.018704625668221505]]	[[0.0731185507356026, -0.5709092223668929, 0.23348424666577966, 1.2086818611379286, -2.8991665542090352, -0.0012089945010642861]]
[[-0.1416825127728104, 0.2809141083819259, 0.13671041485056037, -0.003867731804088148, -0.0019396028098192246, -0.020762204089886705]]	[[0.07310836052326998, -0.5709207718988963, 0.23348720973691695, 1.2086973439188855, -2.8991572333832942, -0.0010768178653454458]]
[[-0.5703255628238572, 0.002295919563572335, 0.26796389362729855, -0.01526708905609425, 0.003960110334857724, -0.01564260455971595]]	[[0.07312512797517291, -0.5709199036814018, 0.23344804904475697, 1.2087237467025231, -2.8991722311216668, -0.0010757644714615218]]
[[-0.3318457905728347, -0.14841842672645816, 0.25132505393560556, -0.013816717020138224, 0.0016389528575118176, -0.01757452167238267]]	[[0.07312835318166701, -0.5709162484609894, 0.23341126033725199, 1.2087676650247683, -2.8991295181961894, -0.00113311286356568]]
[[0.01611056444913682, -0.1724153927642677, 0.15717060982714606, -0.008065403862853841, -0.004802426139775058, -0.020570178475045376]]	[[0.07311335740364473, -0.570924506725393, 0.23341587528971885, 1.2087008763881597, -2.899115154165295, -0.001004733335629829]]
[[-0.23725830093317557, -0.44671927424906277, 0.11525119025295918, -0.0030906297414597314, 0.007498732668503804, -0.018295954781426177]]	[[0.0731144200457793, -0.5709170267070417, 0.23337496931182297, 1.2086807444285161, -2.8991643624898047, -0.0010593698545754324]]
[[0.3910195917499946, -0.32142478552611237, 0.15979250946182633, 3.4662329819682824e-05, -0.004684596212275422, -0.021686542924756556]]	[[0.0731353536957219, -0.5709190835673694, 0.23336242271283988, 1.2087963927260752, -2.8991012515107, -0.0009652005216134777]]
[[-0.3149342270056026, -0.3596495034526708, 0.14451639778858397, -0.002258224037097744, 0.010318995950182264, -0.0135578511613441]]	[[0.07313264868405421, -0.5709206976046559, 0.23334747990929533, 1.2087750685371992, -2.899147732821339, -0.000907328458759492]]
[[0.038326530392739915, -0.14979254263753378, 0.07771065650111773, 0.0036231353348755648, -0.003609366656322963, -0.016509440423686128]]	[[0.073109772006449, -0.570924210933706, 0.23333793300568412, 1.2086266057759238, -2.8991826665723073, -0.0008534228034415705]]
[[-0.2572684872609549, -0.5031684011571873, 0.15012158017639524, -0.0010836013652579229, 0.011294890763495323, -0.021896202163651075]]	[[0.07312171821851586, -0.5709172725021529, 0.233314244957735, 1.208644064484999, -2.899175814606286, -0.000873053868355505]]
[[0.18385109911803804, -0.7788452033989395, 0.061816101796359726, -0.00010774202837315612, 0.0009253294220691648, -0.026543742597410675]]	[[0.0731239884496735, -0.5709266924032534, 0.23328523961358114, 1.2087262482889987, -2.8991279849823464, -0.00083691282405738]]
[[-0.24048582710526564, -0.18387711373548346, 0.050311684984491616, 0.019567108428227783, 0.010851830145250062, -0.014747511714087084]]	[[0.07313483127097561, -0.5709197615577714, 0.23323254397179538, 1.208732838992094, -2.899192893158279, -0.0009653948319747844]]
[[0.08740182546341974, -0.10141804136960988, 0.018500723392462438, 0.016831586748531142, -0.0006569415780602657, -0.022968608208323433]]	[[0.07312420011903681, -0.5709238054869155, 0.23325592225916472, 1.2086960182488582, -2.899152867705966, -0.0007998896828310974]]
[[0.0964535845928235, -0.16465236488698468, 0.033382959867534846, 0.010148387407268752, 0.0018484972775480836, -0.02202001897950068]]	[[0.07313919690598458, -0.5709258854971122, 0.2331828040590174, 1.2087145950216283, -2.899149111508854, -0.0009685512219526571]]
[[-0.06161125407438631, -0.19141158452881565, -0.08873873914501378, 0.0050574365767045645, 0.006247904801376439, -0.014802386792585408]]	[[0.07311325139265833, -0.5709205519668058, 0.2331603895711689, 1.2086871741918168, -2.899133592336674, -0.0009332268978820518]]
[[0.001169937443974839, -0.36205566933079036, 0.07243495170691894, 0.0018266171257690612, -0.004420725807439687, -0.00991374103539397]]	[[0.07311115921815499, -0.5709182644861639, 0.23316324298555519, 1.208648203033187, -2.899135306702889, -0.0008589739519184]]
[[0.24974114109441406, -0.22397742593548592, 0.014751239746624057, -0.0017249270879532, -0.005733682711550819, -0.021161561152287147]]	[[0.07313582327239701, -0.570920050521462, 0.23316137112603127, 1.2087606947953775, -2.899113517828976, -0.0008015025863147193]]
[[0.0733593260726117, -0.16802848712668875, 0.0063174818139438566, 0.003844609457121254, -0.0024404348413336664, -0.021964418837771726]]	[[0.07311502819514713, -0.5709183186146042, 0.23311646555057636, 1.2086271146281211, -2.899184388249893, -0.0008949963495531568]]
[[-0.15590613248806887, -0.18961298272242025, 0.10579871083668364, 0.0019123685989227012, 0.0031413810419217625, -0.02154212634375912]]	[[0.07310834564209832, -0.570920203859872, 0.23310787832731072, 1.2086438288893537, -2.8991758692843725, -0.0008206275810155779]]
[[-0.12094981271529899, -0.13256928245232194, 0.12351299077505959, -0.003111937630495426, -0.003851583722549037, -0.01850089972069801]]	[[0.07313079529047867, -0.5709135184112428, 0.23306971034866442, 1.2086651778426112, -2.8991295293790276, -0.0008970948789570757]]
[[-0.04362644897140047, 0.015202417661988989, -0.05475501401704832, -0.0028429230150671682, 0.0017261206506294577, -0.02135922324797025]]	[[0.0731239610608457, -0.5709230520204419, 0.2330404983408198, 1.2086620905215089, -2.899169402094534, -0.0008587691533553931]]
[[-0.20279710736535372, -0.14739056800629743, 0.07313433292293084, -0.006961209251260844, 0.004819820853043473, -0.019810539175981166]]	[[0.07312643715994317, -0.5709208943711873, 0.23302096086420526, 1.2086829798665504, -2.899121953262341, -0.0008787625729816259]]
[[-0.021956284153145482, -0.11299610356563289, -0.026652398212123802, -0.001318155970326644, -6.0656277123417174e-05, -0.022957124747928166]]	[[0.07311972897447193, -0.5709151601406122, 0.23299773011106872, 1.2087274929952316, -2.8991314883133343, -0.000951920251546222]]
[[-0.08713227486935725, -0.013677496346473979, 0.10794802395901883, 0.002933373719646507, 0.00015894915820515278, -0.021041617260554958]]	[[0.07311009956706627, -0.5709030366024919, 0.23296917810838907, 1.2086574215475057, -2.8991087505647024, -0.0009548165122578489]]
[[-0.1857974901286416, 0.49255544833184584, 0.05483532122697126, 0.013023484499629125, 0.0009944073721988942, -0.014701116019003329]]	[[0.07311341124972011, -0.5708982672208134, 0.23293379131617298, 1.2086766027520783, -2.8991551025972737, -0.0010454480657469416]]
[[-0.06680333282121509, -0.017549009150624722, 0.17747745138129306, -0.0055599295493138886, -0.00283282626119984, -0.0177716739822587]]	[[0.07311371953226321, -0.5709025514104392, 0.23291301397518552, 1.2087405421104538, -2.899113937336302, -0.0009906140581154798]]
[[-0.13531624670915696, 0.0180286052220803, 0.19744963136700444, -0.0019953715233398846, -0.005088676201220372, -0.015134021554741106]]	[[0.07311713670147939, -0.5709027456930259, 0.23289575301893228, 1.2087267375506507, -2.8990806343054443, -0.0009731477743202911]]
[[0.27867573191231654, 0.533988036288831, -0.017333858201116402, 0.00992475108620696, -0.011433401852098795, -0.026478704775161194]]	[[0.07311047534702367, -0.5709059726161114, 0.2328669016578122, 1.208663150073537, -2.8991719554354978, -0.0009522958448557266]]
[[-0.21612794452181777, 0.2106750646817784, 0.08795008234674259, 0.005842543845829089, 0.0040639326914422074, -0.018368474658786372]]	[[0.07311236419214581, -0.5708953478694327, 0.23283710990168277, 1.2087103155051706, -2.899140802483362, -0.0010096921800327736]]
[[-0.29871840081262313, -0.09654726078341219, 0.06185177914329126, -0.0027006167371865153, 0.005875219320114396, -0.014205736541992406]]	[[0.07311417003464778, -0.5708967632815022, 0.23281548482666498, 1.2086811907098483, -2.8991665007004808, -0.0010286179305448388]]
[[-0.09965315276297675, 0.07989869359889226, -0.018164045876862923, -0.0004732424149243524, 0.0002663923774941391, -0.02130563246716271]]	[[0.07311026452285184, -0.570893184609796, 0.2328002228197062, 1.2086890796830998, -2.8991365259983275, -0.0010088058154154155]]
[[-0.3133760014755304, -0.15424106253067274, -0.015541007059193384, -0.0067183808083315115, 0.010446181969874693, -0.01463843281382468]]	[[0.07313024128450331, -0.5709015860528026, 0.23275941669762062, 1.2087158409996763, -2.8991526569461423, -0.0010445938670050488]]
[[-0.08117645974103546, -0.04038145586642937, -0.048397134108435255, -0.004768051908290551, 0.0001285850522162583, -0.014993171223436477]]	[[0.07309717902056223, -0.5709038953677142, 0.2327379011191863, 1.2086447838611833, -2.899129779726102, -0.001030046521819347]]
[[0.07109712850750566, 0.0353410571664084, 0.029193835999176396, 0.0015026335844690463, -0.006990846014334892, -0.016872280624956406]]	[[0.0731266306529085, -0.5709021319355433, 0.23271489545605528, 1.2087531331059516, -2.8990960088623954, -0.000954571844381718]]
[[-0.2907576574156075, 0.11449383455905836, 0.15213282826972635, 0.008949905900063313, 0.008096310233220192, -0.01580040744945986]]	[[0.0731148670656131, -0.5709053964376315, 0.23270916868984884, 1.208636064722939, -2.8991578730601852, -0.0009543145679460893]]
[[-0.04547807518637688, -0.03741728114598739, 0.0379104121528083, 0.0012341794025033837, 0.0008493411540281589, -0.017100914733274596]]	[[0.07312040891107473, -0.5708942972722422, 0.23264863104166017, 1.2086990472801167, -2.899161129151076, -0.0010845212181337528]]
[[0.45493565878826847, 0.18140882811350154, -0.054703398501287366, 0.0028400171705867438, -0.01422673112761011, -0.021652646666459646]]	[[0.07312322699967319, -0.5709017570972842, 0.23264942817847567, 1.20868096185762, -2.8991665985644337, -0.000989830865706337]]
[[-0.16104969082025775, -0.10773766549044321, 0.13984576109655936, -0.0018085519612255287, 0.0032741676716067066, -0.018181229680121452]]	[[0.0731283612006452, -0.5708964968195771, 0.23259624732309406, 1.2087504967755835, -2.899140767539652, -0.0011228747786531884]]
[[-0.41417719382304186, -0.5977586959342795, 0.1392531341486503, -0.01002180426808815, 0.009378565800698678, -0.011862556946316773]]	[[0.07310115256540937, -0.5709041296734049, 0.23258453281550107, 1.2086066662552288, -2.8991869982467255, -0.00108287300941636]]
[[-0.026483928773934753, -0.20309780748882833, 0.13093519607222323, 0.0003618710346477876, -0.0037429617607948017, -0.01947540671679058]]	[[0.0730987319543408, -0.570891495912868, 0.23254143570274505, 1.208675977803038, -2.899107465799589, -0.0011424021312952475]]
[[-0.006783401931525088, -0.20333904555382268, 0.29334912745367353, 0.0020832404686046877, -0.0016218073180907483, -0.018004004277147864]]	[[0.07311661601075077, -0.5708874949193213, 0.23251598185821287, 1.2086779630024054, -2.8991593243697213, -0.0011596580470529195]]
[[-0.021367669933673478, -0.5177037332832259, 0.2725708056485679, -0.008101259997660749, 0.0012612361585244763, -0.01880847066986338]]	[[0.07310087292669638, -0.5708801824481622, 0.2324889127651652, 1.2087177798183517, -2.899157450892452, -0.0012343933419413093]]
[[-0.2192060774549822, -0.30000324119709326, 0.23862783974797827, -0.006970952151820267, 0.003557863997688865, -0.014776001545552772]]	[[0.0731251067404338, -0.5708843508999888, 0.2324652567037403, 1.2088083884149254, -2.899131868161282, -0.001196257312240607]]
[[0.020334568537753894, 0.21455892935812848, 0.16934180767525833, 0.000455008610203519, -0.00580707651934004, -0.013704226607552137]]	[[0.07312246685674398, -0.5708874768174871, 0.23246528357381152, 1.2087590798643646, -2.8991106980619166, -0.0010830090915636532]]
[[-0.6101857412286866, 0.17375285012676112, 0.1506529427527178, -0.008053515730672055, 0.0037807336204382326, -0.017309295147692028]]	[[0.07310214322386153, -0.5708903217978796, 0.2324411998179241, 1.208672696600799, -2.8991468403850673, -0.0010829149078685767]]
[[-0.6804460070062198, 0.37261186545553715, 0.3278923514073146, -0.0037661835280838963, 0.0048960938676100565, -0.017815651967890814]]	[[0.07309947396422561, -0.5708797011386348, 0.2324034067849829, 1.2086437326511297, -2.899174592669207, -0.0011766668847947432]]
[[-0.021731980996382343, -0.14058768844573077, 0.3295862499532028, -0.01026711811424607, -0.005160064153782003, -0.018409460206601752]]	[[0.0730890083707408, -0.5708783736422252, 0.23238104023783135, 1.2085981098465006, -2.899166166743062, -0.0011200763511581252]]
[[0.012554252394503175, -0.03366073474911879, 0.282019947684229, -0.006747301884450744, -0.001309176806987862, -0.015215890281672754]]	[[0.07311251244860043, -0.5708763828998878, 0.23235127473313677, 1.2087474736684902, -2.899131618998516, -0.001176196158708329]]
[[-0.09418156621161833, -0.25412947256173346, 0.19462525444325438, -0.011475421063053926, 0.0008028130043814174, -0.01399722180331361]]	[[0.07309099503368104, -0.5708802951547557, 0.23231937195911734, 1.2087246387835784, -2.899127477982679, -0.0011571049604685267]]
[[-0.4927359817574256, -0.32192852547795137, 0.363443822888144, -0.013663011495847706, 0.005355014651507956, -0.019493003798743247]]	[[0.07311589043256499, -0.5708731794275823, 0.23231273453269302, 1.2087725154350175, -2.8990942359775684, -0.0011391566360317033]]
[[-0.30628072494466096, -0.09151326274484743, 0.3115855124308534, -0.015239817652500588, 0.003346641351102523, -0.021227563352969273]]	[[0.0731020968454729, -0.5708710011514594, 0.23226636600829392, 1.2087253031450784, -2.8991270710914887, -0.0011377004612615443]]
[[-0.05860175834984308, -0.1566215035642169, 0.24483523677823343, -0.018284208516665998, -0.001401157986861315, -0.019444510636186154]]	[[0.07309552598338492, -0.570872521261067, 0.23224378719732963, 1.2086564741919252, -2.899156677334918, -0.0011752029012112614]]
[[0.07178890110730038, 0.12287901976886335, 0.08988677088848471, -0.009036487444425775, -0.005248981737019687, -0.02135575918983845]]	[[0.07308823296100486, -0.5708883047883431, 0.2322447181860941, 1.2086766462344491, -2.899158830697574, -0.0010430511216450325]]
[[-0.33193282355425724, -0.22291133269862812, 0.21668759071991403, -0.012130630726195519, 0.008049032012391162, -0.017414932528863884]]	[[0.07309990755553587, -0.5708875431551869, 0.23221284449900198, 1.2086683414355404, -2.8991369033754064, -0.001081311593804599]]
[[-0.2774179187701944, 0.2014509256775403, 0.23588657634496574, -0.0014886379013406869, 0.0038928007572488384, -0.011491029855471117]]	[[0.0731242903439919, -0.5708798550736579, 0.2321655982365245, 1.2087157917258722, -2.8991046916468224, -0.0010990056987792848]]
[[0.09459499687657524, -0.10802444781162857, 0.21370566939125743, -0.004948589856242444, -7.578479240198796e-05, -0.016727851964385917]]	[[0.07310655877413476, -0.570888187588575, 0.23216597767420177, 1.2086734032825506, -2.899198310710137, -0.0010017980524419004]]
[[0.20060215666678974, -0.20147189508146973, 0.2540412260606256, -0.005270349026953374, 4.87185584084524e-05, -0.01499505174734579]]	[[0.07310983194681939, -0.5708812274235697, 0.23212361312671043, 1.2087555049904655, -2.8991518408944823, -0.0010214959968181563]]
[[-0.3838825143944722, -0.759623443362456, 0.12042076282501611, -0.019466007648103904, 0.009452456467355048, -0.016258175294797454]]	[[0.07311579848493609, -0.5708883177428018, 0.23213078420439473, 1.2086888656522272, -2.8991378751925603, -0.0009106692843662522]]
[[0.3521867279862533, -0.055708996461457966, 0.1430932482973622, -0.0018551122428077473, -0.008797165037541903, -0.021939328376222225]]	[[0.07309868950287055, -0.5708875048567178, 0.23207840830582643, 1.2086285473906875, -2.899139062430348, -0.0009847614124170662]]
[[-0.2142283798164218, -0.3446514193376746, 0.2643407488311115, -0.007434858183025698, 0.00472810639369216, -0.0164345041417646]]	[[0.07310866472779302, -0.5708916617360519, 0.23205184195326267, 1.2086844930853846, -2.8991276053085757, -0.0009300745129492914]]
[[0.14641395712543379, 0.02658665786417027, 0.21192893618205427, 5.123242104296136e-05, -0.005757989437761827, -0.02001143581247609]]	[[0.07309544930543455, -0.5708720801548056, 0.2320174869412417, 1.2086731749480124, -2.8991487413945056, -0.0010805642390678111]]
[[0.06887136841075639, -0.4320917605339156, 0.08308480914294605, -0.010882155185578375, -0.0018272523452418522, -0.017787005317931984]]	[[0.07310648625162912, -0.5708823725674714, 0.23202976345135737, 1.2087234419085287, -2.8991236158831777, -0.0008915772901999083]]
[[0.0865162057010198, -0.21751800725203135, 0.16761108447125997, -0.003817481171791724, -0.003993819760240676, -0.013372549378456102]]	[[0.07310691074302139, -0.5708834667339746, 0.23199765066440806, 1.2087578716613494, -2.899109019938081, -0.0008724934139784149]]
[[-0.20379450135310023, -0.10806299095568536, 0.21298284032345888, 0.0006364815491626354, -0.00013797837235350943, -0.018602549954981017]]	[[0.07311405777562462, -0.5708869568224368, 0.23194007799758487, 1.2086849159752184, -2.899128851589162, -0.000968769229446829]]
[[0.14397013770972605, -0.13212513102547893, 0.2292504171268842, 0.001016730761784769, -0.008369806392218298, -0.02543417576108409]]	[[0.07309181100453452, -0.5708974888941423, 0.23196455686349696, 1.2086404291733515, -2.8991703440333314, -0.0008167405171863862]]
[[0.038129689731838994, -0.056750537595488586, 0.18846679555682297, 0.0029391326300076026, 7.787819636476904e-05, -0.02121689646783578]]	[[0.0731038307450653, -0.5708820063630551, 0.23190552932489994, 1.2086803258638696, -2.8991176919274877, -0.0009518818022624358]]
[[-0.18630933149538412, -0.20411617188840858, 0.1343605393042463, -0.001369015025343407, 0.001314385004553104, -0.01682297043444803]]	[[0.07309838369945679, -0.5708959364466053, 0.23191375557165028, 1.2086742107699635, -2.899156146093858, -0.0007990437594855895]]
[[-0.21829502275393678, -0.2542546955947519, 0.09055400450153951, -0.0005842268332649078, 0.0026015738834321575, -0.013766144360628016]]	[[0.07310247793918831, -0.5708870615961569, 0.23187840345036734, 1.208658860741931, -2.8991639768918676, -0.0008559036772078961]]
[[0.3033471582474246, -0.11676975393714327, -0.03600751700206347, 0.005770667180075475, -0.005836133907095862, -0.01920080533758726]]	[[0.07310802787457552, -0.570882821491116, 0.23184924015648795, 1.2086936303811773, -2.89915006539593, -0.0008753568108345272]]
[[0.1373191641617143, -0.30380558645665373, 0.0728526563416666, 0.012301635744558916, 0.0021314794939652658, -0.020576673523284836]]	[[0.07313012438184224, -0.5708915194402513, 0.23184516486872192, 1.2087179254076226, -2.899111176292771, -0.0007655167224950664]]
[[0.1263724708836484, -0.4457633036283779, -0.013435958234096, 0.007128690557037149, 0.002065741428154334, -0.02018806642723225]]	[[0.07310240003358798, -0.5708970644896388, 0.23180762948713413, 1.2086618387554076, -2.8991226899098264, -0.0008047852216372138]]
[[0.04151938682864559, -0.3244085719441986, 0.01678207155824419, 0.005084021436455545, 0.004549746288213933, -0.016375103874614126]]	[[0.07309688364020644, -0.5708917608431426, 0.23180657550267525, 1.2086399188351602, -2.899169455122072, -0.0007269613582125605]]
[[-0.09130014378410628, -0.5049495382420194, 0.12440939189579889, -0.004892899005895422, 0.003521497463785777, -0.02131115261267585]]	[[0.07309972214271122, -0.5708864928772885, 0.23176043213660918, 1.2087013977862042, -2.8991202087910493, -0.0008417862626560266]]
[[0.11207993245043557, -0.20626760870556687, 0.0164752858941355, -0.000388599670831662, -0.0018939528316760737, -0.021659913596086707]]	[[0.07312276421037717, -0.5708874889683994, 0.23174152429903755, 1.2086705180454222, -2.8991456378770804, -0.0008221364766299622]]
[[0.12436026564606564, -0.5694779927847092, 0.05708642332278678, -0.014013248614271293, 0.003059965099746622, -0.017613231475555085]]	[[0.07310486678169231, -0.5708932794401703, 0.23172913738048406, 1.2086583529671284, -2.8991633809304798, -0.00078344879156572]]
[[0.6880351636162121, -0.11656924355339138, 0.10290422053130957, 0.0029836043951507974, -0.017621681157389962, -0.020973585110680898]]	[[0.07312303288091157, -0.5708882038388575, 0.23168550840149746, 1.2087752156955525, -2.899103096977557, -0.0008592999743532983]]
[[-0.22480850066463046, -0.479727740949449, 0.12707537686225512, -0.006642414001312805, 0.007904247044943502, -0.017854353445474012]]	[[0.07309871506223135, -0.5708837144584625, 0.2316819075199441, 1.2086667822909396, -2.8991346457469027, -0.0008228549028240472]]
[[0.2736364203722357, -0.019219469437992298, 0.1339373176278864, -0.0014876585527609162, -0.010367876933094712, -0.027411393586899736]]	[[0.07310848342797921, -0.5708804979302391, 0.2316490459909068, 1.2087329391603359, -2.899147679376331, -0.0008763921428651258]]
[[-0.5352145984174312, 0.1220478461468516, 0.19594962587258594, -0.0008966711969830071, 0.007124197215529444, -0.01471030475551855]]	[[0.07308442951160163, -0.5708878239016528, 0.23162842667811534, 1.208679271956455, -2.8991180397324703, -0.0008800838388496265]]
[[-0.19758635258396925, 0.2651607887792336, 0.12847158565482572, -0.0018774483682753886, -0.002225117916377197, -0.019391840293974987]]	[[0.07309503470305823, -0.5708806473329343, 0.23159538975939292, 1.20865835902301, -2.899114445238766, -0.0009001146519852501]]
[[-0.5079792100832595, -0.30181909772157905, 0.2441076726743799, -0.014582476188474941, 0.0069216273620672855, -0.010566695950076838]]	[[0.07308053349620723, -0.5708739754143324, 0.23156824765101455, 1.2086151831014038, -2.899158813686427, -0.0009163923195867595]]
[[0.11212925133563384, -0.14870478713390733, 0.10437546128237157, -0.012163763336673548, -0.009821843909093719, -0.02395676142140354]]	[[0.07312845037191865, -0.5708766289017938, 0.23155657022509116, 1.2088022952393285, -2.899119674683804, -0.0008964741508667304]]
[[-0.5198471004697656, -0.30797271645873436, 0.21150394791514965, -0.009699445807747158, 0.007165360172245143, -0.023642676399120672]]	[[0.07311385713846082, -0.5708704363406604, 0.23148969277380033, 1.208732642941844, -2.8991001655589104, -0.0010487927380981711]]
[[-0.11708244825474179, 0.05723427145826679, 0.14915406189381003, -0.0011982491486426444, -0.0008916053315912528, -0.017463685902282738]]	[[0.07311882689398384, -0.5708680167337131, 0.231462145040788, 1.2087288097510605, -2.8990889753803106, -0.0010483520936957875]]
[[-0.10236870245327642, -0.09553012483712427, 0.06516756906009573, -0.007338763412130282, 0.0026292138382964115, -0.01733623556281029]]	[[0.07310663487810178, -0.570880255539203, 0.23148160026996867, 1.2086668960334455, -2.8990864779305237, -0.0009398310986122468]]
[[-0.5306802007527283, -0.27719631176141973, 0.3358758924364365, -0.00856728773615675, 0.012484055847577133, -0.016798566160642348]]	[[0.07311206124234468, -0.5708778362159073, 0.23144085149988097, 1.2086899881358764, -2.899142376540943, -0.0009725243074742418]]
[[0.024269018919654883, -0.24225770739235664, 0.20650541190143915, -0.008184770971060257, 0.0016779447061542633, -0.022664594508809574]]	[[0.07311725690091954, -0.5708814199661011, 0.23143074800330116, 1.2087727820554697, -2.8991467576393766, -0.0009524515257587986]]
[[-0.3465090498668914, -0.3286661513712794, 0.15959108564739083, -0.008090985952130739, 0.005153405511704548, -0.014032940288300454]]	[[0.07309158879973489, -0.570887791047944, 0.23140799974263138, 1.208592757052843, -2.8991564355714843, -0.0009361254720827544]]
[[-0.2901922486548245, 0.044327239977482086, -0.008161945195107264, 0.0020894425962673237, 0.005736250376937125, -0.020551666833903505]]	[[0.07312279698043424, -0.5708805328666676, 0.23138125981278979, 1.2087165680212812, -2.899157946488959, -0.0009725756327734424]]
[[-0.018632575194595366, -0.1939617962887863, 0.11389564527603784, -0.0041989004014774, 0.0008958098797265854, -0.013386915020283899]]	[[0.0730962739499458, -0.5708770617621148, 0.2313618927315313, 1.208684704281342, -2.899131730554754, -0.0009555431734059498]]
[[-0.05389456877734364, -0.10449314766503295, 0.2454208872913737, 0.0021282163737412862, -0.003548263863683022, -0.009322579350984211]]	[[0.07312567076664583, -0.5708760346842581, 0.23131804566894704, 1.2087076406168538, -2.8991364448940176, -0.0010097150551600102]]
[[-0.20792918369345664, 0.061063217572007084, 0.14782313365946492, -0.002566744348753348, 0.0013498471985289682, -0.009918920558591707]]	[[0.07313091654378463, -0.5708831933962817, 0.2312976883224534, 1.208717137404999, -2.8991596762199565, -0.0010448697975274676]]
[[-0.054797377163156226, 0.17565066378892044, 0.23648270622109027, -0.0006514385755151441, -0.0021136469838196554, -0.018369986963488315]]	[[0.07310840949736946, -0.5708680861817275, 0.23124134648359673, 1.2087089631898227, -2.8991395926214243, -0.0011609139658994364]]
[[-0.5072316645120378, 0.24206035056413155, 0.2797488573412023, -0.0035562029723650895, 0.004976672266978864, -0.020178703127423904]]	[[0.07311253715140445, -0.5708790732555037, 0.23123918288615936, 1.2087601077629515, -2.8991166194094258, -0.0010848646012621213]]
[[-0.2305102897468619, 0.18264216193131658, 0.08803306811536195, -0.0046269507595163226, -0.001078937253842078, -0.02375487021796796]]	[[0.07311864458843774, -0.5708830087877824, 0.2312424038017423, 1.2086982441080478, -2.8991141287217803, -0.0009737775782397623]]
[[0.21549141024818635, 0.19952653432578926, 0.1393764751960922, -0.006999626214476805, -0.010023182643737907, -0.020957441962606255]]	[[0.07310848827088401, -0.5708906576974803, 0.23119548541701407, 1.2086687708751533, -2.8991411440343193, -0.0010471790525190376]]
[[-0.19807300724777457, -0.019110034232470305, 0.25465757405252987, -0.009817875776545923, -0.0013183740067195153, -0.025207308103139897]]	[[0.07312359709679672, -0.5708792156145636, 0.23116816319134056, 1.2087219880783087, -2.8991716707206256, -0.0010632330149044295]]
[[-0.6156614615195414, 0.01736105774938107, 0.16706269093864964, -0.008566152579142361, 0.004639397086377413, -0.014296263215503506]]	[[0.0731027750571377, -0.5708821140329066, 0.2311497235521121, 1.2087117778188925, -2.899098063463898, -0.0010660805407867453]]
[[-0.4726540230934863, 0.01960480596697467, 0.0798392045600328, -0.008203017374342933, 0.006138459187196419, -0.016682545691343368]]	[[0.07308721986144688, -0.5708984576800471, 0.23113518160817476, 1.208606825154609, -2.8991406112737033, -0.001008819591499085]]
[[-0.265410276295495, -0.09057014027532917, 0.02204474119163052, -0.0091082614973218, 8.335626854771155e-06, -0.012102797828113307]]	[[0.07311303042341898, -0.5708904371542938, 0.23110517738631348, 1.2087288305268364, -2.89909070977288, -0.001045762238585788]]
[[-0.10988779843672025, -0.015418625934747854, 0.1365531161935213, -0.0053926353718867105, 0.002254258019233028, -0.020935018862488244]]	[[0.07309942801549323, -0.5708888523474711, 0.23106130137906616, 1.2086303459701833, -2.899146536079564, -0.001120917697812921]]
[[-0.21607327210624672, -0.06361879776121296, 0.18940029087291138, -0.005247691044838524, 0.0031285919812270094, -0.022908770921542847]]	[[0.07311319432873528, -0.5708928591467636, 0.2310446197515313, 1.208734665323293, -2.8991540514407883, -0.0010616846910788582]]
[[-0.40858051248306354, 0.07041869852941057, 0.221964769581191, -0.003403514073086932, 0.005649049778299767, -0.022024514532055665]]	[[0.07311448904515107, -0.5708874954631671, 0.2310193970681911, 1.2087200597762757, -2.8991206386446233, -0.001044706536732764]]
[[-0.227399981686858, 0.07371660915316025, 0.20818832772729423, -0.007861570129936275, -0.0009178216139666536, -0.01864939273211254]]	[[0.07310018555484483, -0.5709003370585708, 0.23099512961277435, 1.2086602540147102, -2.8991723490232935, -0.0010597546324251895]]
[[0.09430193659972917, -0.20455026784251445, 0.15571859854992665, -0.014011839280756694, -0.006495323722707275, -0.015919897074940164]]	[[0.07310135432455539, -0.5708972918657306, 0.23095681696658432, 1.20866002356235, -2.8991208854506785, -0.0010799693797381683]]
[[-0.259590773693524, 0.2227866098117316, 0.11207522958753358, 0.003107734096968081, 0.005500745342622848, -0.02142311668663563]]	[[0.07311328652264704, -0.5709032570533213, 0.23094902431679548, 1.2087200419897453, -2.899119283847056, -0.0009665776675168019]]
[[-0.047379024728409644, 0.13744358301216641, 0.1497107550328257, 0.0031397190488925615, 0.0019398546769502523, -0.026818661708905327]]	[[0.07314027435897864, -0.5709148464564121, 0.23092894500540032, 1.2087071619892071, -2.899137593216845, -0.0009663974735811494]]
[[-0.10483757433967954, 0.24295496429331565, 0.06465885056583935, 0.001139397018539508, 0.0027188359795462034, -0.016293606798366583]]	[[0.07311534965722065, -0.5709053549705955, 0.23089496534926646, 1.2087066474143204, -2.8991380730377263, -0.0009672608123229557]]
[[0.15604986243014907, 0.3609950952088613, 0.05185097858377248, 0.0007594997340629305, -0.01068304915766543, -0.017508495149834782]]	[[0.07313745334199666, -0.5709106371825907, 0.2308730001094357, 1.2087199777799407, -2.8991196482663155, -0.000966714285798168]]
[[-0.0442655845295592, 0.46001794268772345, 0.06526564003613883, -0.011406361808332674, -0.011129077236487608, -0.02147048072773607]]	[[0.07312145450139029, -0.5709160703470054, 0.23085020064010964, 1.2087050241948296, -2.8990856320811074, -0.0008919264977593621]]
[[-0.3234636239510121, 0.5078172225847449, 0.05157088721197845, -0.004497981606001932, -0.005312438069829272, -0.021753289407693225]]	[[0.07313154954085246, -0.5709172128501383, 0.23083007565985453, 1.2087314017065183, -2.899100546326771, -0.0008908875883402858]]
[[0.475451732779398, 0.3913564468910429, -0.1032060726544126, -0.00017171862434159878, -0.01478992434681126, -0.023504365870254014]]	[[0.07311732714294115, -0.570913901179929, 0.23079840337911803, 1.208736726905623, -2.899111420345691, -0.0008897317989980393]]
[[0.13623148919570366, -0.4605987285106202, 0.026780319267036785, -0.0054446791652423806, 0.002209606775128486, -0.014005187398120489]]	[[0.0731151480422857, -0.5709304292113389, 0.23078477119005686, 1.208627315054721, -2.899141288695674, -0.0007587680748411254]]
[[-0.026147089127661338, -0.4134522168554281, 0.06209074171087214, 0.00311308292909704, 0.002580792127955845, -0.010156538466635643]]	[[0.07311875083748405, -0.5709297202583432, 0.2307683686313588, 1.2086920491290918, -2.8991528435410476, -0.000720253615794476]]
[[-0.22950432792824862, -0.03235538202872601, -0.0720088104680123, 0.01013291279176767, 0.005539481317575299, -0.017850093626248772]]	[[0.07311890910519811, -0.5709336354760463, 0.23073989084214824, 1.2086532781835622, -2.8991553153153893, -0.0007025311434863084]]
[[-0.1539098143439746, -0.4071330330009123, 0.15550541350187194, -0.003699494346113163, 0.0018091451140381937, -0.021778325489691323]]	[[0.07313974432441592, -0.5709355072216485, 0.2307048297313774, 1.2087344128662587, -2.899108758302975, -0.0007037808089202165]]
[[-0.06632167215356312, -0.07402804198734582, 0.09279248524733595, 0.0016231261482124943, -0.002347596842573958, -0.026100956673266295]]	[[0.07311475354358109, -0.5709360382436233, 0.23069179318566319, 1.2086689507359674, -2.899097422240419, -0.0007059943196041732]]
[[-0.23103918682749552, 0.13047975332977418, -0.1443476319454866, 0.006243709286194533, 0.0017306928812458634, -0.02303463121146399]]	[[0.07312911972765658, -0.5709485220550939, 0.23067676677481277, 1.2086604667808585, -2.899124370582236, -0.0005927646701595834]]
[[-0.26344694976039146, -0.18541893353348826, -0.18001406092028788, 0.002776537727543983, 0.007025571483028165, -0.015378324047514073]]	[[0.07314102804041704, -0.5709354195442022, 0.23064556251935384, 1.208738309636268, -2.899118371875742, -0.000611652601839437]]
[[0.18686740973224844, -0.09607091141382135, -0.2609493425691846, 0.012701441907182408, 0.0052686831486853675, -0.02104883770807961]]	[[0.0731213086607217, -0.5709432769450284, 0.23063607276616072, 1.20861259442762, -2.899157490446288, -0.0005931676372588536]]
[[0.042692854949063885, -0.44269077601244805, -0.12985988837116588, 0.0071431604238323945, 0.009962512673075016, -0.018571148265968448]]	[[0.07312034410192, -0.5709475173651876, 0.23058565679755386, 1.208656580563487, -2.8991152014548347, -0.0006687724951404271]]
[[0.4109612606928128, -0.3678814705368372, -0.22045504293191506, 0.012479115087798582, -0.001024044975609469, -0.02534359624886289]]	[[0.07312942073568612, -0.5709492533687367, 0.23057166693431436, 1.2086252888119264, -2.8991395978406764, -0.0005937556376273653]]
[[0.17230276111315507, -0.13561837370581314, -0.20669555491146818, 0.011839794150030353, -0.0029440288246715286, -0.021915630849304195]]	[[0.07312407943246758, -0.5709540217912282, 0.2305520499847209, 1.2086769778433928, -2.8991177934062327, -0.0005774064636720897]]
[[0.05825535457443903, -0.4405685464532114, -0.16126786297487827, -0.00023013370078595678, 0.0006994888539338853, -0.02039214136276428]]	[[0.07313072170155768, -0.5709561222910039, 0.23052384779802246, 1.208673393828646, -2.899107339353866, -0.0006162645629583178]]
[[-0.01905825157061833, -0.36755601970222884, -0.12455748506086076, -4.4939190841775025e-05, 0.0038038983593935913, -0.013892832440241644]]	[[0.07312376017645442, -0.5709565076966324, 0.23050516285006245, 1.2086384160396386, -2.8991207917886075, -0.0005594676325401006]]
[[-0.304908353414222, -0.2980772846424991, -0.17363998665119165, 0.0020974582512013045, 0.00967202513468509, -0.014289455483337302]]	[[0.07312398126285523, -0.5709537627632205, 0.230455070496891, 1.2087301578212752, -2.899097751270736, -0.0006520616537355161]]
[[-0.0864743868261631, -0.2743616275076667, -0.30100854255446463, 0.0010573878945956323, 0.0037295278384786574, -0.02218725476240113]]	[[0.07312010012419697, -0.5709501556428477, 0.23044087041058298, 1.2086687148952695, -2.899098050468196, -0.0006725317101174588]]
[[0.017247339969232764, -0.26402309647087974, -0.2438769840620318, 0.004166170532236491, 0.00044803036753078215, -0.012844678716592606]]	[[0.07312117731428204, -0.5709564032048686, 0.2304155495287526, 1.2086473937103446, -2.899093785490021, -0.0006568499461354894]]
[[-0.027199950775270258, 0.07375095022592046, -0.1373876969036846, 0.011143578876728448, -0.00414778625878038, -0.022597199813795675]]	[[0.07312697312946484, -0.5709494541318576, 0.23040063687569967, 1.2086350255204246, -2.8991127341708536, -0.0006928946309777165]]
[[-0.27548328178940074, 2.750342938812045e-06, -0.1035333025467799, 0.0009689158959077506, 0.003721210634098704, -0.0162175519327352]]	[[0.07316123652252754, -0.5709477331660787, 0.23035763675551624, 1.2088137907158778, -2.8991042697336753, -0.0007266871524200998]]
[[-0.6233204624434634, -0.14808462918729673, -0.04547559680356463, -0.00693127375772237, 0.014538132656464368, -0.01212752035560016]]	[[0.07312617955691204, -0.5709473199819489, 0.23034073372010436, 1.2086865249017509, -2.899092382445928, -0.0007294790275945323]]
[[-0.6155952174325358, -0.21848911832772488, 0.0033531007576156815, -0.011341776565060942, 0.01084768228728458, -0.01277821363506108]]	[[0.07314779948529766, -0.5709445839384892, 0.23031011630774592, 1.2087096464742464, -2.8990974248841432, -0.0008044323365738491]]
[[0.12677276803885423, -0.11015524206003958, -0.06349143247020753, -0.0070360988422799, -0.008224436859556504, -0.01884354871613262]]	[[0.0731398245093386, -0.5709579644982093, 0.2302771917356775, 1.2087129642138594, -2.8991078467447773, -0.0007462998882895296]]
[[-0.057169889355949244, 0.016865912848487, 0.011679229144247323, 0.0004179644404756068, 0.002778818826138023, -0.015059677385627995]]	[[0.07312832570586512, -0.5709463284011066, 0.2302448279546883, 1.208696576014369, -2.899116946057169, -0.000841167269545456]]
[[-0.6417988272560597, -0.19178545688489138, 0.23294661268779254, -0.0013451805088386575, 0.014035256151040752, -0.013682041213768325]]	[[0.07315061422073685, -0.570952007631566, 0.23022139346349516, 1.2087430567966575, -2.8990826975586845, -0.0007470688764101829]]
[[0.04267871658078386, -0.025517635756423906, 0.07755548903610124, -0.00066268417241075, -0.0012148894213807001, -0.021679322092390253]]	[[0.0731187892440705, -0.5709500430949247, 0.23018994568563475, 1.208631918163223, -2.899105857854749, -0.0008617784375082958]]
[[0.06666229634541786, -0.09964642788070113, 0.07908489435438443, -0.0065312056594907485, 0.002756358163105279, -0.016834918723370708]]	[[0.07312915699294768, -0.5709519308096893, 0.23016287337567481, 1.2086584419175816, -2.899121168153609, -0.000880385662414086]]
[[-0.021737143103903706, -0.31946950833881216, 0.07302561752566208, -0.006614099693207101, 0.005545571924865839, -0.011042994617837133]]	[[0.07313771406348336, -0.5709455539251084, 0.23014036865550552, 1.208689458087396, -2.8991470973407893, -0.0008787372582646496]]
[[-0.3679612365981108, -0.44870005339451613, 0.2682304792235304, -0.012328389700670678, 0.009460910389895237, -0.015798161308052047]]	[[0.07313082536248447, -0.570953013717995, 0.23012410998156219, 1.2086629525029844, -2.8991322309970164, -0.0008782773248504483]]
[[-0.31709767224742014, 0.37226981700512474, 0.28182030721325196, 0.004318182230152856, -0.0025162373316516213, -0.016535946227963862]]	[[0.07314888806016842, -0.5709474815931365, 0.2300792244837971, 1.208762430475046, -2.899078899544184, -0.000916298078862585]]
[[-0.26111962296520475, 0.026196808085138953, 0.20229503119357656, -0.00031435836319346493, 0.002260438750204341, -0.014677063442238248]]	[[0.07312823077694591, -0.5709529004942934, 0.2300434405123794, 1.2086886313250933, -2.8990985431141056, -0.00099119686319828]]
[[-0.1184425344860344, 0.2719993382580059, 0.1095035553748422, 0.01028720343452604, 0.007008694426255652, -0.015602941189650535]]	[[0.07313683304017995, -0.5709567471331027, 0.23004000553737183, 1.2087231141257342, -2.899082148317518, -0.000897447994876002]]
[[0.0973465759694413, -0.7845150006687209, 0.26575231566013086, -0.015574884797501439, -0.0018973577629972744, -0.019573134423874722]]	[[0.07313552554293475, -0.5709499019575496, 0.23001519097973167, 1.2086934424648021, -2.8991082591617086, -0.0009346262558785429]]
[[-0.30477710552735904, -0.378552659535707, 0.2525881788641642, -0.004921885924451043, 0.008070779147334022, -0.019871958647788]]	[[0.07314201198322297, -0.570951631512776, 0.22994696899713574, 1.208723644966705, -2.899085546523554, -0.0010488012036627965]]
[[-0.10975116151192921, 0.13636997761612266, 0.11466880366874567, 0.006239532747488013, 0.0016705521535500057, -0.017636525429577953]]	[[0.07312876123135495, -0.5709508525812945, 0.2299418209614302, 1.2087109198336583, -2.8991017683299054, -0.0009533372530698558]]
[[-0.07099664601789023, -0.3018957647947882, 0.13079375673369759, -0.008846276086597632, -0.0013768634328310114, -0.016878843118815233]]	[[0.07313941200049096, -0.5709412731616802, 0.22990804610285803, 1.2086771334284292, -2.8991179220823375, -0.001047048647425409]]
[[-0.11687989158323264, 0.16775871018659136, 0.2993313505689821, -2.3708900303054652e-05, -0.006083433865679305, -0.025485280122159438]]	[[0.07314105106420167, -0.570949044806412, 0.22988630022387613, 1.208707067693682, -2.899092614404352, -0.0010471016887403353]]
[[-0.3278444924016772, 0.13096979934337194, 0.1699711769813895, -0.007845312878116842, -0.004227619996436841, -0.019023819033734974]]	[[0.07312172785777633, -0.5709545737494869, 0.22988811298012754, 1.2086709868658905, -2.8991053971272525, -0.000954230688857051]]
[[0.02125278869952041, 0.19905843353929528, 0.07943708676869655, -0.0022168471337559057, -0.01119040411508028, -0.017577962208897173]]	[[0.07312288695242908, -0.5709489183508533, 0.22983932475467478, 1.208589040159654, -2.8991012473248907, -0.000993458936042734]]
[[-0.07713055783854539, 0.2802735991319586, 0.13792927338664113, 9.270300149909639e-05, -0.008077187476120967, -0.019585674974300495]]	[[0.07312230857274878, -0.5709510341587044, 0.22981027615849928, 1.2086537141493625, -2.8990618200354876, -0.00104932736266851]]
[[-0.506567793366839, 0.11926981840321518, 0.15662608657282887, 0.0005149432937242766, 0.004161962771526361, -0.016174619748007327]]	[[0.07312184970414487, -0.5709394194471618, 0.2297802787796232, 1.20868486698962, -2.899089889877145, -0.001104625200836933]]
[[-0.7546022734703605, -0.07564074595149378, 0.18544447663766342, 0.003761172223205747, 0.008141499192020453, -0.01802125880823913]]	[[0.07313750730680386, -0.5709501622091137, 0.22975536279199604, 1.2087095373130572, -2.899052001968909, -0.0010673247034872094]]
[[0.222801287427372, 0.18805789717933966, -0.0059249148358100955, 0.005407949272814852, -0.012355650328923388, -0.021840664069114505]]	[[0.07313731047112758, -0.5709428196826986, 0.2297455254094281, 1.208718578346226, -2.8990736985461694, -0.001046177982655406]]
[[-0.6059404422389216, -0.4844551064436867, 0.16692328455921207, -0.010939873984818618, 0.0001829140224508547, -0.015366314071608869]]	[[0.07312908305016619, -0.570950433340686, 0.22971296435277883, 1.2086533641043862, -2.899061293482079, -0.001067046040198583]]
[[-0.2332746908788072, 0.16904340151545483, 0.1264381528549862, 0.007514533317479725, -0.010183023866743034, -0.01533589789112298]]	[[0.07312458563923097, -0.5709607546900819, 0.22970024911835263, 1.2086483679792566, -2.899049531434358, -0.0010102061738719527]]
[[0.055376736269336875, -0.050315237193952145, 0.10685803214557134, -0.008807704648421628, -0.005511596661126109, -0.01733064769622006]]	[[0.0731237191899271, -0.570961717279101, 0.229667976891793, 1.208609215196027, -2.8990529672311403, -0.0009924426657549172]]
[[0.2258861075120626, 0.21952877657463477, 0.0013790793493952775, -0.004574141718701605, -0.0036983987373055923, -0.017772256078750912]]	[[0.07314206079806031, -0.5709568813463084, 0.22960961472065822, 1.2086397820052872, -2.8990309530893628, -0.0011246223239448554]]
[[-0.006580761368298521, 0.42734402894293505, 0.07857453608888428, 0.0031311606828492333, 0.007531694499977853, -0.02392098754501502]]	[[0.07314101403479083, -0.5709538209467712, 0.22962681579898847, 1.208674232613325, -2.899014218603112, -0.0009932573226445504]]
[[-0.09839801219764158, 0.029684523352052274, -0.03646499613967486, -0.0089489474566909, 0.01095368783040065, -0.018735162888666224]]	[[0.07312589766522376, -0.5709547880392526, 0.22960019393774084, 1.20859988722102, -2.8990324233448352, -0.0009746592731282764]]
[[0.17879829320073662, 0.17320539591381173, 0.08947076272642167, -0.002362885688525336, 0.005629039424086063, -0.026424650205986853]]	[[0.0731137864686477, -0.5709570801887828, 0.22957790488049176, 1.208553712114462, -2.899065851464801, -0.001009681552892912]]
[[0.25538509534237885, 0.3684090496115351, 0.13617141108551348, -0.0006656204604002811, -0.0024674100165966942, -0.02147386316979859]]	[[0.07313738640268733, -0.5709539880397524, 0.22955909562329282, 1.2087297087640803, -2.898952651782459, -0.000955196476255348]]
[[0.041014256770390625, 0.0002887594225380666, 0.1258372570167533, -0.00639408268936324, -0.006097735367213156, -0.022298212822811088]]	[[0.07311867094271352, -0.5709610790155781, 0.2295320729825776, 1.2086084716182515, -2.899002626101127, -0.0009170056112598559]]
[[-0.6765132855187378, -0.3511672731018527, 0.2975900199994007, -0.01506468505137697, 0.012687165653396597, -0.013101603959360658]]	[[0.07314568461617242, -0.570957078837329, 0.22947627937093232, 1.2087122218839164, -2.898961678164948, -0.0010110971842652874]]
[[0.20368415435198564, -0.24963421715793013, 0.222749079837582, -0.02017285608121629, 0.0007665030380517961, -0.020090023484521272]]	[[0.07313705020359655, -0.5709585143290252, 0.2294692604447856, 1.2086444846587465, -2.8990408932360046, -0.0009705759435660991]]
[[0.011343990611291571, 0.31687516344797595, 0.18638693213247223, -0.005440975514432273, 0.009416854950013894, -0.019276024274701598]]	[[0.07313605033271903, -0.5709659012345701, 0.2294674351015875, 1.2086644281000607, -2.8989913892824504, -0.000858269928543685]]
[[-0.1841812535949617, 0.3452579767261873, 0.15179244807287767, 0.0018200667525079756, 0.00034931784115900023, -0.019952794923242857]]	[[0.07309809917304226, -0.5709572050296369, 0.22941843547299468, 1.2086175397613588, -2.8990266875450375, -0.0009742691544200687]]
[[-0.6219572008343722, -0.44017993925032994, 0.28502415642279577, -0.011286911098424297, 0.010661994330306245, -0.013416548463596311]]	[[0.07312852836765987, -0.5709804324358384, 0.22941112001520458, 1.208685638082097, -2.8989942569321863, -0.0007841404843219102]]
[[-0.07868437153763286, -0.3756825603264146, 0.2114417741460964, -0.005971868094212572, -0.004841341178208796, -0.019134768510973652]]	[[0.07313740888958875, -0.5709660006730656, 0.22937773905373687, 1.2086517128492986, -2.8990099336345847, -0.0008397507746769734]]
[[-0.2880829131455181, -0.28582174830409995, 0.47049792306466875, 3.080740684092975e-05, -0.00603211768198161, -0.012144511530009535]]	[[0.07314866134019764, -0.5709646867380769, 0.22936042446228672, 1.2086770239080291, -2.8989732409142133, -0.0008220491427690209]]
[[-0.42956852949343094, -0.34105851574359575, 0.33124898377456363, -0.012606543515378908, 0.00530472473715545, -0.01601720390360583]]	[[0.07314774537224804, -0.5709588464984282, 0.22932110807087985, 1.208699229036766, -2.8989779004497054, -0.0008576445990294315]]
[[-0.260872690375778, -0.17686192797074524, 0.22506937317744302, -0.01067510687694677, 0.008175236122721105, -0.018354620740880838]]	[[0.07311939082175313, -0.5709716198519977, 0.22929306806624444, 1.2086046048058359, -2.8990433430513076, -0.0008587894835719197]]
[[-0.39367752573586146, -0.2618027135341998, 0.19006032604224804, -0.005431730421185988, 0.01308405584488705, -0.013303037512119599]]	[[0.073139389412011, -0.5709745767917581, 0.22927411953755017, 1.2086639875085927, -2.898991230191287, -0.0007852345364738618]]
[[0.146782564730516, -0.18287774572047005, 0.21705624404811905, 0.0025517343339740237, 0.004849196046257943, -0.018893942664587802]]	[[0.07314086537265645, -0.5709750816609293, 0.22927418597519417, 1.2086508082470697, -2.8990083792152954, -0.0007268003852563986]]
[[-0.10710649257156364, -0.33242844536572896, 0.05899025591532141, -0.0007182557394944584, 0.004502100506455739, -0.016808994596563886]]	[[0.07313558598257469, -0.5709833251612055, 0.2292410626818131, 1.2087145904039487, -2.898967011696123, -0.000633603345015372]]
[[-0.2645896332418945, -0.4125730432749091, 0.14026703489502537, -0.0008475150573351801, 0.007741470614895281, -0.018031818384088693]]	[[0.07314234928109103, -0.570959946934479, 0.22919783236824523, 1.2086860228658634, -2.898995391110003, -0.0007843170546843175]]
[[-0.013402325122386333, 0.04478648188489048, 0.039869227427893235, 0.00750858031767086, 0.003266719992651843, -0.012587812892211392]]	[[0.07315597483415572, -0.5709805494784955, 0.2292073843215901, 1.2086796344451483, -2.8989805844108987, -0.0005800243499734125]]
[[-0.1386145252150611, -0.4155454098717322, 0.23638995649091768, -0.0027844279436720146, 0.010840450222898484, -0.013036166338335318]]	[[0.07314437831432681, -0.5709720664828637, 0.2291469740594615, 1.2086589734690456, -2.8989795087209385, -0.0007131947188112357]]
[[-0.0037974348462763152, -0.6514355601227926, 0.19350729818231746, -0.001394870268386316, 0.006044430312017819, -0.020821194970741266]]	[[0.0731461695657671, -0.5709823241694417, 0.22916082845048052, 1.2087109021491085, -2.8990073350356083, -0.0006157372070527181]]
[[-0.06514508950024556, -0.5908480081953789, 0.11145589185006992, 0.0004682853670278826, 0.0029742962446646557, -0.02224223810268348]]	[[0.07312746399488866, -0.5709704843245546, 0.22911893653597562, 1.2086772749018115, -2.899023727033555, -0.0007126647271481946]]
[[-0.146512927627022, -0.6684928361348572, 0.12296765458038558, -0.003128457142984878, -0.004717979032495133, -0.01843097299407976]]	[[0.07313270535010603, -0.570975534109885, 0.22910841181578706, 1.2086285400929029, -2.899004085163756, -0.000656174998250094]]
[[-0.27290065745659087, -0.44177915064714846, -0.06821404989471022, -0.00022212737226563647, -0.00016737245199831507, -0.018156951386465343]]	[[0.07314673124305304, -0.5709837956345926, 0.22908190382486243, 1.208659253130654, -2.899029705082409, -0.0006360003263695163]]
[[0.21379863182195588, -0.15510998609308704, 0.11396836176211228, 0.010989591139691812, -0.010959882558934212, -0.01505017821974817]]	[[0.07311983034081487, -0.5709758874384175, 0.2290350244166327, 1.208633060216094, -2.8990171535743148, -0.0007318248248304022]]
[[0.5270244723175108, -0.4766739099503614, -0.06599148573585326, -0.00446241569577048, -0.009397668028095737, -0.022426287066890337]]	[[0.07312580024531287, -0.5709794915148549, 0.2290146013731909, 1.2086241706198815, -2.8989939159109226, -0.000676889216552041]]
[[-0.48284370237844504, -0.6042147283966144, 0.11099726916867904, -0.004606501035927317, 0.014299039655959588, -0.017944545123005758]]	[[0.07314086442056397, -0.5709748613307745, 0.22900393124763196, 1.2086154924332526, -2.8990238208187504, -0.0006950950241119738]]
[[-0.13925896292778073, -0.41722716646360486, 0.07081849498063027, -0.0015954124424760099, 0.007978944261405396, -0.018406010732716433]]	[[0.07313866097048936, -0.5709812239260785, 0.22897147921247635, 1.2086940781426376, -2.899016206668032, -0.0006555516139193626]]
[[0.08954704387391971, -0.18072791567535207, 0.057852169368113694, 0.0010067701850044828, -6.0734837366815595e-05, -0.021883591201118185]]	[[0.07314480461198321, -0.5709819581415138, 0.22895688310491358, 1.2086376664274068, -2.899026858871905, -0.0006553754921166528]]
[[0.456427442657669, -0.14094890677706684, -0.03186793568665017, -0.006791974797354633, -0.004791128923834709, -0.025812706867177522]]	[[0.07312959860873176, -0.5709638341348406, 0.2288916423647409, 1.2086865370304618, -2.898997704270586, -0.000827397349172942]]
[[0.4555424551194137, 0.06519668677807886, 0.005692517357440389, -0.0015816155339890112, -0.006863243373883247, -0.01704600229647251]]	[[0.07313477737045679, -0.5709809488759883, 0.22889682811577738, 1.208698090362958, -2.8989771627532694, -0.000695718890603072]]
[[-0.22432717802648955, -0.29353215627597784, 0.07094790569813433, -0.009054896552427753, 0.01313559248525134, -0.015811557732139686]]	[[0.0731415668923257, -0.5709733015969359, 0.2288736284493464, 1.2086898932858965, -2.899008146879906, -0.0007692279894365343]]
[[0.2417037119854093, 0.19316812662273475, -0.06825572242882959, 0.0046174564906046964, 0.000310851401115279, -0.02239278269965451]]	[[0.07314293816871076, -0.5709667276798067, 0.22885662102471357, 1.2086693348296744, -2.8990543321511777, -0.0007110620651623709]]
[[-0.024914709927388423, -0.27956059412757234, -0.11323116276100395, -0.006250220420525194, -0.002391030901408941, -0.02051760516804086]]	[[0.07312548166145338, -0.570965019384071, 0.2288117983484527, 1.2086603360166484, -2.8990345636599826, -0.0008066003909445307]]
[[-0.23249258694218786, 0.10266293186411449, -0.020531299137104667, 0.0016630030488254195, 0.003628229943534204, -0.01626775307106629]]	[[0.07315365165957287, -0.5709572664180123, 0.22879873038101078, 1.2086874608415512, -2.8990491284766784, -0.0008052426439257537]]
[[0.06010958463393255, -0.03622050344054412, 0.16185474733798783, 0.0024087841754659904, -0.005752986606165747, -0.017316599418799573]]	[[0.07312460888394204, -0.5709592953660786, 0.22877241862269287, 1.2086652637887814, -2.899046440285692, -0.0008429373010488411]]
[[0.2817100948210064, -0.2874639842041066, -0.03357777601625044, -0.007208856436178605, -0.0078104847205937595, -0.015157795819467452]]	[[0.07312268239187068, -0.5709608705415886, 0.2287563760639213, 1.2086738279791855, -2.8990163130069324, -0.0008059843338170396]]
[[0.07555538970326402, 0.01687255343261394, 0.029013490659419168, 0.005022787020943898, -0.0032362860505070357, -0.019006513576781184]]	[[0.0731339902004883, -0.5709530153321107, 0.22871708257141127, 1.2086746427587447, -2.899018215774518, -0.0009000678538143176]]
[[-0.14425122495386894, -0.14709906798462577, -0.07127541736479073, 0.002240201565421742, 0.0018139928665145888, -0.022623750423122185]]	[[0.07314262220400967, -0.570953547101555, 0.22870958125131513, 1.2086784760772333, -2.899027576467493, -0.0008077568951668203]]
[[0.14445489282011628, -0.05602497553215923, 0.053218243732757194, 0.0016788481133187681, -0.001961550001036957, -0.022424886397968476]]	[[0.07309633171745798, -0.5709484182079465, 0.22866403166679045, 1.2085880048818447, -2.899055529841713, -0.0009402227717520091]]
[[-0.09960470092742732, 0.13306487608051196, 0.05288080513827064, -0.0037033970944801717, -0.001160317264542837, -0.014116882395157355]]	[[0.07312862223885475, -0.570950935446705, 0.22863318706466695, 1.2086495678637044, -2.899055749439579, -0.0009368163665436427]]
[[-0.28640202863013325, -0.2396361697473743, 0.10728604392161968, -0.013045721312951675, 0.0028899626410692587, -0.011524022673934094]]	[[0.07312480299094232, -0.5709508280869564, 0.2286384875228953, 1.2086693507551525, -2.8990075640326123, -0.0008830788121213437]]
[[-0.3159223967616532, -0.32589332787365, 0.12985354849817027, -0.014028942442197843, 0.008971741928959675, -0.019172288611475533]]	[[0.07311869159949173, -0.5709468289119373, 0.22860958536136047, 1.208679799755938, -2.899030810465228, -0.0009567159687020661]]
[[0.04162179258653648, 0.3551168825077722, 0.1713979522614339, 0.0017586850357368497, -0.0046244827322031645, -0.030134825142137212]]	[[0.07314425132568472, -0.5709388246641686, 0.2285860054591669, 1.2086615876571714, -2.8990376837068332, -0.0009182912549268559]]
[[-0.017530112124159503, 0.30122836718096846, 0.12579098619117893, 0.00528360679978774, 0.004393816014758272, -0.021517672991291054]]	[[0.07310892264626431, -0.5709464331196199, 0.2285801329213266, 1.2086347521820682, -2.899021908045774, -0.0008638029191968339]]
[[-0.03831226543741201, -0.40009602978484826, -0.040334811177094976, -0.010076952224093362, -6.0235729256193256e-05, -0.01731357677372196]]	[[0.07310238294324889, -0.5709419885197639, 0.22854155285801195, 1.2086440973721797, -2.899044480553767, -0.0008823303043006431]]
[[0.06910041792438315, -0.3782503854587701, -0.028061902226974907, -0.004959358555839639, -0.0031970017093661514, -0.020463967333370293]]	[[0.07314493114610011, -0.570931681455193, 0.22851055351299648, 1.2087007242572123, -2.898983469956312, -0.0009389041690973347]]
[[-0.39234750826969444, -0.1656480682867928, 0.07210220695952933, -0.0019041317450752162, 0.007033148783897852, -0.014924313045212472]]	[[0.07313030030907335, -0.5709463368907786, 0.2285024402793973, 1.2086700196733213, -2.8990075885503277, -0.0008639444038207042]]
[[-0.7074844744425122, -0.2869444857531637, 0.14268580824609067, -0.008555218833834196, 0.011553381222696025, -0.014311286347324235]]	[[0.07312547745522206, -0.5709369078839949, 0.22846639568441712, 1.2087011600165947, -2.8989847283741677, -0.0009946017436101601]]
[[-0.5243394684836006, -6.991256223459752e-05, 0.014952527402153738, -0.005172971908489816, 0.002243111335303444, -0.017241481433462172]]	[[0.0731176239601039, -0.5709280922164987, 0.22846795396696312, 1.2086232554627065, -2.899041040207963, -0.0009003672682191798]]
[[0.2688275817240312, 0.14405265662153377, -0.07147041844766519, -0.004364297046542536, -0.016014078024785175, -0.026813857320216097]]	[[0.07311189485739267, -0.5709284572272819, 0.22841176519310805, 1.208662020608045, -2.899038928477109, -0.0009385048054876223]]
[[-0.2915208756053128, -0.3872877056805921, -0.016783753997554343, -0.011215433422923596, 0.002031092406609803, -0.015526480045688249]]	[[0.07315058569258209, -0.570936494491241, 0.22841120786240388, 1.2087475259869724, -2.899001127553497, -0.0008415466669198812]]
[[0.37227694065916184, -0.21263008867984812, 0.19718113130779547, -0.0030592514915884486, -0.016553217585385246, -0.02029890418806089]]	[[0.07312036267243141, -0.5709230839694421, 0.22838065938747504, 1.2086829647572934, -2.898991600727226, -0.0009383412232295298]]
[[-0.160220475896224, -0.32675048539985263, 0.07796166898894942, -0.00563421902626538, 0.0020972721409320653, -0.0137110685847483]]	[[0.07311011510170526, -0.5709236861246776, 0.22833293006891056, 1.2086805050452378, -2.8990327980578074, -0.000991632703059632]]
[[-0.4964761836684765, -0.4520720725363042, 0.17400657690004212, -0.013074830398142237, 0.011609535796984422, -0.017905129413434355]]	[[0.07311499200528206, -0.5709244303782063, 0.22830196535929803, 1.2086542677716117, -2.8990184834001935, -0.001012281004283853]]
[[-0.06215964689870392, -0.026671703701472958, 0.11201640627798633, -0.00833407948023011, 0.00039367367151773875, -0.021218518287169787]]	[[0.07311342280618593, -0.5709324184815383, 0.22832638102624597, 1.2086614272288143, -2.8990379197744023, -0.0008602677011181192]]
[[0.1675659212581557, 0.0985809190096033, 0.04684496956979568, -0.006445864727242678, -0.002672252644557461, -0.017081498555849062]]	[[0.07310958272975425, -0.5709187950307695, 0.22828508272693188, 1.2085811633358223, -2.8990865481508945, -0.0009529885051956519]]
[[0.4167217621851459, 0.33439669103433206, 0.02164023589083922, 0.00047587582424591865, -0.00899512409273543, -0.02161653938430996]]	[[0.07310819781603019, -0.5709252228625903, 0.2282514511775, 1.2086530152007509, -2.8990176102049627, -0.0009348139391103943]]
[[-0.41595042459015763, -0.35679402817914785, 0.056314536733195426, -0.009995669807641796, 0.006093734820497352, -0.010481314053153694]]	[[0.07310379237840425, -0.570925693925787, 0.22823473096285207, 1.2086279874366443, -2.899053165747641, -0.0008972929827773149]]
[[0.044559805204562916, -0.04566336531791372, 0.08100377056193175, -0.005796219324263161, -0.004808731454407324, -0.020921694841160753]]	[[0.07312479828798284, -0.570921247812163, 0.2282164318971104, 1.2086671146859815, -2.899049815572506, -0.0008951578183608327]]
[[-0.5875992438143595, -0.4744482718424614, 0.30082311333537315, -0.014868810838237179, 0.008439943492178383, -0.022120815357465753]]	[[0.07311622487736213, -0.5709139639059808, 0.22818098948723206, 1.2086545043010184, -2.8990682039437066, -0.0008947330463471803]]
[[0.06358271657830963, -0.4605988796054577, 0.06901805232390226, -0.02070451939687972, -0.003208895014521311, -0.020738846215800095]]	[[0.07312671160362434, -0.5709139863637716, 0.22814884476756297, 1.208709130621691, -2.899006468626805, -0.0008780229546477113]]
[[0.10037964055983972, -0.23352163401353898, 0.11018774219173665, -0.011397545321185955, -0.004333949612894617, -0.014857012834908626]]	[[0.0731241371270928, -0.5709261700148404, 0.22813183269883458, 1.2086749965810208, -2.899020327568762, -0.0008586542664574381]]
[[-0.09262869382255055, -0.0686736656218563, 0.1837014098048613, -0.005917650357278242, -0.0008043700945643598, -0.023392518835932925]]	[[0.07312485496640604, -0.570914268999078, 0.22813134145270297, 1.2087272105591853, -2.8990483030763934, -0.0007423448165481105]]
[[-0.5921352171304016, 0.33074980327514336, 0.16433692673683262, 0.005622076637741827, 0.008812250016962248, -0.017049956754267268]]	[[0.07313925978255287, -0.5709215824406741, 0.2280867383081282, 1.2087008497603793, -2.8990339513760994, -0.0007809689147612608]]
[[-0.036591372576718684, 0.10379975630727604, 0.21088717774014806, -0.0001564572842428346, -0.00511012284117971, -0.023470173594472007]]	[[0.07312553221152107, -0.5709125429621127, 0.22805660342386103, 1.2087143327386756, -2.899068309567142, -0.0007797660156520723]]
[[-0.3417805620846039, -0.39514152435273775, 0.13177353360351363, -0.014253194920150232, 0.009013983903288142, -0.018907131839004943]]	[[0.07313855732883918, -0.5709039282801315, 0.2280376797136192, 1.2087654878811749, -2.8989940068827718, -0.0007623939271073051]]
[[-0.14254141110078594, -0.24900840963414117, 0.19869471941921255, -0.004066703438173028, 0.004008362233872329, -0.017163988693048086]]	[[0.07311283724946817, -0.5709113670244581, 0.22803299140564048, 1.2086439180646629, -2.89904310425561, -0.0006882069069032762]]
[[-0.6652330146520651, -0.5606995460894189, 0.24814302247470088, -0.005506705619688556, 0.022210231065496557, -0.009292686967169332]]	[[0.07310695085728425, -0.5709180716101242, 0.2279923963362464, 1.2086393319184379, -2.8990323213568305, -0.000689661310355231]]
[[-0.3939483537547098, -0.24717587300905863, 0.3101434571267267, -0.011065976066392279, 0.007621769156699852, -0.01965004394818938]]	[[0.07310527917994747, -0.5709203455072637, 0.22796939846267228, 1.2086127911545164, -2.8990172860256087, -0.0006726223593563813]]
[[-0.28042515744777263, -0.14814812694187401, 0.11358066819052484, -0.01176212366509561, 0.0011288057963672231, -0.016959538575514816]]	[[0.07313345634397875, -0.5709159996780676, 0.22793632182659335, 1.208686490134203, -2.8989996349642424, -0.0006721656383898776]]
[[0.15065194778869243, -0.11689621528868911, 0.008433870986617496, -0.01377619521574728, -0.011630600712875168, -0.018748427909909222]]	[[0.07311500848257116, -0.5709238376238189, 0.22793447870503464, 1.2087205602767108, -2.8989842164735173, -0.0006156163862050465]]
[[0.07844508885741477, 0.17746628224804395, 0.07485372261722889, -0.001939820745766887, -0.005703290305594695, -0.019970488281004402]]	[[0.07310828114721593, -0.570911328569677, 0.22790966484441944, 1.2086000247431683, -2.899086306682324, -0.0006150975859475178]]
[[-0.151785990970232, 0.19776821951289023, -0.04789670991716235, 0.012049077093758524, 0.003727711884610311, -0.017810621609604404]]	[[0.07312830418189192, -0.5709144361914964, 0.22786838727947695, 1.2086781114184522, -2.8990285339272823, -0.000635104677926888]]
[[-0.7036073181283953, -0.6666829684816202, 0.1128748073034127, 1.7951610577039007e-05, 0.020467470509948106, -0.019435971827283193]]	[[0.07312896253396871, -0.5709161286084383, 0.22786892903926434, 1.2087113949274237, -2.899013068147015, -0.0005618604547981516]]
[[-0.11195743398561439, -0.521010593878378, 0.03573298747869767, 0.005447629597418836, 0.006236396538950873, -0.016642980408937233]]	[[0.07311977264667634, -0.5709208180298753, 0.22782510814569723, 1.2087333964078004, -2.898966592431456, -0.0006189973419281589]]
[[0.24150846433617007, -0.2562471784248217, -0.08726245321148521, 0.006349390504919627, -0.003053067705374708, -0.024408268734884657]]	[[0.07311542484574861, -0.5709113107519466, 0.22779748551858495, 1.2086866508349348, -2.8990512444615373, -0.0006366069036594527]]
[[-0.047072712471364936, -0.5245379397378068, -0.16729518596021115, 0.00020606280662155071, 0.004398665506970845, -0.020384855646867074]]	[[0.07310319451987932, -0.5709234956314032, 0.2277779894055202, 1.2085914383615382, -2.899064371869371, -0.000600297931974311]]
[[-0.277162056789284, -0.29999350027602173, -0.13486605757550987, 0.003101731557871636, 0.00981028926185876, -0.015320982592322735]]	[[0.07312715174492117, -0.5709113178482673, 0.22773511115489192, 1.2086786772138403, -2.8990302619869555, -0.000693358090376059]]
[[0.02288203564532937, -0.6673643687080577, -0.11637628893389611, -0.004947776100041766, 0.00911030322068751, -0.013101123825426435]]	[[0.07311026226797407, -0.570916470637121, 0.22776109229760796, 1.2086174695833427, -2.899078224203602, -0.0005427450577202569]]
[[0.09157681642546789, -0.6377063992911639, -0.30924706275480274, -0.0021602258200452665, 0.00021190239175695547, -0.017078361266060244]]	[[0.07309656575583241, -0.5709187123926557, 0.22772863492001494, 1.2086512208443196, -2.899063952282789, -0.0005251852798060702]]
[[-0.40180449064687906, -0.6360042798981842, -0.0296812540219666, 0.002290364884709171, 0.01359418967232058, -0.016776458459697108]]	[[0.07311288730398881, -0.570911184841675, 0.22768152360425295, 1.2086261795421718, -2.8990504444213356, -0.0006011004546546208]]
[[0.10904149153200111, -0.33091846331263364, -0.07500016652945132, 0.0025717581997405058, 0.004260858019241351, -0.014451938374113656]]	[[0.07312063721659323, -0.5709128545621261, 0.2276693393683914, 1.20867814193861, -2.899029239027134, -0.000619722737776491]]
[[-0.3295854591379919, 0.00042104339502968546, -0.19799588860632938, -0.0025087767911322867, 0.006668075927227324, -0.018692682462157183]]	[[0.07311386594469518, -0.5709138040931155, 0.22764484128171192, 1.208643605869949, -2.8990437910764513, -0.0006209328113689729]]
[[-0.21850524308630156, -0.2315414779511265, -0.08339744717110537, -0.017025293774571022, -0.001997425317837643, -0.017637669441377873]]	[[0.07310798452150835, -0.5709138153784108, 0.22758944816479693, 1.2086655095760628, -2.8990498673318017, -0.0007129533463969618]]
[[-0.42383897711802254, 0.0673172649181765, -0.0400406719241221, -0.007825280572044775, 0.002705330226684951, -0.018503901568096687]]	[[0.07312191853053354, -0.5709162449458126, 0.2276009326735498, 1.2086947344051193, -2.899022667937524, -0.000619805791084146]]
[[-0.37409705459119225, 0.05190712671628464, 0.010249534214426486, 0.00030126048211581735, 0.001604133541257543, -0.021383299233120604]]	[[0.07309411766147536, -0.5709121971171152, 0.22754430839444184, 1.208600868922462, -2.8990895792791647, -0.0006941823020057498]]
[[-0.3929337922024446, -0.4138555742250462, 0.10016414475840517, -0.009467926516856904, 0.00857405113493049, -0.012719649891367146]]	[[0.073127235326909, -0.5709011699933997, 0.22750503341223838, 1.208710790180282, -2.899059414490757, -0.0007871680561285587]]
[[-0.10387609206102348, -0.07349239135891603, -0.0346953025904963, -0.003090630719322803, -0.002826738455875192, -0.014474560364538053]]	[[0.07311015610209783, -0.5709038817979996, 0.2274795127251046, 1.2086786958618918, -2.899032888706014, -0.0007516047657272317]]
[[-0.4039732422596558, -0.007910073005318374, 0.03927242298537812, -0.0030370107974061747, 0.0020382259427437262, -0.019604913096428214]]	[[0.0731261757517249, -0.5709036167246041, 0.22749921287268202, 1.2086764606384544, -2.8991234502613916, -0.0006714945097664727]]
[[0.16782386914259823, 0.037246065036225365, -0.0397618379424489, -0.005195345215329248, -0.009894697903389161, -0.02041172212557865]]	[[0.07312535937005767, -0.5709029872443333, 0.22744052331381176, 1.2087357974050081, -2.8990222007369133, -0.0007517290933505268]]
[[-0.12950865491049285, 0.08364339021358944, 0.0938859790966783, -0.002593912385967541, -0.0015109453133201358, -0.016396119262607433]]	[[0.07310856055701906, -0.5708873920733137, 0.22739419245842227, 1.2086545393106476, -2.899021313586529, -0.0009232425155656936]]
[[-0.14028391550728897, -0.024980790373390453, 0.11148914354484205, -0.002865472077532708, 0.0039924962063431204, -0.012641968963898707]]	[[0.07311639198425074, -0.5708980378959615, 0.22739950484359311, 1.2087006360352106, -2.8990370947284054, -0.0007516237165566165]]
[[0.10612875773800488, -0.12353108966092573, -0.0032669169429145003, -0.0057012471397082645, -0.0023388143576327206, -0.02204345615814283]]	[[0.07312795963604715, -0.5708875341398064, 0.22734217229630022, 1.2087244388570828, -2.89904361759072, -0.0009003040957241586]]
[[-0.07427087268003696, -0.27530472020221286, 0.15626230184374218, -0.010106270941269533, -0.000565985813630869, -0.011213155336015013]]	[[0.07313281360917695, -0.5708814266256922, 0.22733469891609975, 1.2086726543836843, -2.899065242834062, -0.0008999896742938118]]
[[-0.5538245596714788, 0.11183335186184296, 0.23029840365998105, 0.0009897613164984243, 0.010475743632727748, -0.013934378868074786]]	[[0.07311125694677653, -0.5708930387852764, 0.2272754672049116, 1.2087514880181403, -2.899060343956687, -0.000936022768541521]]
[[-0.3573206646828481, -0.13506222322879138, 0.15095423836895266, -0.00631718543231611, 0.008277822385519003, -0.018391803512360645]]	[[0.0731131373784731, -0.5709051018928402, 0.2272741371665189, 1.2086379118114141, -2.89907998926349, -0.0009002024185701165]]
[[-0.040139204176935395, -0.3697658059984676, 0.07532291115469349, -0.011977134944450345, 0.0018112325405897746, -0.016098358862927084]]	[[0.07311663091623799, -0.5708953473824558, 0.2272375982838723, 1.2086554591302388, -2.899073307277491, -0.0009193652549243009]]
[[-0.18048997645870649, -0.18443937195468507, -0.00809691682298335, -0.003876905471817879, 0.0063453781148223205, -0.014241493154795287]]	[[0.0731123837612398, -0.5708907551687369, 0.22721376959977627, 1.2087156970954298, -2.8990229641183087, -0.0009405267465013727]]
[[-0.12251816587236218, -0.25862298490618885, 0.04728181729541734, -0.006873680368952535, 0.005534884816884077, -0.016539047107414186]]	[[0.07310463820649934, -0.5708978126603249, 0.22718919798379916, 1.2086425046607727, -2.899091178722896, -0.0008624157129593849]]
[[0.0151562112500256, -0.18993446898961525, 0.08545203529663767, -0.006670144799942532, -0.0035550365645749863, -0.026604048811796593]]	[[0.07311084398332993, -0.5708899932644201, 0.22717160119336977, 1.2086593225412208, -2.8990337374241064, -0.0009395136027992174]]
[[0.12401450261912678, 0.11657343019644802, 0.0753101204773871, -0.0017872325801909315, -0.008721156040550107, -0.02673841424134448]]	[[0.07313847452653252, -0.5708964741115757, 0.2271370447939491, 1.2087762917236664, -2.8990230409401114, -0.0009008215842363463]]
[[-0.3286888375803946, -0.3121137052586951, 0.12880318503614344, -0.01707747681016793, 0.0033484964270000936, -0.01805645805098889]]	[[0.07313041627685721, -0.5708851377224826, 0.2270891045650736, 1.2087290923072593, -2.8990067022191703, -0.001015075869066345]]
[[-0.18251477019145967, -0.12148780146076278, 0.06855520990099588, -0.0077188012840905765, -0.00044258049303155887, -0.025973017576835452]]	[[0.07312235103872228, -0.5708915302234773, 0.2270644487897887, 1.208724599283962, -2.899047013429067, -0.0009943688519112367]]
[[-0.19644768558138365, -0.03310717951714591, 0.058163676035383464, -0.003943707703656967, -7.154430357645086e-05, -0.024459645824635733]]	[[0.07310544225530402, -0.5708844914458635, 0.22703735491445115, 1.208656868448743, -2.8990770572792925, -0.0010702386195070115]]
[[-0.5941687847498123, -0.1551796923270593, 0.09762581965698754, -0.0006258943971404604, 0.011365543069225957, -0.017547564032188302]]	[[0.07313029988826214, -0.5708936949708072, 0.22702025548217292, 1.2087079975753878, -2.899054140898112, -0.0009943401156762594]]
[[-0.17146100395768668, -0.39313055170317507, -0.0343497483063574, -0.010811037777636815, 0.0034940296928370473, -0.01913703627795321]]	[[0.07310255345517379, -0.5708958196263673, 0.22697104610425428, 1.2086222208168778, -2.899091783442616, -0.0010691947322575993]]
[[-0.37940090875485677, -0.12583964022492716, 0.04490233446376955, -0.008801687272100176, 0.006579959145600044, -0.011380218679295537]]	[[0.0731018795924419, -0.5708904455339927, 0.226971622516502, 1.208626720461127, -2.8991025252908007, -0.0010302023202504783]]
[[0.12837968013301246, 0.026409837930338277, -0.05098146401259326, -0.011332556718192941, -0.01176558464927504, -0.021425248909272224]]	[[0.07311836131898358, -0.570896366986921, 0.22692591213651886, 1.2086957668227445, -2.8990739103671737, -0.0010285081568850202]]
[[-0.5478782903171491, -0.27128796954900153, 0.1057371230800754, -0.0145281779778701, 0.006934047371692093, -0.013327435758238209]]	[[0.07310327146278726, -0.5708820201850818, 0.22688075763491503, 1.2087046864859163, -2.899046193273859, -0.0011240602415594231]]
[[-0.010511677222467881, 0.13142854706523366, 0.00469140631624641, -0.0021374843573256784, -0.004932830474935976, -0.018243710850296045]]	[[0.07312241944139174, -0.5708881412713125, 0.22685135598975298, 1.208730205790633, -2.899061215195533, -0.0010865893438311445]]
[[-0.04093665542955796, -0.20637307601875787, -0.06601639252998774, -0.001953722950612415, 0.0013613377772063212, -0.018803035678823944]]	[[0.07315306512186649, -0.5708876359831868, 0.22683823585326712, 1.2087987099819215, -2.898980117387345, -0.0010694520453572703]]
[[0.061327154090335026, -0.20354981279268702, -0.04039289772767424, -0.0024579547943833478, -0.0026143456061868595, -0.01711950622572918]]	[[0.07312993227778308, -0.5708960268416527, 0.22681363368856755, 1.2087039523380794, -2.8990451477730868, -0.0010490669488245443]]
[[-0.0005572653602076844, -0.14469916580582826, 0.06459550686741546, -0.003514038301124545, 0.0007018764922342058, -0.022042821571354274]]	[[0.07312291697473013, -0.570889434178056, 0.22678884769357713, 1.2087481875619668, -2.899054010040788, -0.0010850830168588383]]
[[-0.30839440928347805, 0.04398956655168368, 0.1094557823485819, -0.008072011268006815, -0.0008073360177779242, -0.022292130433214038]]	[[0.07312540332254283, -0.5708857714201305, 0.22674542348512977, 1.208727662339596, -2.8991024142963457, -0.0011008044606228987]]
[[-0.2147241963284088, 0.11083038903463167, 0.062376412936541815, -0.0003835529927473766, -0.0032766692999856304, -0.018001228425158767]]	[[0.07310682366857991, -0.5708913723622495, 0.22673055215830826, 1.2086861039787626, -2.8990530326531836, -0.0010472976704501357]]
[[-0.4173740317710587, 0.09581656741878819, 0.015494793004148178, 0.00650391725946688, 0.006253092181908392, -0.018170683499500465]]	[[0.07312197998926723, -0.5708971592300469, 0.22669289594329023, 1.208682310735427, -2.8990422394921933, -0.0010657419028996986]]
[[-0.02952326822971796, -0.6769668760207546, 0.12914802281133086, -0.01054463567744896, 0.005122520318904313, -0.015869440425771215]]	[[0.07311610319586259, -0.5708847652983796, 0.2266658978760438, 1.2087296135979169, -2.8990094123240318, -0.0010477401797683143]]
[[0.306338763907263, -0.25119989401610976, 0.4976474395229726, 0.00544605441400133, -0.011745114903440813, -0.023159741673100316]]	[[0.07314355996204648, -0.5708968628557847, 0.2266393786439578, 1.208821239694735, -2.898984577974686, -0.0010651798595857436]]
[[0.06982448365374695, -0.28370119224889523, 0.04274737524320096, -0.0071644014162986335, -6.520278539136988e-05, -0.021560329539109982]]	[[0.07311543962619305, -0.5708952542401248, 0.22663153261526564, 1.208703090423811, -2.899045621848148, -0.0010090944902636312]]
[[-0.29619652347912334, 0.29799016018427643, 0.227149595985509, 0.0029027591879699846, 0.0048639102977216355, -0.01981665309951964]]	[[0.07310515039415588, -0.5708936229113772, 0.22658797567309044, 1.2086434681450704, -2.899046512745439, -0.0010855137669996406]]
[[-0.23312244425232354, 0.7273050493555921, 0.2796580262168261, 0.011416920129772148, -0.0020282987972458618, -0.02140422735742895]]	[[0.07313207478694457, -0.5708946677663591, 0.22656210875857988, 1.2086779736439297, -2.89908314708593, -0.0010260468339997927]]
[[-0.10682543901541222, 0.19875498840487033, 0.12867428815438603, -0.004817273947304506, -0.006610667922787381, -0.026467240003079963]]	[[0.07313909041955079, -0.5708908128267387, 0.22653428800595593, 1.208735294046954, -2.8990728467882056, -0.0010260694124020967]]
[[0.05328220252768895, 0.2511429123450527, 0.11298319823475228, 0.00021530562249384038, -0.003923877251524562, -0.018793994248186074]]	[[0.07313248733508451, -0.570895721827217, 0.22651400218704523, 1.2087300442791193, -2.8990603528919374, -0.0009695479176718174]]
[[0.30225031115058837, 0.08830770582594426, 0.18588419124639732, -0.002186325604416217, -0.007584176756236928, -0.022119794691361792]]	[[0.07310420713532542, -0.5709066342217969, 0.22648129009205942, 1.208612175116957, -2.899069598753809, -0.0009338816639610989]]
[[-0.25460866424880935, -0.34311819694603435, 0.38615038948266905, -0.011226438292681048, 0.004632784913918801, -0.016693779850738322]]	[[0.07312773990492222, -0.5708864473502714, 0.2264745366621756, 1.2087415998582656, -2.899041165532423, -0.0009147851319554971]]
[[-0.11191902725526859, -0.06700642902980412, 0.2903842854333381, -0.004509933612458285, -0.000836064037836098, -0.018518950141018498]]	[[0.07312451347486609, -0.5708812839771634, 0.22641314400189883, 1.2087215512137457, -2.899039753622333, -0.001045700335937866]]
[[-0.47878923824812536, -0.14110692301872393, 0.28574112793910456, -0.004974057132884941, 0.004677749843757761, -0.017590057078120384]]	[[0.07312028416452211, -0.5708924529293005, 0.2263788395648782, 1.2086824922755552, -2.8990436866389735, -0.0010657611433023398]]
[[-0.04635438275593885, 0.20652026762577386, 0.15641333229986246, -0.0012264173244099386, -0.0027415231262052234, -0.020292990101737324]]	[[0.07309982270189354, -0.5708915608490545, 0.22635905548985502, 1.2086526934401642, -2.899069577418313, -0.0010850084089155789]]
[[-0.213378362980723, -0.3109405167965055, 0.355766510360051, -0.005321749488254844, 0.0057752434215406975, -0.01787666264124756]]	[[0.07311946206728503, -0.5709024017602775, 0.2263655768235801, 1.2086210899296885, -2.8990915212180925, -0.0008967785084762033]]
[[0.04761384401203249, -0.2200113458530906, 0.1767487466376217, 0.002109911246516113, 0.0034814696638070385, -0.02151730704622598]]	[[0.07313084042183841, -0.5708912200101154, 0.22630612213104284, 1.2087305245577258, -2.89906213460701, -0.0010106615249450568]]
[[0.10736681001137147, -0.3351068135575085, 0.12489395684391176, -0.0020924207127970807, -0.0015503476228253504, -0.022778502125451405]]	[[0.0731246303937671, -0.5708936457375869, 0.22629978390837197, 1.208678370825395, -2.899083065557593, -0.0009717325973880068]]
[[-0.16155157877363413, -0.34704228835294215, 0.07650694211235808, -0.004001269945430565, 0.00692886970973064, -0.01763503902525793]]	[[0.0731222709289612, -0.5708908899408557, 0.22627222871061978, 1.2086913984627685, -2.8990655845207343, -0.0010289670414585707]]
[[-0.5070811375310605, -0.10098339995342034, 0.1258024832703149, 0.0005497348642636663, 0.013488864384553906, -0.012707760933038693]]	[[0.07312776248781272, -0.5708897915538231, 0.22626133781441216, 1.2087372888766732, -2.899031606829764, -0.000936577545849168]]
[[0.03213501487631309, -0.07014663778426096, -0.10085407951284395, -0.0007113258577586794, 0.0010179073532632658, -0.021462514984421116]]	[[0.07312341944594346, -0.570893849130493, 0.2262261501406589, 1.2086906804420892, -2.899064127302963, -0.0009366109867762511]]
[[0.05497556706469477, 0.05290512723873066, 0.01072124925370938, 0.003581653027671863, -0.0004845495605832002, -0.020374697678940217]]	[[0.0731325272318034, -0.5708991524451209, 0.22620304089941012, 1.208708044828804, -2.8990573796669556, -0.0009552189519051705]]
[[-0.04907302659454357, -0.19111227868064906, -0.032542842243154665, 2.6673168812294066e-05, 0.004793209488770424, -0.011773830485510062]]	[[0.0731218717001896, -0.5709086954515389, 0.22621110490414584, 1.2086896744919975, -2.8990621742626477, -0.0008250037505478962]]
[[-0.13075591915580825, -0.07202356200680654, 0.08803539956665646, 0.005607254203883772, 0.0032750701788338238, -0.01699969463772106]]	[[0.07311443046248146, -0.5709009390615711, 0.22613138250581302, 1.2087180004454865, -2.899081680131245, -0.0010100167557336235]]
[[-0.04311394342161434, -0.1170808960270959, -0.1496055744471874, 0.004337219472430461, 0.002068556431503489, -0.018871182998414157]]	[[0.0731392202450741, -0.5708848809481946, 0.22612849238204302, 1.208699404784428, -2.8990363974411832, -0.000994090872627679]]
[[-0.2033656956305684, 0.07206356570227952, -0.07535448168308703, 0.008632612579289515, 0.007001348223896825, -0.019446274372111168]]	[[0.07313031414299631, -0.5709000046086988, 0.22610747305536116, 1.2086821265514809, -2.8990440500430203, -0.0010117906262282067]]
[[-0.5853339333838244, -0.6323305905130796, 0.06441726234795507, -0.006028723179423971, 0.016580582742191666, -0.016486463605214826]]	[[0.07314535755453953, -0.5709012992661624, 0.22607921435054779, 1.2087683635823272, -2.8990078348245856, -0.0009932648914900808]]
[[0.42218012374145986, -0.33972443911057537, -0.259502751848347, -0.0032931047541407054, -0.006738801375766084, -0.017885941935702452]]	[[0.07309606369154911, -0.5709070512181756, 0.22607623650736736, 1.208607737012214, -2.8990603409696045, -0.0009198039718108004]]
[[-0.13896060732504423, -0.06548868921678527, -0.1561516036527061, 0.005007065379304286, 0.003974747268788442, -0.016839834639512496]]	[[0.07312166630555442, -0.5708958446783303, 0.22604248874019295, 1.2088027636343341, -2.898992961624452, -0.0009568163931759475]]
[[-0.2327184858810653, -0.02959095959488206, -0.20015971953846282, 0.005413405221464151, 0.004509079160228489, -0.015977014829864068]]	[[0.07314081501372685, -0.5708950847489187, 0.2260221373659786, 1.2087349292136684, -2.8990739778228845, -0.0009544653430935119]]
[[0.36936888935488554, 0.1501474194633981, -0.18677640892673023, 0.00182745252641257, -0.013112297700367549, -0.02174227920518019]]	[[0.07309909240176163, -0.5708960635408699, 0.22599861452058687, 1.2086256090387502, -2.899054552990775, -0.0009766604319582362]]
[[0.009631335675326196, -0.09207877419765378, -0.15943128744697835, -0.004994015255883919, -0.004281598138128876, -0.019607726253409757]]	[[0.07313909195280824, -0.5708975264379929, 0.22596039064967938, 1.208794888436935, -2.899023293981758, -0.000994658532875456]]
[[-0.16921847437018234, 0.12250985049434845, -0.08546524301405214, 0.0007123470497144087, 0.001385389476776561, -0.016973737734129777]]	[[0.07311790668450291, -0.5708824679921444, 0.22592256273918382, 1.2087051484607367, -2.8990508638282226, -0.001125764321945218]]
[[0.003203099846491725, -0.27171236884405753, 0.051475888218164796, -0.004365002261728902, 0.0027357813308100318, -0.02140224400229987]]	[[0.07312700060681707, -0.570884348190464, 0.2258795125263972, 1.208743852493646, -2.899048664644496, -0.0011633201970067577]]
[[-0.07828795853051349, 0.2010081794300833, -0.1527337400346029, 0.007748693352614676, -0.0008982833881060887, -0.023077592107112962]]	[[0.07311167831548342, -0.5708915761651444, 0.22588317451273932, 1.2086608320742942, -2.899042074144141, -0.0010512789331639462]]
[[-0.06891188459539292, -0.27725357903739467, -0.03874119023080283, -0.0049796862888393046, 0.0011019351833986024, -0.021890121067629536]]	[[0.07311590759203744, -0.5708926727748675, 0.22587732367213137, 1.2086740527039173, -2.899074120099219, -0.000994068571171539]]
[[-0.20201775829396282, 0.037757171913632356, -0.14505962145466159, -0.0026739086500726325, -0.0007456819030806879, -0.01871074722630655]]	[[0.07312977579307563, -0.5708846987097843, 0.22580110497608774, 1.2087534983627222, -2.899072292669618, -0.0011805642575498342]]
[[0.2497955937612384, -0.29591377015488357, 0.03229749950703349, -0.009274250377639832, -0.0069276086085331, -0.021287236588722357]]	[[0.07313582733078083, -0.5708888956915845, 0.22579169339192134, 1.2087449488004434, -2.8990498166964467, -0.0012185821433461114]]
[[-0.27846422286278216, -0.42891760162663295, 0.1385134052763562, -0.014102409776668691, 0.006210130786435331, -0.01899075027530118]]	[[0.07312722489930117, -0.5708917064395421, 0.22576871858983474, 1.208701133252787, -2.899041979625024, -0.0012009831092772278]]
[[0.106896289065746, 0.6934115960763874, 0.011280509208952372, 0.009302799939907996, -0.006565555364499988, -0.01579393878126744]]	[[0.07312590085381979, -0.570884794631461, 0.22572783798710863, 1.2087062141785845, -2.8990542112398843, -0.0012565956183405345]]
[[-0.15058915595171543, 0.10937296587556297, 0.15965516750152173, -0.005929046101036792, -0.0014541716658349694, -0.015620317910501629]]	[[0.07311931705952236, -0.5708828398742948, 0.2257166148311438, 1.2086933692741146, -2.8990721140605227, -0.0012356894376148845]]
[[0.03419502834580143, 0.33961333752459255, 0.07632612969724796, 0.0006723507429238391, -0.00830156947641186, -0.019344558772502504]]	[[0.07314520988805896, -0.5708803539283148, 0.22566452576804233, 1.208765205214637, -2.8990970907327234, -0.0013273109846888447]]
[[-0.0022501549713408453, 0.2436285038020696, 0.05468330086222324, 0.0027873647525931793, -0.004312724604907707, -0.02345408036390615]]	[[0.07311086064506321, -0.5708995725396139, 0.2256773983760304, 1.2086482050012812, -2.89901246889172, -0.0011843130305440913]]
[[-0.194329930900843, 0.2759065134607605, 0.054027001775695624, 0.005207650523445262, 0.0036112482978848757, -0.021772944822248664]]	[[0.07309734071446222, -0.5708847309234156, 0.22560440545531413, 1.2086719401863786, -2.8990715944496666, -0.0013691545517787117]]
[[-0.5726071008531988, 0.08617084944436901, 0.2130445010609704, -0.003125648035322236, 0.008246312421401667, -0.016043790301817407]]	[[0.07311884323223107, -0.5708883787512141, 0.22559611518839753, 1.2086677082244148, -2.8990596131617252, -0.0013311756126870356]]
[[-0.12064569941329409, 0.13218552932824854, 0.10172648214704748, -0.005715470880097373, -0.005093449944909138, -0.01596607256779214]]	[[0.07313886006930512, -0.5708969181609017, 0.2255854688718102, 1.2087278161789885, -2.8990583642582344, -0.001235834546421429]]
[[-0.04170383312805881, 0.3162492502390635, 0.017847468832818233, -0.005510128090306992, -0.0035138157942305615, -0.028124595219491285]]	[[0.07311677032163026, -0.5709018750556847, 0.2255562297190806, 1.2087011692772283, -2.8990450229143336, -0.0012929262691326196]]
[[-0.04646402942457739, 0.31924350024132636, -0.01552081308271472, -0.002283307781438485, -0.005436193057069029, -0.018524081634764003]]	[[0.07313764474849964, -0.5708840182626345, 0.22552037335734756, 1.2087502965667043, -2.899012648211472, -0.0013309131595566188]]
[[-0.5013491574436819, -0.3244786427659335, 0.1418500986354633, -0.014081867030208684, 0.0036287841309845456, -0.011306702646230155]]	[[0.0731236527346093, -0.5708908653656743, 0.22551153740001012, 1.2087158304781311, -2.899078417910438, -0.0012914327061167132]]
[[-0.5667823122752964, 0.017577313280839668, 0.12172133143722708, -0.0032983471863898923, 0.00831049514969217, -0.018464281275717587]]	[[0.07312939911871731, -0.5708906773479636, 0.22547201821104568, 1.2086593892857054, -2.899089059543037, -0.0013087706597786318]]
[[-0.35915143025919294, -0.054802346585151734, 0.17834620163710202, -0.004974863930435048, 0.004613880052201763, -0.021345786449986283]]	[[0.07313033450817491, -0.5708999312784682, 0.2254673628870203, 1.2087017350354952, -2.899044766009386, -0.0012712665126071532]]
[[-0.8871562876274737, -0.1880640502976324, 0.04020432242006511, -0.006711859524562337, 0.01718806396642939, -0.016463023518147532]]	[[0.07312811288664262, -0.5709061664787687, 0.22545736760872426, 1.208692491227427, -2.899071641846367, -0.0011379502666136244]]
[[-0.18354747787106218, 0.16921992610954073, 0.03793505590208036, -0.00493457967984559, -0.0027108146942912397, -0.014554471731327723]]	[[0.07313635467023047, -0.5708936065890869, 0.2253894632707374, 1.208758252212288, -2.8990365394217554, -0.0013642072098280463]]
[[-0.16766693248519327, 0.18178450509850827, 0.15046235118057846, -0.003964383300377525, -0.0011692615297072405, -0.020151169193281783]]	[[0.07315855271799039, -0.5709050124544334, 0.2254201229382778, 1.2087616312411031, -2.898992131381647, -0.0011771975197521559]]
[[-0.3694522401586539, 0.3124409401703426, 0.35984291940054003, 0.0025496059406328415, 0.0010632196463009201, -0.021628762021188148]]	[[0.07310366453920535, -0.5709082772180316, 0.2253454943414458, 1.2086285105412555, -2.899064222346734, -0.0013280043491770803]]
[[-0.1634006650112705, 0.04887776943978096, 0.36954273214806393, -0.006484489727868477, -0.0015711133641743845, -0.017995836196111833]]	[[0.0731230679782908, -0.5709117304936885, 0.22535183137496317, 1.2087446078411015, -2.8990512157315123, -0.0011729466990585045]]
[[0.052184744140482436, -0.1492506062250072, 0.06781422105790992, -0.012210130141258758, -0.003864509697689612, -0.018168063951145414]]	[[0.07313027089364008, -0.5708996298978027, 0.22531305859094178, 1.2086496612994104, -2.89906639698965, -0.0012306968718123112]]
[[0.10912890561858785, 0.03058389018922858, 0.1120225493292203, 1.4379827884014292e-05, -0.002286506486202775, -0.01515622571914158]]	[[0.07312568891940419, -0.5709151827512231, 0.22530904106888772, 1.208713926198995, -2.899077229058253, -0.0011535809381437799]]
[[0.09285066716774021, -0.16742530023483912, 0.28496116819662526, -0.0017568192944803678, -0.004291130225008844, -0.01595368292447067]]	[[0.07314861173170813, -0.5709096986584851, 0.22527199288127986, 1.2087533369021557, -2.899021717298042, -0.0011545424455007979]]
[[0.22738745047809933, 0.2542392772821637, 0.1261128572318443, 0.0025684768777555706, -0.011041090503346652, -0.0217851870576373]]	[[0.07314815054406529, -0.5709179120091382, 0.22527408052383696, 1.208764833064447, -2.899053675730109, -0.001038193597220353]]
[[-0.6332514452121982, -0.3841990092755039, 0.395990955903452, -0.01897057403769414, 0.009151828612392696, -0.013993066842823287]]	[[0.0731418694841606, -0.5709270781666, 0.22524371209179245, 1.2087041775330154, -2.8990523597348528, -0.0010209881276559058]]
[[0.12738581245775482, 0.06403883712861579, 0.13471300684186957, -0.011392275636232598, -0.007856457793141668, -0.01816430469557372]]	[[0.07314982655888566, -0.5709229998185805, 0.22519839649359774, 1.2087215643810283, -2.8989945522875, -0.0010623108638526228]]
[[-0.08360019335037863, -0.2255682292472373, 0.15985002990910513, -0.0117268937090131, -0.0016817205987793562, -0.01855094970751548]]	[[0.07315564464440226, -0.5709283061890362, 0.22520571738137793, 1.2087342925758642, -2.899025495965643, -0.0009481279525140272]]
[[0.08198681613742934, -0.052541360168915266, 0.06385154561891002, 0.00027043635090916846, -0.0018720322025321788, -0.023442410578855724]]	[[0.07312602245031757, -0.5709261446589746, 0.22516633440538003, 1.208613021636263, -2.8990771053297393, -0.0009862026136031213]]
[[-0.26678219026455363, -0.21685314633496136, 0.2710669048622217, 0.004899729265098315, 0.006400803983112111, -0.01878790454752479]]	[[0.07315813275509432, -0.5709348716510603, 0.22515722351131007, 1.2087675268733493, -2.8990102361652994, -0.0008720645093921235]]
[[-0.40994100153096064, -0.2849418110686833, 0.22428599006801628, 0.00023885195453136974, 0.01146110571893492, -0.02753963642704792]]	[[0.07314488913851419, -0.5709316147638132, 0.22512031439179245, 1.2086907441581787, -2.899069490068726, -0.0009274384479727437]]
[[0.28735370976801217, -0.008639558861852636, 0.19739875905128398, -0.0036584334975773175, -0.008164931071500445, -0.01986885354917657]]	[[0.07316307739591513, -0.5709377417435624, 0.22510611268528274, 1.2087299267438596, -2.899064603642797, -0.0008334183281077637]]
[[0.08962744760700403, -0.35427023485050574, 0.015621609927043409, -0.007682119044960568, -0.005073525739324608, -0.018846298333942146]]	[[0.07313977659981759, -0.5709403151856858, 0.22509678356001744, 1.2086854038673778, -2.899056914683163, -0.0008354281191832932]]
[[0.5462189306415297, -0.33214165444346755, 0.007771679612600193, 0.00024540275581328526, -0.006377312178229573, -0.026043633953317043]]	[[0.07315084801216014, -0.5709317235837795, 0.22506268271740495, 1.2087199160179707, -2.8990423359385593, -0.0008174420445543982]]
[[0.36171982886766013, -0.24353196066799376, -0.08450924234789098, 0.0118361979153378, 0.002115010675407777, -0.01972982064743095]]	[[0.07315293390120123, -0.5709406067893691, 0.22504895063440222, 1.2087318172622954, -2.899022460999202, -0.0007231837850896711]]
[[0.37861536600979295, -0.722897190084404, -0.06939823941100864, 0.0033936315694197625, 0.003975894658786365, -0.022903398856757823]]	[[0.07315065770526054, -0.5709433307546581, 0.22502972873917076, 1.2087452606892546, -2.8990570316029913, -0.0007602644060411682]]
[[0.3751213761666579, -0.4014613707687149, -0.08384174816568842, 0.012579838348636688, 0.005390525672514594, -0.020695121505303362]]	[[0.07314493108402728, -0.5709348473399546, 0.22502350609992078, 1.2087356482245288, -2.899033597815938, -0.0007069555741568557]]
[[0.03531741346205495, -0.11611628700464552, -0.07141641606843403, 0.016248658008220087, 0.007791102955515026, -0.021719382440890174]]	[[0.07312669356946276, -0.5709432755547147, 0.22499920012341634, 1.2086497379356085, -2.8990691019957286, -0.0006874964106062347]]
[[-0.03541595461164376, -0.397079193500148, 0.0009393518057546817, 0.004004947798226076, 0.005921234774175129, -0.016795801538348996]]	[[0.07316869859731671, -0.5709299817614065, 0.224974429313456, 1.2087858094022126, -2.899053104772911, -0.000724319627154926]]
[[0.26261326463062756, -0.26534791720458095, -0.2312052823223209, 0.0015591026401636592, -0.0016717813244840076, -0.023255059928464526]]	[[0.0731542986441237, -0.5709338449998488, 0.22495958903033397, 1.2087280982155488, -2.8990626145144884, -0.0006692854308804336]]
[[0.393243248802956, -0.1863911897964516, -0.2552804140116447, 0.007978872724419099, -0.0042575549490339185, -0.027656136088188767]]	[[0.07315021609633829, -0.5709400945990708, 0.2249195146102409, 1.2086886855481795, -2.8990166022535866, -0.0007848869488289655]]
[[0.370290545509221, -0.09674478927983418, -0.15292481279442996, 0.007956508906829135, -0.005032371474023942, -0.018442170014080307]]	[[0.07316261629459601, -0.5709342917854202, 0.22490538255760376, 1.2087409706439731, -2.898994065950476, -0.0007467033587801756]]
[[-0.023226370076234244, -0.11312397913353439, -0.20159314345594348, 0.006115150732683751, -0.0010382674981792685, -0.02174183520475227]]	[[0.07318814464582596, -0.5709351747288284, 0.22487966204603008, 1.2088064387890336, -2.8990055964025214, -0.0007446692709065976]]
[[-0.4026751694009767, 0.007309760990531156, -0.016569408156383213, 0.0022585641737268938, 0.0018607685775413171, -0.02387224948589642]]	[[0.07314025056111681, -0.570937914935641, 0.22486633578722973, 1.2086537150024135, -2.899081081596024, -0.0006886066437441552]]
[[-0.2572442685839981, -0.11714282135010583, 0.09093803554553272, -0.007123139941531518, -0.003064113831259462, -0.02138016137946573]]	[[0.07314890492003295, -0.5709296781593604, 0.2248483663911589, 1.208731925151524, -2.8990231872461334, -0.0007086289424720826]]
[[-0.0937961689577704, 0.24023661438680646, -0.06987976366807626, -0.0002278359866971925, -0.002419319308964584, -0.0166852147294756]]	[[0.0731496151856924, -0.5709248767569699, 0.2247966030899442, 1.2087247096377773, -2.8990547489230973, -0.000821256818579563]]
[[0.17321687879960715, -0.18569456118938762, -0.008292231531052657, -0.007632843189997806, -0.008371194541000304, -0.02067610031250646]]	[[0.07315172059856524, -0.5709337949273597, 0.22481398541704792, 1.2087017570304646, -2.8990484635288882, -0.0006910661465595718]]
[[-0.40104107592501603, -0.08226832292573602, 0.054793820971215296, -0.0034570534941749708, 0.002726588297805122, -0.018282560843177923]]	[[0.07314916728485762, -0.5709270052246065, 0.2247818288947881, 1.208719697590507, -2.899042766078186, -0.0007646016835033187]]
[[-0.6836835975594295, -0.18915141401398908, 0.13744745081836793, -0.011506058586130491, 0.007154790226471486, -0.020304325265706413]]	[[0.0731454845829024, -0.5709273194231387, 0.22475680717315183, 1.2087400570873574, -2.898996085755971, -0.000784768958872077]]
[[-0.11105375306149509, -0.41672057384240235, 0.19197065660635526, -0.008917923405699376, -0.0021911676271784484, -0.02022342618654317]]	[[0.07314309963979153, -0.5709141683117891, 0.22470854098764204, 1.2087331871786051, -2.899026295553327, -0.0008406979388968962]]
[[-0.04961439103604128, 0.05006834829851008, 0.12233258863284721, -0.00021573971579456577, 0.0002254593575541202, -0.01669873634365505]]	[[0.073151013444229, -0.5709386949175977, 0.22470087195720495, 1.2086752463669188, -2.8990358560351055, -0.00076597296880899]]
[[-0.16258648240605506, 0.08345952176472153, 0.12502159827888248, -0.000975083457759058, -0.00031593029711742557, -0.017858657850848295]]	[[0.073136551950037, -0.5709313996284111, 0.22468203849785728, 1.2086681596282396, -2.8990655523480395, -0.0008011654737732852]]
[[-0.08657351203346586, 0.18600215879317958, 0.09921320917965126, -0.0021916353742258278, -4.12553457317989e-05, -0.022909305517492623]]	[[0.07316527754629858, -0.5709188440751498, 0.22464539549586704, 1.208763676272657, -2.8990005415890514, -0.0008218045819489434]]
[[-0.41453083247314615, -0.05133396897554954, 0.21832273249426595, -0.0042467830027574476, 0.006421129578510338, -0.015341902357651703]]	[[0.07316297005841027, -0.5709249903502288, 0.2246222922009255, 1.2087555985271374, -2.8990302231476055, -0.000839023233583007]]
[[-0.36227783957018045, -0.15522263271692469, 0.19178995796917633, -0.005661934008105386, 0.008699611944117537, -0.017031244029736613]]	[[0.07313462565736875, -0.5709295559377328, 0.22461368855075714, 1.208680661938233, -2.899047021551929, -0.0007657409367363857]]
[[-0.17697038441594634, -0.5371114542981938, 0.2103054470708381, -0.013298564519577588, 0.005377669489963992, -0.015013679859278161]]	[[0.07314551726920952, -0.5709205374352844, 0.2245801354083422, 1.2087328784371, -2.899026234887785, -0.0008021197626330791]]
[[0.07687540601191714, -0.14783512375670646, 0.1297966044725867, -0.0021600618054577166, 0.0015650970987643976, -0.018797396315574387]]	[[0.07315279119911751, -0.5709134209182544, 0.22454202586586153, 1.2087080918287703, -2.8990642211405317, -0.0008765600488865533]]
[[-0.32473470517850356, -0.11709970061794563, 0.2689768476138145, 0.0016919240196642676, 0.010300591184121709, -0.017169677560966875]]	[[0.0731412536747275, -0.5709214149195695, 0.22454126776987712, 1.2087247313689362, -2.899055669152103, -0.0008017427209393053]]
[[-0.2887146261436341, 0.06572151661365867, 0.20189573775422676, -0.00019248398330637016, 0.007074888416726941, -0.02236545101000796]]	[[0.073163659394517, -0.5709233001557242, 0.22453017007715623, 1.208793361947988, -2.899025858321535, -0.0007447493889721969]]
[[-0.016790671964375167, 0.06739141874704971, 0.2113339658109216, -0.0001009573906728022, -0.0018528640960398975, -0.01984547571443531]]	[[0.07313577315420867, -0.5709223292333705, 0.22447893804788804, 1.208747207251848, -2.899061252276119, -0.0008566883169301808]]
[[-0.2536140290905708, -0.2686314045590022, 0.20547997426981057, -0.01005387292542692, 0.007177771252311344, -0.017368181745523965]]	[[0.0731535416088466, -0.5709220860165714, 0.2244707075644734, 1.2088025656584416, -2.898997331112129, -0.0007830185213139502]]
[[0.10025808987456505, 0.29331451267110753, 0.10263536158381255, -0.00015357394927940785, -0.007275921960149427, -0.021254838720430737]]	[[0.07315381092260968, -0.5709125652751396, 0.22443664014602474, 1.2087308585548555, -2.8990687082059177, -0.0008760017671961347]]
[[-0.3153269375964031, 0.052437000678267565, 0.10312971838664803, -0.005732828846760257, 0.0015656989093839305, -0.021099046686025205]]	[[0.0731640682548594, -0.5709120728843166, 0.22440344509436874, 1.2087511359603773, -2.899019950197693, -0.0008208479890463267]]
[[-0.3337354133073292, -0.18699837084014087, 0.25725985634770904, -0.010189252106507878, 0.004284474968428674, -0.015582501335286356]]	[[0.07316355955513651, -0.5709125802141988, 0.22439792194708802, 1.2088081505334463, -2.899061799983798, -0.0008182531808709276]]
[[-0.04990756439508131, 0.12864508897421517, 0.12169690107107392, -0.0020401296873351635, -0.00184203937434178, -0.01727687231281748]]	[[0.07314844115832644, -0.5709179732361952, 0.22436970585148971, 1.2087122435591025, -2.899075052291991, -0.0008006807396947288]]
[[-0.3405062969007839, -0.2863751100341484, 0.11811931291625999, -0.015701009222475047, 0.004430439046669116, -0.01727635136180445]]	[[0.07314110256100952, -0.5709173491832301, 0.22438179830811822, 1.2086943880293564, -2.899080799742275, -0.0007244366567077051]]
[[-0.18272632051380344, -0.10342395924121647, 0.1610259037693789, -0.011580279516657768, -0.003722335515730795, -0.01625490619358387]]	[[0.07315062161181898, -0.5709176151847146, 0.224343355480833, 1.2086936949201952, -2.899030331406891, -0.0007828123592564853]]
[[0.26328396814651167, 0.1532705726470365, 0.03738275427792974, -0.006925368826262745, -0.013588125077322988, -0.02597836567644133]]	[[0.07316159848933047, -0.570914184683432, 0.2243257727676854, 1.2088163636238929, -2.899031058922771, -0.0007625076803928345]]
[[-0.45871185423926764, 0.008095658646011056, 0.08226713023001385, -0.008956043989525419, 0.0026299655730650188, -0.0166176538507545]]	[[0.07316868928807112, -0.5709210271738046, 0.2242801194557149, 1.208806738359916, -2.8990101240905983, -0.0008186453533573972]]
[[-0.4775810760022474, 0.0257530096266321, 0.03723073841554276, -0.0014981516162304218, 0.0017375836243446372, -0.01706042669829081]]	[[0.07315698244758638, -0.5709173798919172, 0.2242659329654878, 1.2087859822607148, -2.8990578205325095, -0.0007789825079232819]]
[[-0.1200608771218534, -0.1424058682634265, 0.11070672523596518, -0.006150684128211027, -0.00048072834869113254, -0.020028057212136935]]	[[0.07316374853341459, -0.5709233958938082, 0.22424895561923044, 1.208742141673965, -2.8990481094969236, -0.000724924975107489]]
[[0.0916360247667989, -0.23126375260379906, 0.1414136306970121, -0.0024145190383850217, -0.008587886854883164, -0.018846257513719832]]	[[0.07314547302807209, -0.5709269660681975, 0.22422509692433218, 1.208670694415248, -2.8990263811967067, -0.0007269815501289996]]
[[0.3966938985171253, -0.19873263316446935, 0.16329054321527783, -0.01090609667531142, -0.010255773251284595, -0.026891591464802887]]	[[0.07314582069142632, -0.5709400428314754, 0.2242316819783377, 1.208713450142583, -2.8990302109406447, -0.0005366166475400812]]
[[-0.7150849553515123, 0.055706802306529246, 0.18454906407539126, -0.005773512136139858, 0.01022379770899104, -0.01858836800628979]]	[[0.07315766665897841, -0.5709226176114225, 0.22417480732577635, 1.2087640516379288, -2.8990523476830488, -0.0007034276568586814]]
[[-0.12864263259189768, 0.18256057725037692, 0.07763118781828318, -0.005150700431308529, -0.004684949703432273, -0.020019583608319572]]	[[0.07314707283254542, -0.5709244371473174, 0.22414301695943814, 1.2087325278327017, -2.8990272150153737, -0.0007422308253930413]]
[[-0.3628878698414529, 0.12360843516518781, -0.05992935785696626, -0.0013118215785421178, 0.004694598064970888, -0.01547461054321917]]	[[0.07313847757026543, -0.5709360785556047, 0.22415493419161078, 1.2087180316994102, -2.8990433819070214, -0.0006110291991405998]]
[[-0.03612830936571031, -0.23272406168958826, -0.019090837509247956, -0.011285615064786512, -0.0032160170638812673, -0.02364060726289878]]	[[0.07316066657402585, -0.5709318878445444, 0.22412760402349335, 1.2086493529159101, -2.899020461885208, -0.0006114192673364767]]
[[0.06973716527663332, -0.15611166101081778, -0.045790502615885784, -0.00364889433540678, -0.001756086632564461, -0.02040234596053865]]	[[0.07317767163191805, -0.5709358477851174, 0.2241045387001251, 1.2087749505478527, -2.8989814924161683, -0.0006286965962123073]]
[[-0.35635000861187416, 0.1541505237675474, 0.0892874288447268, 0.0009273986575005959, 0.004878897325997359, -0.017300038659361416]]	[[0.07315312349158369, -0.5709341902090118, 0.2240886861836356, 1.2086965942250003, -2.898987930143636, -0.0006116827500303238]]
[[-0.4533910023604674, 0.21855500519317347, 0.0651630741222029, -0.000478767003988361, 0.005689954262555936, -0.014727051536772251]]	[[0.07317067274188038, -0.5709394985470739, 0.2240653179540244, 1.20870034331766, -2.8989973183065683, -0.0005166422155138076]]
[[-0.3990885796018825, 0.2600101018148439, -0.046295418670784044, -0.001189449306221853, 0.004481442294836779, -0.020320610805376144]]	[[0.07314473572968014, -0.5709370894708169, 0.224020301425128, 1.2087307342761395, -2.89902569512765, -0.0006096392176881919]]
[[-0.5300973301629426, -0.19982785878932827, 0.1830391727523987, -0.00967730531723234, 0.007580355240691504, -0.019655827765389607]]	[[0.07317527747128605, -0.5709414984576439, 0.22403538152159058, 1.2087988822045448, -2.898992809330232, -0.0004025640249883302]]
[[-0.4450866679203974, 0.010635944624075855, 0.16034731384948317, -0.0039383796791667616, 0.005811651930168814, -0.028701552801668525]]	[[0.07318527037828719, -0.5709491824856927, 0.22400041386316993, 1.2087306518636003, -2.8990221774716862, -0.00043863346534338276]]
[[-0.026830642891478323, -0.06638662153848705, 0.1687998882654329, -0.004009487009273082, -0.002283053980364768, -0.01868184497602692]]	[[0.07318336195250316, -0.5709440417638, 0.2239845411773686, 1.2088162861566787, -2.8989861939105883, -0.0004206961993731173]]
[[-0.549215633427131, -0.540694029754148, 0.14859721674314444, -0.012744480842055973, 0.018813835364111024, -0.018953920214613354]]	[[0.07316197185776997, -0.5709508449972918, 0.2239576002512903, 1.208721575307949, -2.8990003862618736, -0.00043997155014113056]]
[[-0.15794761803053195, 0.0011667011630055457, 0.2227490335229603, -0.0026145811213672014, -0.00036910664584985137, -0.020652119093517357]]	[[0.07317804119123106, -0.5709488307666971, 0.22393333708333418, 1.208798698658966, -2.898992978075725, -0.00038373404518311414]]
[[-0.17020296342373392, -0.2925986878820479, 0.07996468221046195, -0.00889985426041879, 0.001146167592481108, -0.021349083344070256]]	[[0.07318672581913531, -0.5709509887291467, 0.22391191031770363, 1.2087938181167732, -2.8989304607781494, -0.0004056772039731797]]
[[0.17715448924612984, 0.09619261434489071, 0.08961079294506132, 0.0008003391599178031, -0.006918430756670545, -0.0231617401508568]]	[[0.07316594843240452, -0.5709478478868619, 0.2238747785137263, 1.208773456529139, -2.8990300470877832, -0.00040150569790343787]]
[[-0.4307469356018942, -0.24716398407815554, 0.3183850252328388, -0.008132408075649522, 0.008144251698071522, -0.018575660806003]]	[[0.07319311412740104, -0.5709509543462539, 0.22385049908311735, 1.2087993797080343, -2.898993099870353, -0.0003835952200683326]]
[[0.045863716005271504, 0.07808505856473837, 0.08611977543969218, 0.0017669526740348093, -0.0005782647427732987, -0.02401291912121707]]	[[0.0731870312018921, -0.5709528909745437, 0.22384986721812122, 1.2088157790659826, -2.8989838416459603, -0.000271902880405016]]
[[-0.012867257331839382, -0.42829238455448676, 0.08778919148649274, -0.0066537942995270275, -0.00145401669991328, -0.01917281211975909]]	[[0.07317767642616226, -0.5709660445219926, 0.22380995804287135, 1.208764674065927, -2.8990057379681495, -0.00029145574527456654]]
[[0.0008506491106016686, -0.07144218377812483, -0.059715747799828925, 0.005101700275375645, 0.0005416783874288094, -0.021318667639105907]]	[[0.07318738641391827, -0.5709668822537499, 0.2237890738696704, 1.2087375339807012, -2.899042128561878, -0.00025166047299984596]]
[[0.043305347228419194, -0.32757006526333676, 0.018093957668798625, 0.0069796435049719885, 0.0017685674315797532, -0.020748581216511804]]	[[0.07319155421503883, -0.57095348675136, 0.22374039800314902, 1.2088074569022216, -2.8989641734469735, -0.0003706640510067764]]
[[0.05001220877203033, -0.7180140706551579, -0.07204203874867092, 0.004783466887314618, 0.001007463978473267, -0.02663036068413067]]	[[0.0731656062423669, -0.570946860664914, 0.2237053770319626, 1.2086880052675204, -2.8990670354677968, -0.00042388699460163266]]
[[-0.2467926498930218, -0.3551023672125842, -0.09609859075827087, 0.014999248018077897, 0.0058126716043377, -0.023092087899007428]]	[[0.07318080095131102, -0.5709627896830619, 0.2237168750164542, 1.208772090999686, -2.8989769726994785, -0.00027655186325452227]]
[[9.466662691270944e-05, -0.6659032375705949, -0.06987876416183814, 0.0043023743321096795, -0.007513526894817076, -0.0211548629068323]]	[[0.07315626890883324, -0.5709708708800112, 0.22368458852858777, 1.2086544221557292, -2.899039509443465, -0.00029521506192233606]]
[[-0.16881661191150113, -0.252037074045531, -0.005898291370146273, 0.01472984729972265, 0.0009778339908796153, -0.016204345967790985]]	[[0.07316849841458448, -0.5709679674159326, 0.22367266600240066, 1.2087025173820205, -2.899004981587246, -0.0002205928237228034]]
[[-0.14208065318774885, -0.24543501425140307, -0.21783520822755667, 0.010587767612369712, 0.003613507156543468, -0.018896810177316464]]	[[0.07317811083432481, -0.5709678837230701, 0.2236364836932183, 1.2087295118043393, -2.899021384030911, -0.00029579705471388695]]
[[0.24721814698905775, -0.2051777484798093, -0.11186393398870388, 0.01019091372749858, 0.0008303148257286603, -0.014655741454068016]]	[[0.07318941841923962, -0.5709687252968065, 0.22360804657114397, 1.2087777736936678, -2.899040245448518, -0.0002757875200098247]]
[[0.12210548413565456, -0.5773509236976917, -0.2553532474675272, 0.000110107817855461, 0.002043399391853599, -0.02019721607051232]]	[[0.07318670994778369, -0.5709683461179702, 0.2235975973979455, 1.208768190124543, -2.8990171375366436, -0.00023885489534995164]]
[[0.12533378294201689, 0.11769317160814313, -0.26614147462763693, 0.009659237910934315, -0.00679156538270211, -0.022406498804588625]]	[[0.07317233978714269, -0.5709714956917863, 0.22356783249828577, 1.208746802694424, -2.899014555671476, -0.00029729618022785397]]
[[0.20169048453433927, 0.23058722265182746, -0.1826300813419716, 0.010629990797140899, -0.010910290238076305, -0.024715257705934995]]	[[0.07318944454676721, -0.5709790834800671, 0.22355654794178648, 1.2088156663093004, -2.8989854344072232, -0.0002775540199970627]]
[[-0.21818845058328842, 0.07257936383776252, -0.1871821540796423, -0.00014595223468275324, -0.004447219512408121, -0.030130964144407704]]	[[0.07317153818726059, -0.5709727294545799, 0.22351343271920732, 1.2087078373042521, -2.8990185634380152, -0.00031602983681198766]]
[[0.21396074778424357, -0.18336502452341358, -0.13057053820264705, -0.003483334629492069, -0.005289583423397634, -0.023991073368153825]]	[[0.0731846456804781, -0.5709662723101849, 0.22347659188007113, 1.2087986097188923, -2.8989950636414847, -0.0003721139651210629]]
[[0.11853950211155699, -0.16232080698128482, 0.017252160234186208, -0.0019226825578130403, 0.0012520156111592814, -0.015607010946643617]]	[[0.0731704506563014, -0.5709862347124169, 0.22345904851441645, 1.208711286944212, -2.899029437441717, -0.0002772497939880288]]
[[-0.2886702512450834, -0.31432255685225946, 0.0846676421645862, -0.0031705782821321834, 0.013967980143459936, -0.014622323434818556]]	[[0.07317143400219063, -0.570965733082043, 0.22340390920814757, 1.2087526555103083, -2.8990291376745465, -0.00044615389629342584]]
[[0.2470526043651909, -0.4332928949987034, 0.0010992335099980148, -0.008222640155869858, -0.0022595216462903346, -0.02227538087040617]]	[[0.07318059497875078, -0.5709655713695959, 0.22339409269579474, 1.2087339854852173, -2.8989841292706635, -0.00039308009258755066]]
[[-0.13402130192914152, -0.605311162703522, 0.08508769826495013, -0.007220199030867526, 0.0026502155153993244, -0.021627361288156514]]	[[0.07317416811363389, -0.5709743725086718, 0.22337206632416823, 1.208758484931021, -2.8989476823601295, -0.0003948127540263157]]
[[-0.2815202938518973, -0.5114880518704823, 0.08130933145799148, -0.005581309468847182, 0.010576566192880268, -0.022119137131060743]]	[[0.07317720374947045, -0.5709621140442357, 0.22332112732179243, 1.2087180681016894, -2.8990456650547984, -0.0005234822326000382]]
[[-0.16153122325927863, -0.3389520208836759, -0.15180005421186202, -0.0034908210185611637, 0.008002933731752343, -0.01875057440773604]]	[[0.07319504991141117, -0.570956077087367, 0.2232700491772604, 1.2088015273233614, -2.8990006499992833, -0.000635875718204892]]
[[0.39866667864753086, -0.2502438635440595, 0.11234990634077105, -0.0019465729959706889, -0.007552999200290017, -0.019830583928902197]]	[[0.07319660553079826, -0.5709581093151482, 0.22327659354570606, 1.2088286548637386, -2.8989213863937024, -0.0005067482655341541]]
[[0.036536912338837324, 0.15072770533892593, 0.11602742591401492, 0.0013002399239087274, 0.002665387755471118, -0.02856283829212701]]	[[0.07317219370863184, -0.5709588515169587, 0.22325930928645293, 1.2087398533204483, -2.8989985765376103, -0.0005427993457140736]]
[[-0.17990200489088842, -0.2075630186296079, 0.33545226948895884, -0.0075229861627293506, 0.0059975921313978825, -0.02734657722727799]]	[[0.07317756789524449, -0.5709542140392402, 0.22322394779033897, 1.2088097572513088, -2.8989716579983957, -0.0006365496049299382]]
[[-0.22258919844080596, 0.16169201021162086, 0.047879421706212136, 0.0006009528525437907, 0.0011695203939669741, -0.02558674102519283]]	[[0.07320025524758016, -0.5709508762514729, 0.2232001745030197, 1.2088188745028117, -2.8989937692367116, -0.0006347282072868602]]
[[-0.16125131617253607, -0.1105326126237178, -0.04680798467503143, -0.0046454905088237864, 0.0016846340862605742, -0.01831846921488707]]	[[0.07318560362437819, -0.570960000901026, 0.22316854838172234, 1.2087878722067575, -2.8989681388576307, -0.000637593164802532]]
[[-0.33612505471805465, -0.05971173742238009, 0.07832077243191268, -0.0028898366013359717, 0.009902437568795556, -0.018296317423828187]]	[[0.07320012963270522, -0.5709472107432368, 0.22310948622110724, 1.2087891397427228, -2.8990220196288674, -0.0007485098673301194]]
[[-0.1764981637346465, -0.026931774815924917, 0.17057049521572992, 0.0016935072651054013, 0.0011260945840300919, -0.02122342980658572]]	[[0.07313973769706336, -0.5709526212222841, 0.22307375822677156, 1.2086503081940467, -2.8990293217148047, -0.0007893469937070818]]
[[0.058937092167658536, 0.1862651933380013, 0.17766320747933584, 0.009936523124144399, -0.004382545955451334, -0.02191635108281971]]	[[0.07317371505602725, -0.5709474037718963, 0.22303418095539254, 1.2087552731181561, -2.8989873558236865, -0.000863784017884602]]
[[-0.031049884336392275, -0.012834096465720469, 0.09433811764230463, 0.0047313250726698985, -0.0004810250614042059, -0.02594481191850853]]	[[0.07317256417142276, -0.5709565502955489, 0.22302944650536913, 1.208763555079924, -2.8990076669133122, -0.0007674321010264697]]
[[-0.09182019201162062, -0.27965448200710985, 0.059054415468576205, -0.0060216704950988315, 0.0006354236511818957, -0.024822038236426622]]	[[0.07316277053811748, -0.5709460468501355, 0.22300658773528942, 1.2087678449039416, -2.8990197581215797, -0.0008040658400791685]]
[[0.19342370672021386, -0.1952497857670067, 0.23028342086020373, -0.0036723286104431247, -0.006699612147058187, -0.02062622199632493]]	[[0.07315074159220458, -0.5709472657516906, 0.22298114959917548, 1.2086626969219005, -2.8990125094653676, -0.0008259307318552774]]
[[-0.05053861347745536, -0.09292314453528687, 0.13798148525778892, -0.004312953815977207, -0.0016537041562441498, -0.023306286733836702]]	[[0.0731812171887874, -0.5709415970480421, 0.22294149969703314, 1.2087820322954033, -2.8990032936476826, -0.0008990280148080894]]
[[0.1763863117458591, 0.046173640771741783, 0.059954985514579326, -0.0030120185753204163, -0.011617864323773926, -0.03017493451888274]]	[[0.07320323762176761, -0.5709432680606586, 0.22290001130604747, 1.2087987194338021, -2.898996896360468, -0.0009167632134232353]]
[[-0.17766941999161212, -0.22274796664206015, 0.12072743618159201, -0.00784630483916238, -0.0035017361678102584, -0.024442038577599842]]	[[0.07317374249988742, -0.570937221784709, 0.22289419004347077, 1.2087863668276175, -2.8990138341834517, -0.0008596864019758319]]
[[-0.050188099488285134, -0.2534199857139489, 0.09391846924649747, -0.007877189914786387, -0.004518534777429432, -0.020274367205443775]]	[[0.07315515715330231, -0.5709325394979182, 0.2228308703575691, 1.2086914355317948, -2.8990311989216457, -0.0010120702471838829]]
[[0.39786600923037174, 0.06373800935848517, 0.2235733837088287, 0.000744306540573573, -0.014431360280617825, -0.02163551724995604]]	[[0.07316871359107106, -0.5709272215927835, 0.2228104633075585, 1.208782964658645, -2.8990056179540025, -0.0009905068669007182]]
[[0.12152430006533901, -0.2957771908364484, 0.13320960020301062, -0.012615297432096722, -0.008513551306623407, -0.0203618374547288]]	[[0.07318579093804882, -0.570943671708734, 0.22276466534657446, 1.2087964409321181, -2.8990388744199707, -0.0009883863786647978]]
[[-0.29055761648746636, 0.241851095290963, 0.2634430700895987, 0.0001700334382614306, -0.002600898421351909, -0.028807221233567274]]	[[0.07318014329048933, -0.5709319718071098, 0.2227408776748894, 1.208826326944879, -2.899014874050552, -0.0010444782802462426]]
[[-0.14425542080485393, 0.28665673979779, 0.19493920718843835, -0.0006266662857839656, -0.005434369310224101, -0.024463692652915522]]	[[0.0731695157678439, -0.570929332833507, 0.22274069802005297, 1.2087301017855139, -2.899027071734583, -0.0009532394773999099]]
[[0.21662446937618415, 0.1947631151419731, 0.24066366149089224, -0.004216821860582485, -0.007872856082272945, -0.0252541658408668]]	[[0.07316823032082434, -0.5709259509480513, 0.22268304713840537, 1.2087664605315371, -2.8990151430711606, -0.0010829063560646888]]
[[0.07678038721824153, -0.08121777849024599, 0.3281143389830221, -0.01146262362029253, -0.006600350622906183, -0.024884213708496035]]	[[0.07317840476143374, -0.570925171148972, 0.22264317881133738, 1.2087875030599013, -2.8989682255176055, -0.001102665285204872]]
[[-0.14147605078988207, 0.18375561463504864, 0.15182542532565146, 0.0007102667745282621, 0.0021449121409510517, -0.015326944662013085]]	[[0.07316951323652604, -0.5709293104429037, 0.222638872231945, 1.208783279843687, -2.899007121994668, -0.0010256428985030285]]
[[-0.4992015878628884, -0.48046493211080643, 0.22263250657238243, -0.010221720485618369, 0.011161398581625567, -0.020037082716090098]]	[[0.07318345649864919, -0.5709284241286899, 0.22261584714592236, 1.2088004156325765, -2.898999694867845, -0.0010076547833739742]]
[[0.06407731681081807, 0.3249978047734091, 0.2023015175266726, 0.00392190795586652, -0.0031271450458895903, -0.026373559103647214]]	[[0.07317206764199236, -0.5709293579425349, 0.22258439181496992, 1.208775253783389, -2.899036922179939, -0.0010412512404517564]]
[[-0.19007591050947267, 0.08783689016372875, 0.3473768245002841, -0.0060350546847705066, 0.00169151493612464, -0.027539662936907173]]	[[0.07317008707647646, -0.570930769988303, 0.2225599441573356, 1.2088348377153988, -2.898985207529142, -0.000986907916774244]]
[[0.4917429798932652, 0.22574926335356443, 0.4574242884315989, -0.008277464378005786, -0.022998163881064623, -0.02802387128987751]]	[[0.07314513806687233, -0.5709186677030512, 0.2225258006645709, 1.2087012071504273, -2.899055643317186, -0.001060003506781718]]
[[-0.2597129661801031, 0.22489868796083862, 0.3459797163521097, -0.008359387525428705, 0.0013824984957340756, -0.01986895311784486]]	[[0.07317749224212408, -0.5709246693641222, 0.22250602836263306, 1.2087920206996199, -2.899028720140416, -0.0009653462348899228]]
[[-0.42315936044502256, 0.05432152428543985, 0.40764135709211713, -0.01097409671802754, 0.000495872168576693, -0.02381240003533922]]	[[0.07316646123265078, -0.5709311678546913, 0.22247116554440627, 1.208751930137768, -2.8989810637456386, -0.0009684711817621654]]
[[0.12945068567857423, 0.15112872022189353, 0.14808836266455694, -0.004356304617838609, -0.009294286669421736, -0.02927337563815826]]	[[0.07316558487419886, -0.5709323512653302, 0.2224404283000842, 1.2086954986093874, -2.8989917191258496, -0.0009880669397712297]]
[[-0.3319786631557948, 0.010434906742292138, 0.3041093183393748, -0.005925754590963449, 0.0037859170416601846, -0.020480010416332253]]	[[0.07316374683470708, -0.5709294027219981, 0.2224138286819982, 1.2087867839788422, -2.8990184775882, -0.0009659544695990491]]
[[-0.43433571162250195, -0.004116544609693906, 0.2808363188621852, -0.012534677443237847, 0.003224631936372657, -0.016494300723080616]]	[[0.07317167173500486, -0.5709348593254628, 0.22239712782448537, 1.2087478606133573, -2.8990206414568154, -0.0009104907328408255]]
[[0.09993609854187725, -0.026822953493842318, 0.2490725634546044, -0.009604452580466471, -0.008188756736879708, -0.01689249013616398]]	[[0.07318301440032214, -0.5709304089044589, 0.2223682162752438, 1.2088121323397836, -2.8989801643643616, -0.0008737650568841175]]
[[-0.45797828926778306, -0.04979213922770148, 0.21827185098011662, -0.002359097577094684, 0.01003446867942085, -0.01849186485364524]]	[[0.07316361239683061, -0.5709412522936134, 0.22233270971840263, 1.2087776099137182, -2.8990459617542004, -0.0008528344798484182]]
[[-0.07391400195928521, -0.44275522810430445, 0.20835316439239623, -0.008113076930014344, 0.004213716746682717, -0.028136793025928156]]	[[0.0731488695848228, -0.5709250493778781, 0.22230146056615843, 1.208739136220548, -2.899050538908008, -0.0009097550340155825]]
[[-0.03171395363442103, -0.8102464171385838, 0.19549392659867612, -0.00927897433989989, 0.008052015962143033, -0.0176314804006841]]	[[0.07317630858840586, -0.570924685975078, 0.22228794995823953, 1.2087864938122683, -2.8990163029575062, -0.0008349182335826169]]
[[0.30450143036895044, -0.25865126069595873, 0.2998323430723024, 0.010735817582224663, -0.008460463756259497, -0.02437519861472411]]	[[0.07317214549586316, -0.5709359696299129, 0.22226143615307917, 1.2087126188801305, -2.8990340271975805, -0.0008174447906692549]]
[[0.14485265578979406, -0.37981515038630265, -0.026380206181922147, -0.0032570013295482475, 0.001996935457706909, -0.02579701398367501]]	[[0.07316051281704555, -0.570942920288371, 0.22224340473955723, 1.2087118569143538, -2.8990324415446853, -0.0007251221283551637]]
[[0.23140706300333033, -0.29263656081593764, -0.022144692602915326, -0.0035569784386901056, -0.004189165605764948, -0.018997205178567896]]	[[0.07317356905368264, -0.5709308997458171, 0.2222069486809855, 1.2087857035581153, -2.898965908293972, -0.0008609106488600805]]
[[0.056425187789391824, 0.0711126148440999, -0.011922147683875946, 0.007667482406535375, -0.0019420070259870258, -0.023661744754122166]]	[[0.07318185733482196, -0.5709306072844108, 0.22217685608941384, 1.2087039825360446, -2.8990133697947083, -0.0008766237100409523]]
[[0.5803600219552021, 0.10485401299546726, -0.2048437445572734, 0.012219826138355197, -0.009533545735974319, -0.03520495855899638]]	[[0.07316802439759004, -0.570940562373387, 0.2221701426623846, 1.2087158741136983, -2.8990443654275584, -0.0007449790001208791]]
[[0.14506921649420948, -0.5166760567526211, -0.10318212435919759, 0.0022352340147079363, 0.001634749038655839, -0.01875087516511041]]	[[0.07315472707345681, -0.5709411312052318, 0.2221439966018891, 1.2087112539865499, -2.8989823411866, -0.000786406914527613]]
[[-0.10513657946397492, -0.6442095864233358, -0.1334197730738625, 0.0020688123842596334, 0.0076054850793776125, -0.01820177777127167]]	[[0.07318773987700111, -0.570936103557846, 0.22209854738357643, 1.2088039382487084, -2.89901061124717, -0.0008592801846717969]]
[[-0.3772225492242502, -0.693900939536786, 0.011656406916868927, 0.0017987245743365078, 0.014118383479980656, -0.015984313531027736]]	[[0.07317589558043572, -0.5709405693037933, 0.22209193208591768, 1.2087806093763696, -2.8989543543063636, -0.0008238104960376194]]
[[-0.1430093573578916, -0.4509914856364947, -0.0923948510959259, 0.004393418763938284, 0.009359613936193506, -0.016339579463613137]]	[[0.07318469306647245, -0.5709313273943621, 0.22205919453156708, 1.2087640057927325, -2.899014026803246, -0.0008405958279454863]]
[[-0.08633365482035635, -0.18619786953954467, -0.05301682162403825, 0.0020994512035445076, 0.006598365428429119, -0.017827630762433634]]	[[0.07317390900097434, -0.5709309885182022, 0.22201716020909065, 1.2087867563099872, -2.8989672660854753, -0.0008987542433797858]]
[[0.49140391469292544, -0.21326891456385258, -0.045623833082221565, 0.00418942665652072, -0.006076982954008323, -0.022543414087599422]]	[[0.07316368430523267, -0.5709350181886993, 0.22199806897438792, 1.2086925043468053, -2.899033408194282, -0.0009355965044830183]]
[[-0.4432349551697392, -0.10167523526083469, -0.05841643537772575, 0.0033095940950615167, 0.014479568462756935, -0.017221764355828426]]	[[0.07317088944898674, -0.5709318609866241, 0.22196477794623215, 1.2087666539662822, -2.899016807811507, -0.0009917851256399785]]
[[0.16095358993306919, -0.19592028859601074, -0.026680918954071268, 0.0005959326708469887, 0.0024780834341223633, -0.021470102724556836]]	[[0.07316993971745342, -0.5709204372156654, 0.22193318362110534, 1.2087879169017761, -2.8989700677547137, -0.001029527576130732]]
[[-0.2526132518783964, -0.45335189322157277, -0.08986928355009147, -0.009543543319732626, 0.011332577609006089, -0.021082918690504736]]	[[0.07317463283143755, -0.5709126074569171, 0.22190957025438285, 1.2087977674712824, -2.899042775336826, -0.0009895738560307993]]
[[0.11988516441512624, 0.3666682850698342, -0.1033492481208212, 0.011344105841581062, -0.0006290691614055776, -0.025450876747669403]]	[[0.07318260916498814, -0.5709196090216828, 0.2219007312293031, 1.2087826141038938, -2.898957439691124, -0.0009572405560132839]]
[[-0.41286389292262415, 0.03382779850939735, 0.07658132082651431, -0.005445927962390674, 0.008579463731103416, -0.01880208418242612]]	[[0.07317442567438434, -0.5709099853527834, 0.22183500917911494, 1.2087935478829355, -2.898983775699609, -0.001144703338789891]]
[[0.09119110495235665, 0.056923885658713466, 0.08246986155209643, -0.011586456610898747, -0.005169353519791907, -0.019120471538176968]]	[[0.07318568488918833, -0.5709209165560973, 0.22184086644945972, 1.2088266036147337, -2.898966112092108, -0.0009733107091720084]]
[[-0.19298496239659257, 0.09214135972583362, 0.09542021414249963, -0.00591249879565677, -0.002771499236924725, -0.022371293659457885]]	[[0.07319821862243642, -0.57091762563711, 0.2218394435236446, 1.208901634983952, -2.898998570891844, -0.0009324846971271383]]
[[0.3319614878468018, 0.16430918563191166, 0.13424700813170468, -0.002968761630009347, -0.009468812592549714, -0.028917920054948754]]	[[0.07321317558859039, -0.5709133314423085, 0.22176662297037741, 1.2088337617648783, -2.898979634521732, -0.0011236407474320138]]
[[0.07512562915918741, 0.2917067016489842, 0.10622639059936825, -0.002664165118701229, -0.005423078552706, -0.030384357219572642]]	[[0.07317678465249473, -0.5709088118592888, 0.2217331109344688, 1.2088039122885115, -2.899007246485945, -0.0012171045556873979]]
[[0.230826862927841, -0.2570147871600946, 0.16161063591196895, -0.007849393383489757, -0.0014707716677021163, -0.02260258046720215]]	[[0.07318789137369966, -0.5709140642803104, 0.22170080443186835, 1.2088540194558284, -2.8989347250667885, -0.0012373198417913458]]
[[0.22489094035763307, 0.09359017316698753, 0.03705078306933755, -0.003266366193844593, -0.0014620181395366232, -0.020192888731770785]]	[[0.07320515109673781, -0.5709075605941262, 0.22168791889615197, 1.208873399200829, -2.898977628447334, -0.0011773986569180196]]
[[-0.2123465506646982, 0.2408373349627914, 0.3409197675183307, -0.005978311226694134, 0.004881341044747696, -0.020395546719854312]]	[[0.07319701171149055, -0.5709022479260075, 0.22164883443460986, 1.2088250938987042, -2.899011684758426, -0.0012134525442150622]]
[[-0.32098027581506855, 0.19910886416008078, 0.2918611261796783, -0.01002121513555607, 0.0074226428046342205, -0.027642085614262558]]	[[0.0732004091010528, -0.5709017016246867, 0.2216248720924977, 1.2088298559127952, -2.898972326005818, -0.0012729815088306294]]
[[-0.4050662214368804, -0.17381868083065172, 0.30430524916269586, -0.00938561079681583, 0.012089332143954822, -0.014180353240970023]]	[[0.07320110789150783, -0.5708967465612396, 0.22160994324435554, 1.2088567187762145, -2.898986283456093, -0.001236220765062954]]
[[0.06544643544026837, -0.1346612816446165, 0.15796819563655964, -0.006010953944176161, 0.002854890459677904, -0.016705796298173668]]	[[0.07320087527437488, -0.5709028875214962, 0.2215699859746202, 1.2088648272202016, -2.8989572343798917, -0.001235556739190747]]
[[-0.004217179523351544, -0.42042365659683867, 0.0554701341245667, -0.011418698387089737, 0.007189829017231633, -0.02289010768383808]]	[[0.0731874149629037, -0.5708936180860781, 0.22153920174944333, 1.2088378425626607, -2.8989427607800575, -0.0012554998071310278]]
[[0.6349684819942384, -0.027827491092532908, 0.04317637272037141, 0.0011048877346201361, -0.013461644565909071, -0.029352515463745496]]	[[0.07319021786670211, -0.570894284655891, 0.2215113273079889, 1.2089169721272541, -2.8989382524402787, -0.0013477515515337365]]
[[-0.15031435160626866, 0.10112043903729584, 0.15718388916267548, 0.007214084685363961, -3.1179803012656906e-05, -0.02562629911557347]]	[[0.07319925242174923, -0.5708985427646276, 0.22150124063650384, 1.208882471221454, -2.8989510622060313, -0.0012733435028534968]]
[[-0.2028062658587258, 0.1010410665096049, 0.08430024598725608, 0.00543892031211158, -0.004627334841959976, -0.01909462948029777]]	[[0.07318928536125426, -0.570885703248836, 0.22146022622673847, 1.2088899553949504, -2.898974819883007, -0.0013089028627290287]]
[[-0.013188496159441118, -0.06345727740922709, 0.1531689507388377, 0.0018830682339350028, -0.0055431496977713405, -0.021999912666460564]]	[[0.07319049576652006, -0.5708793475341606, 0.22142924781013695, 1.2089131757887426, -2.898928987747162, -0.0014228878230081057]]
[[0.06431015417278851, -0.2704076563197365, -0.07814292538654197, -0.006376110170957025, -0.01015210849645466, -0.029391875263425342]]	[[0.07320626553669753, -0.5708888090469909, 0.22141969505536374, 1.2088958417699471, -2.8989854453516175, -0.0013084516405589546]]
[[-0.2260176109699002, 0.12435181742661632, 0.2951567935266524, 0.013938223125716277, -0.013680883090626348, -0.02143193505733526]]	[[0.07321614177674854, -0.5708804025385182, 0.22139403292667043, 1.20885614885211, -2.8989893201151324, -0.001307788839837234]]
[[-0.19446699285668836, -0.15361500669191008, -0.10306639896133395, -0.0025664771080694854, -0.005317360127273444, -0.017531280312145264]]	[[0.07321621869728064, -0.5708860166956508, 0.2213787984247856, 1.2089786783664818, -2.8989899350800226, -0.0012862179008981747]]
[[-0.36514715737344655, -0.1715085312181272, 0.10691380510457724, 0.0020920063556133313, -0.005733303235468259, -0.025181717224443564]]	[[0.07320508916958632, -0.5708767259912888, 0.22134004508737803, 1.208917178988644, -2.8989390598923306, -0.0013467316486723046]]
[[-0.049063860687423175, 0.21491649571382376, 0.060167895518104184, 0.006343084195991688, -0.01579239740982239, -0.03295714269600519]]	[[0.07319922095190741, -0.5708767384756732, 0.22130812456701934, 1.2088874821806057, -2.8989653254168872, -0.0013839178257282361]]
[[-0.4241284288869065, 0.10482942706487391, 0.18408736018864272, 0.0037617600678249256, -0.006218900480397277, -0.01821576894426946]]	[[0.07321611418683183, -0.5708837730123818, 0.2212809454311299, 1.2089392180742982, -2.8989438222786297, -0.0013825966839541256]]
[[-0.9955561757551215, -0.06263866877925589, 0.20982029971825164, -0.00210763894460733, 0.008161790057775365, -0.018765516879474045]]	[[0.0731915351921589, -0.5708819976436613, 0.2212654442575944, 1.208912757025576, -2.898928767334485, -0.0013650268572934978]]
[[-0.015824119145596165, -0.10495558025731223, -0.023245755439590527, -0.007524741846151381, -0.014225116229324774, -0.026352032573405668]]	[[0.07320544724168228, -0.5708709003387403, 0.22122394548495183, 1.2089098536192584, -2.8989706340252375, -0.0014373579303025982]]
[[-0.02988161144628329, 0.3712923304074186, -0.07856697963788699, 0.0015988613346697485, -0.014571521824224283, -0.027176730132115887]]	[[0.07320366989005252, -0.5708695444384992, 0.22118156619093146, 1.208905284567465, -2.8989597214882714, -0.0014376763053639647]]
[[-0.33153353953205367, -0.2583461814687315, 0.15417765340718198, -0.007778810743615731, -0.00826014102173338, -0.020920402718589394]]	[[0.07319042198302367, -0.5708818689880385, 0.2211949291187738, 1.2089174221026107, -2.8989912980483963, -0.001341501159340846]]
[[-0.13801614900268094, 0.47692897258092243, 0.034907923704562034, 0.007698323984508333, -0.012402904940605034, -0.02604856463242829]]	[[0.07319499700974398, -0.5708722267697517, 0.22112849141024676, 1.2088620434444044, -2.898953373256901, -0.0014937913242234525]]
[[-0.1586450957155408, 0.12567331144537658, 0.20588374708828885, -0.0007331959102578637, -0.004359560339739452, -0.019916276358550464]]	[[0.07320459636107218, -0.5708659583780405, 0.22112193169836608, 1.208930885977052, -2.898974771857246, -0.0014168109814578162]]
[[-0.07939741779888575, -0.2664015577941138, 0.08623833031416486, -0.010812140268823933, -0.004545925721599938, -0.021375953111803198]]	[[0.07320442642011551, -0.5708878106473416, 0.22114650466200386, 1.208923806372621, -2.8989601737592374, -0.0012091695978082907]]
[[0.21976097259771893, 0.06237245132100866, 0.18085922492289577, -0.008079689702938618, -0.010459629192108135, -0.02318742400493474]]	[[0.07320374158820882, -0.5708770509690572, 0.22111562152705616, 1.2089456654701645, -2.898912936671174, -0.0012297810694867064]]
[[0.35173737482839074, 0.595039742236088, 0.08959494296100877, 0.006846146842255325, -0.013627078220727206, -0.0215960442501388]]	[[0.07318650035070975, -0.5708787754398617, 0.22106925202557787, 1.2087854460563778, -2.899019476616578, -0.0012646055649251948]]
[[-0.5237754273390646, 0.010538542298803022, 0.15641674913724443, -0.011215990984433575, 0.010011541731402259, -0.021085461041222043]]	[[0.07318712786181425, -0.5708707692674517, 0.22104222716091393, 1.2088425279630897, -2.8989575305367348, -0.001285135796730435]]
[[-0.08190168789646704, 0.5452075408594319, 0.2350339394825973, -0.0023800972399200494, 0.0005041277447341139, -0.0235676494561358]]	[[0.07319389357195873, -0.5708888022021388, 0.22103343421535404, 1.2088588892293124, -2.8989486881667297, -0.0011915833479321186]]
[[0.19716589590841066, 0.10850645714464033, 0.06705719202450558, -0.009207832606615837, -0.002076938233005735, -0.021673149041085457]]	[[0.07320438971706143, -0.5708942976152482, 0.22103249287014687, 1.2088277972877512, -2.8989717246892055, -0.0010601559433054024]]
[[-0.07304027324068901, 0.6640185089894318, 0.06094166236181529, 0.00728321918899275, 0.005648750032968954, -0.02302548092128382]]	[[0.07320633969495081, -0.5708873498203376, 0.2209840387401269, 1.2089052804341975, -2.8989141659827347, -0.0010985401690185466]]
[[0.23834486166875452, 0.45608423217865046, 0.12733482883427075, 0.0005539806367893565, -0.0013645842129350301, -0.01961929109530583]]	[[0.07320325230458137, -0.5708722828491208, 0.22094340718324623, 1.2088633605182582, -2.8989614110838446, -0.0012459406184959973]]
[[0.15003660486725764, 0.5798717766151464, 0.24784154914180445, 0.0029528034668068123, -0.003312339270644238, -0.02584052037847634]]	[[0.07322940197833903, -0.5708814393394777, 0.22095617233323883, 1.208936004726314, -2.8989395269144267, -0.0010405242521136517]]
[[0.12103700689056188, 0.22086348226123959, -0.023608687835525066, -0.006272667343274384, 0.0010362077972290856, -0.019297352055138158]]	[[0.07320916512340964, -0.570877835681614, 0.2208957517940212, 1.2088942378263028, -2.89898553349161, -0.0011526192885244662]]
[[0.7177125137514166, 0.21264148272908406, 0.011621644252316488, -0.003181299725058324, -0.009528199181131729, -0.021283296290763382]]	[[0.07321879745540748, -0.5708824195754683, 0.22089948246133967, 1.2089221757312003, -2.898906334180153, -0.0010413332913893564]]
[[0.4204510411468333, 0.0807186081991696, 0.31699512351483333, -0.004069330347738118, -0.0062266677733600895, -0.028246693198552428]]	[[0.07321901874341318, -0.5708950981882078, 0.22088358697770583, 1.2088780786911986, -2.8989490652030017, -0.0009457813708661162]]
[[0.2678263189505845, 0.128599650169273, 0.16942102897566222, -0.001336353272323538, -0.005414676857107472, -0.02985275812567671]]	[[0.07321931901329037, -0.5708857781514891, 0.22084217921052315, 1.2089103986721714, -2.8989761535626006, -0.00101805981120006]]
[[-0.2939258145854283, -0.46219617520399836, 0.07514563401573938, -0.009402039358526942, 0.009591703037918935, -0.018901402918750216]]	[[0.07321540852248308, -0.5708923086486577, 0.22083838250462035, 1.208921233595751, -2.898904623266624, -0.0009297162224139705]]
[[0.5460514500480866, 0.0015751233945638932, -0.027758237046445117, 0.009982812163598576, -0.007110973246418307, -0.03044942046228453]]	[[0.07320995004819066, -0.5708932674366676, 0.22080783098157325, 1.20885632138259, -2.898945691463945, -0.0009488998905496065]]
[[0.3801072555656511, -0.47056521036118804, -0.09128855507409879, 0.007370168014549552, -0.003723820219382741, -0.01930685725080608]]	[[0.07321760591165079, -0.5708946166859357, 0.2208019892247679, 1.2088731520111786, -2.8989375149295595, -0.0008940661012736394]]
[[0.22928165771888517, -0.4774170429053125, -0.0689171630958349, 0.007457737963993944, -0.0004397665799102477, -0.02460410245479649]]	[[0.07321713457466385, -0.5708899286048822, 0.22077202646226124, 1.2089467372926248, -2.8989195048922562, -0.000873923560993806]]
[[0.4001273361223705, 0.034604147834160215, -0.14818291391295355, 0.01178835835941142, -0.01479268109707593, -0.03261555977620843]]	[[0.0731971462685593, -0.5709135061177082, 0.22075942548269734, 1.2088251260567646, -2.898968989444565, -0.0008173274457524587]]
[[0.002588817693398214, -0.0425783299528812, -0.14898825261905957, 0.008624070586373208, -0.0051171607750713985, -0.019691208468747598]]	[[0.07320054745743546, -0.5709028523311801, 0.22070855916839222, 1.2088615279116461, -2.898956963488211, -0.0009500745663093443]]
[[-0.23534015434736974, -0.16696273628497282, -0.03584906578759233, 0.007633026179425779, -0.0015766006935473893, -0.015989078644249203]]	[[0.07320966316746698, -0.5708923973437261, 0.22070286127388064, 1.2088911943559892, -2.8989305356595034, -0.0008944346712460056]]
[[0.20290264808192127, 0.19021587274138105, -0.13101909119481317, 0.016588531164531725, -0.009533019154031814, -0.024593934094475203]]	[[0.07319964173592594, -0.5708949235383186, 0.2206868951392535, 1.20885976914967, -2.898903675433237, -0.0008587629040814165]]
[[-0.024179893237922828, -0.48697499084126383, -0.20185995331865333, 0.0017013789664301652, -0.0031762314703109537, -0.0218537947401997]]	[[0.07321773637094561, -0.5709003680480872, 0.22066705907413622, 1.2089087536479828, -2.8989733928849124, -0.0008173412811343229]]
[[0.11443515484367123, 0.0995947727165438, -0.337320275497385, 0.01338849479643741, -0.004985054733714663, -0.02221275176489801]]	[[0.07320762648418332, -0.5709059651050346, 0.22064000423556956, 1.2088733681825305, -2.898937067291397, -0.0008395082630962012]]
[[-0.27477023555628644, 0.06637964747859391, -0.2538017782042493, 0.013059076709375486, 0.002007770406333923, -0.017507498369839967]]	[[0.0732245781848844, -0.5708907619568522, 0.22060157560787136, 1.2088955257555667, -2.8989433789524917, -0.0009513170272733612]]
[[0.6137614932728637, 0.004782466044642164, -0.356231907328463, 0.0017164774214728073, -0.022461763009124815, -0.029041489409601773]]	[[0.07323352332288605, -0.5708955320726118, 0.22060764179044545, 1.2089472618760253, -2.8989197330930403, -0.0008571109458664935]]
[[0.17993493555553816, 0.17309467991070837, -0.09571857912108354, 0.00907986814980473, -0.009252625875455172, -0.023468526422966568]]	[[0.07320225802030057, -0.5708849197893502, 0.22055201552270998, 1.2088840434962596, -2.89896259442726, -0.001007146477574957]]
[[0.20167671897372888, 0.17624069501101747, -0.1917494827900551, 0.007910226916248417, -0.00912607151251148, -0.031088256020245866]]	[[0.07321339695506436, -0.5708989383894034, 0.22054621521650375, 1.20889573671345, -2.8989423728864656, -0.000895661842504382]]
[[0.09396259205071242, -0.03766299948737439, -0.09639944648413346, 0.000415648603044889, -0.005048217573327617, -0.022208534289508926]]	[[0.07322743946690806, -0.5708915844644514, 0.22051659159189269, 1.2089044942657725, -2.8989654612729057, -0.0009300630775561391]]
[[-0.1764609430039016, -0.14356123624757125, -0.08060076580471398, -0.003890360317153797, -0.0001289483547660625, -0.02032580886402606]]	[[0.07322639002727377, -0.5708921929773223, 0.22049354927911274, 1.2089527768741188, -2.898933389463828, -0.0009699775449509867]]
[[0.320586709307311, -0.12777181967860196, -0.14721360341218498, -0.0052241399142514125, -0.006951990824104487, -0.021921736913903717]]	[[0.07319988537539224, -0.5709078250854253, 0.22048311769011253, 1.2088855537460024, -2.898920193959351, -0.0008780109041045998]]
[[0.14480073585976613, 0.14757700618705347, 0.04972559391791927, 0.0023449373546615988, -0.0019374232536823505, -0.02073127265654913]]	[[0.073199197938211, -0.5708800608597078, 0.22043387064756892, 1.2088277478523142, -2.8989738063983763, -0.0010089185760020325]]
[[0.05221190069713562, -0.17329960655925755, 0.03517151520803963, -0.0059167954143111885, -0.001597790691921396, -0.02781488946600242]]	[[0.07322762575807706, -0.5708988271905991, 0.2204224479694068, 1.208930600762277, -2.8989292646368807, -0.0009331360034699447]]
[[0.04853479275858137, -0.11419959092623504, -0.005548946953727833, -0.009870436848682475, -0.0010609342553924341, -0.015675397344105228]]	[[0.07321735014540369, -0.5708973924738114, 0.2203724073644193, 1.2089220796345324, -2.8989087696251383, -0.001028025093713484]]
[[0.2285500370733891, -0.1724628353352488, -0.12403956492414962, -0.010651141449959226, -0.003256429386330666, -0.020303981267505884]]	[[0.07322198019032383, -0.5708994318193756, 0.22037565441657375, 1.2089354708356845, -2.898941216544083, -0.0009709846828206214]]
[[0.28748335135117453, -0.3379864329466422, -0.13695935899404518, -0.014301103241952929, -0.001503137286653287, -0.02189701787999518]]	[[0.07320484492903127, -0.5708917586708971, 0.2203475678805905, 1.2089013132793558, -2.8989564406068578, -0.001007757703757128]]
[[0.2364202088133772, -0.00751016900725858, 0.07054869371899464, -0.002130827324263413, -0.0034492617718476703, -0.026276075351211035]]	[[0.07320544213885559, -0.5708845858105253, 0.22031411807644602, 1.2089051101135524, -2.8989165882447265, -0.0010457906457274286]]
[[-0.1585096138156269, 0.18166666266045114, -0.010957996787047317, 0.008252247112483941, 0.009366242830079254, -0.023840542517778594]]	[[0.07318764132837584, -0.5708914749209096, 0.22028936102891997, 1.208770489709302, -2.8989870906185464, -0.0010844379118240249]]
[[0.3560949736255422, 0.1591627712877714, -0.08955647034464795, 0.003522106043134994, -0.004111838898815311, -0.01832000381535048]]	[[0.0732257987667968, -0.5708973000380927, 0.22028560502431915, 1.2089263982135858, -2.8989196376318707, -0.0009716923868305682]]
[[0.32759194478136916, 0.15528509350682126, 0.0069439089710039694, 0.0012351237977970319, -0.005286722809387969, -0.01807570320837266]]	[[0.0732162922735924, -0.570891022378504, 0.2202304578681889, 1.2088748411276904, -2.8989438767578344, -0.0010851590154673048]]
[[-0.06477823153497007, 0.11757956604392344, -0.009685750326886464, -0.005473250819955587, -0.00014431447608032185, -0.016845328345902116]]	[[0.07321146933394275, -0.570893757487454, 0.22022469486918134, 1.2088616644943628, -2.8989611065276515, -0.0010285165161183333]]
[[-0.47230984412634136, -0.09014359606119732, 0.042126725583654934, -0.016007432877625766, 0.005004379598177793, -0.021558048129406388]]	[[0.07320909078946092, -0.5708908186403244, 0.22019739489919066, 1.2089101110612153, -2.8989293421000126, -0.0010842410749258519]]
[[-0.028977692060360632, 0.46005002533959993, -0.02169925661571845, -0.0015066154330631717, -0.0027814583086026657, -0.02472595987254276]]	[[0.07321762943772912, -0.5708911827285886, 0.22016809320545344, 1.2088973679224104, -2.898947678891076, -0.0010827674359236113]]
[[0.19892444209525553, 0.1574522569531049, -0.0846213666431575, -0.003052821381206047, -0.008516620491421534, -0.023312594477189065]]	[[0.07320244264245061, -0.570899045268296, 0.22014385546839235, 1.2088491982024716, -2.8989294288426004, -0.0011216650009358835]]
[[-0.0014235201649832954, 0.08223127053028206, 0.2599861827209505, 0.007857553801445557, -0.014888558082275473, -0.017028600088352767]]	[[0.07321679244174373, -0.5708855597350819, 0.22011426732478112, 1.208884311518245, -2.8989671176628975, -0.0011190978724552182]]
[[-0.10726580738849248, -0.13882905374795626, -0.0744600211815794, -0.0016819516163764149, -0.0026097786346378628, -0.02233876639848176]]	[[0.07324387040251089, -0.5708979676491744, 0.2200928250764107, 1.2090177951170655, -2.898845637823966, -0.0010843527492767763]]
[[-0.03459633627971425, 0.05087071486028819, 0.10556729602229013, -0.0010673911329404954, -0.010000110574720587, -0.023284446768793633]]	[[0.07320351290971037, -0.5708949679661229, 0.2200526467688482, 1.2088407170555877, -2.8989601480817435, -0.0011376152075051507]]
[[0.1446622224649707, 0.16989714297402345, 0.02398751134801114, -0.004839137798168792, -0.013807120354684774, -0.025125745001874027]]	[[0.07322537625236568, -0.5708772167921143, 0.22001902482019536, 1.20889428952498, -2.8989404638617966, -0.001252277132805812]]
[[-0.0348587484347549, -0.13285447780684556, -0.02587582228448513, -0.01145904165118899, -0.014199038919618797, -0.02671196428570408]]	[[0.07322875346084856, -0.5708896780922745, 0.22000985575606746, 1.2089576686889756, -2.8988982095604587, -0.0011397239014709968]]
[[-0.06097380538538622, -0.0682300290133075, -0.09503505421745406, -0.0017680668747954865, -0.006482261087779011, -0.026570871022379046]]	[[0.07322544508052052, -0.570887608330981, 0.2199904106756187, 1.208931449994677, -2.89888381431999, -0.0011587913216958379]]
[[0.02361327375524637, -0.013100948929703694, 0.02716477773978767, 0.0006450560039702284, -0.005742018858585914, -0.022761437592328723]]	[[0.07322131775510296, -0.5708888109869584, 0.21997525131733317, 1.2088875975833628, -2.8989268038710554, -0.001102090271272099]]
[[0.1526540013136875, -0.04655672770821481, -0.0518687019710773, 0.0003958582116301316, -0.008802569910014331, -0.025082943456877994]]	[[0.07322684060815489, -0.5709000457360889, 0.21994361526026068, 1.208944595560502, -2.8989161677054236, -0.001081734099176828]]
[[-0.25642453410384525, -0.12423602060827856, 0.12136588238721664, 0.002204919871099615, 0.0014642450490251922, -0.016183923164664136]]	[[0.07321020262388829, -0.5708971838335583, 0.21992875012535335, 1.2089217897768247, -2.8989119165603743, -0.001061514414447612]]
[[-0.2564210545658796, -0.1242398120558481, 0.12136935276350465, 0.0022046340544112832, 0.001464373249551384, -0.0161839505026877]]	[[0.07322260891527012, -0.5709077934747969, 0.2198978491560879, 1.2089438351488382, -2.8989166801175505, -0.0010807075382240766]]
[[-0.15629675235030843, -0.3388047179226069, 0.12486371568147941, -0.004865798933565009, 0.004284108754183934, -0.019785641637808864]]	[[0.07321919633639729, -0.5709021701126292, 0.21988161970993989, 1.2089052850447402, -2.89891939464219, -0.0010796349356040813]]
[[-0.005189643734192215, -0.1368024267115161, 0.018370094473445734, -0.004191659990836214, -0.0017440532768663115, -0.026883783824914145]]	[[0.07322521472619237, -0.5708992182777809, 0.21982429666354641, 1.2089230420063732, -2.898913510070911, -0.0011366852151584808]]
[[-0.25935054112828143, 0.08101020901248068, 0.05348728116883933, 0.0012373362958059604, 0.00020826413913793652, -0.02279065668699159]]	[[0.0732094532014367, -0.570903943194217, 0.21982792587912772, 1.2088845878922256, -2.898967560919779, -0.0010782619905361376]]
[[-0.5306382577830018, 0.21316680223297027, 0.18420788828157902, 0.004864300244736637, 0.010198636006749303, -0.022533691380069068]]	[[0.07320403850354845, -0.5708997335378275, 0.21979703796857314, 1.2088355347005793, -2.898948898942907, -0.001077928509511689]]
[[0.13697502123220492, 0.42406361173511425, -0.09233021571313112, -0.0013977284230075662, -0.00403730032121645, -0.014895900176476256]]	[[0.07322375418337344, -0.5709073105914114, 0.2197932267437731, 1.2089136522895396, -2.8989402146308754, -0.0009635802265082721]]
[[-0.24616799300283923, 0.19775126135906848, 0.08634317012433028, -0.005678379573863208, 0.00654498117686354, -0.021724488708586346]]	[[0.07320334376607088, -0.5709079869750395, 0.2197347476787569, 1.2088567667781334, -2.8989008269804413, -0.0010426948571044862]]
[[-0.309427656291131, -0.018961878282347022, 0.08636251321057672, -0.010557028256222956, 0.006387358343825704, -0.02025374104442361]]	[[0.07321169763262501, -0.5709044472243835, 0.21970827105858304, 1.2089003213482559, -2.8989082242426982, -0.001022671093397824]]
[[0.026693098733224167, 0.1184392176422579, 0.05028127955463538, -0.002636667259036574, -0.0011517939009297947, -0.025590215145190214]]	[[0.07322388277910108, -0.5708989064030495, 0.21968794720379192, 1.2089179201203102, -2.898901757975848, -0.001058384926068993]]
[[-0.01349541855229544, 0.452304861673795, 0.04470460792881757, 0.0042934883090809, 0.00024783863167550857, -0.02164672686203249]]	[[0.07319642473253928, -0.5709112588269578, 0.2196602201642997, 1.2088614475777153, -2.898963482749029, -0.0010005354503721826]]
[[0.059032819855200425, -0.1498964769520184, 0.24857349825182667, -0.009337106291777902, -0.00015496461996982423, -0.023629656862905357]]	[[0.07322224502640734, -0.5709101034133167, 0.21964583074155686, 1.208886927598722, -2.8989253211546746, -0.000943628115342501]]
[[-0.09502351254064284, -0.05630086251576659, 0.10054900391933809, -0.005659468797911787, 0.0052993747969095175, -0.02048712397496105]]	[[0.07320846354028158, -0.570923548898794, 0.21961394374459475, 1.2088261536073344, -2.898976721948395, -0.0009236872898356971]]
[[0.33722189665141683, 0.3572756528280841, 0.03926020061865725, 0.0050652681481588024, -0.009499665730745713, -0.02588474531802492]]	[[0.07322855267316868, -0.5709111859511796, 0.21961449674581685, 1.2089334872443684, -2.8988911877832266, -0.0008525446102648211]]
[[0.33723970323090807, 0.35726137593117147, 0.03923716184976667, 0.005064334573901964, -0.00950112454025985, -0.025884392563506727]]	[[0.07322049167319254, -0.5709174289654744, 0.21959749209491292, 1.2088777424251314, -2.8989525591561116, -0.0007955917360023487]]
[[0.03121537770885634, -0.03325373787264047, 0.0051467894950506556, 0.002049786309646833, -0.0034218648130557236, -0.020740785175242405]]	[[0.07319754890305806, -0.5709107510502391, 0.21953247550041957, 1.208848183718655, -2.89898098388886, -0.0009255099811715663]]
[[0.2966361682831585, 0.14370717660446694, -0.07836234599240903, 0.007330234080003424, -0.006467064571918851, -0.023688347062612917]]	[[0.07320873749879499, -0.5709173685678195, 0.2195180995678521, 1.208869906774616, -2.8989828775099618, -0.000831988975524105]]
[[-0.18769140954169278, -0.11230734685064948, -0.049904740596080674, 0.00512202258530836, 0.005661151759566825, -0.017012331750134987]]	[[0.0732103014551875, -0.5709262777671907, 0.2195107240435023, 1.2088193301589225, -2.8989118810452172, -0.0007801021896116415]]
[[0.06896632332414088, -0.4165869784851055, -0.07726749600182253, 0.0016646714468084088, 0.0051328261764181145, -0.02518701455158325]]	[[0.07322079605423436, -0.5709250825017871, 0.21948806407101637, 1.208850136407815, -2.898937476291874, -0.0007598395912322971]]
[[-0.4900922574101082, -0.4388787824831532, 0.06115029666581255, 0.0054065635415049, 0.014978346331013907, -0.014401425310769444]]	[[0.07321100972577523, -0.5709179446551609, 0.21946891078024097, 1.2089019359085273, -2.8989156421809383, -0.0007421834773059367]]
[[-0.35156626310499195, -0.8005224596232186, -0.10045045711192942, -0.00460448210175202, 0.012383706305644459, -0.017179482321175287]]	[[0.0732237339741482, -0.570917187696179, 0.2194457855912881, 1.2089318013283816, -2.898890028952522, -0.0007260241716334738]]
[[0.45656698896398656, -0.4731245592713106, -0.2287754524179625, 0.005433849795163901, -0.004941456436599464, -0.022936201089184143]]	[[0.07321535650111098, -0.5709240057593834, 0.21943583310904508, 1.208849507002492, -2.898885257457378, -0.0007097724819474312]]
[[0.09656085061791003, -0.6663250713521652, -0.26748490558168775, 0.0028915184981923377, 0.008843814633871927, -0.02055973868229293]]	[[0.07322326389022911, -0.5709280788866012, 0.21940493645836254, 1.2088544447848946, -2.898948369717711, -0.0007056724115957631]]
[[0.050991391221350546, -0.41663794606523474, -0.37888900920350554, 0.009619583265144307, 0.0021852324092423597, -0.01979385635002293]]	[[0.07321951312879027, -0.5709215843439062, 0.21938038108928087, 1.2089371734048857, -2.8989014327203626, -0.000744314279846859]]
[[0.245971919952932, -0.4138641767923611, -0.14684047139484718, 0.008890078498439384, -0.0017115301778952378, -0.022918065499873533]]	[[0.07322499918710806, -0.5709206181310017, 0.2193259406402368, 1.2089325293409128, -2.8988923668870257, -0.0008206768434908551]]
[[-0.08018839323732069, -0.31387668618329706, -0.10471560330841868, 0.009970847190100461, 0.003464151041437504, -0.017955088932319865]]	[[0.07322927293830432, -0.5709250708978099, 0.2193161551542177, 1.2089073225269817, -2.8989276270972155, -0.0007445774264506845]]
[[-0.10360323002945143, -0.27948432700834946, -0.18475214485376956, 0.006032304728540238, 0.0011818646748517681, -0.021464621711919953]]	[[0.07322975171130347, -0.5709229799982765, 0.21927519368244072, 1.2088949199760024, -2.898946726290681, -0.0007812844925580822]]
[[0.03208117344261424, -0.036544826446453474, -0.1609879154695427, 0.000917088491003908, -0.008192706207087386, -0.020508932928860163]]	[[0.07322107410752447, -0.5709222731580134, 0.21924170796621262, 1.208839005365653, -2.8989585633874615, -0.00084016349276409]]
[[-0.4201499171909558, -0.1926491880570419, -0.12384207332446708, -0.00854011075033934, 0.004650855493898022, -0.018688589162680534]]	[[0.07322382709708011, -0.5709105734779071, 0.219188557133974, 1.2088734378895967, -2.898945718271991, -0.0008958160433065352]]
[[0.17372237074574734, -0.22815261418246943, -0.12337519860571741, -0.011951587233933053, -0.011289888975133163, -0.02703312339929773]]	[[0.07320723481387546, -0.5709200480084613, 0.2191906250373461, 1.2088440442682455, -2.898970836876156, -0.0008942088397076353]]
[[-0.23189166916524023, -0.16882140972113657, 0.0902607025305203, -0.006939477814200015, -0.0037790899124770213, -0.02014682759790647]]	[[0.07320723481387546, -0.5709200480084613, 0.2191906250373461, 1.2088440442682455, -2.898970836876156, -0.0008942088397076353]]
[[-0.3734232069937171, 0.060866176899205454, 0.1740875987454804, -0.003987048249108324, -0.0010744932313407748, -0.018758109515242555]]	[[0.07321706368762904, -0.5709081549800593, 0.2191610266049117, 1.2089132830390505, -2.8989421623754565, -0.0008943864358850999]]
[[-0.2954128365297286, 0.14936805856499302, 0.11123495696494501, -0.0011070019049550012, -0.004117841417751244, -0.023592178814008262]]	[[0.07321797378702567, -0.5709052465607282, 0.21911792840974653, 1.2089473367121226, -2.8988776508398284, -0.0009714909398258424]]
[[0.10359661782758767, 0.3248235947434547, 0.1112710783492412, -0.0018694778519401812, -0.009806787123963935, -0.0206769988881689]]	[[0.07321009004433178, -0.5709119690659856, 0.21907048407637952, 1.2089083205178475, -2.898932592583214, -0.0009325007618525223]]
[[-0.32906806837337776, 0.322012930946263, 0.10771328443892866, -0.011006896653901161, 0.001385677233025612, -0.014079892681407285]]	[[0.07319737132507806, -0.5709039646649005, 0.2190505991964451, 1.2088484146746348, -2.8989325556271144, -0.000988643637786684]]
[[-0.13532291420071377, 0.10893606623418632, 0.045534555890291865, -0.010006368418333193, -0.0012006738614831949, -0.02166104401949034]]	[[0.07319414128738329, -0.5709048783488919, 0.21902880138056263, 1.2087746302056634, -2.8990030839983505, -0.0010065186429261506]]
[[-0.06877827962370126, 0.16162727437391522, 0.16654704295036143, -0.006612143557053115, -0.003352630951044488, -0.015477782751762563]]	[[0.07320826848241578, -0.5709106256995706, 0.21900551365131166, 1.208818191689447, -2.898957868789354, -0.0009701317867561218]]
[[0.051018445218137205, 0.14026506583436993, 0.04102261769454909, -0.0017599150710573635, -0.005225092581185165, -0.02325780720467265]]	[[0.0732253148511982, -0.5708955093938931, 0.2189746517906972, 1.2089273387847375, -2.8989276230513013, -0.0010458371138977796]]
[[0.1460244855503434, 0.10822317818245007, -0.06693579382019428, 0.0019964348407807866, 0.00012683114890503218, -0.016601068540258276]]	[[0.07322157953430548, -0.570892477102089, 0.21893136287279663, 1.208952542911116, -2.8988926243249753, -0.0011218276023354516]]
[[0.17517240440541312, -0.12906329733382468, 0.1729779063339122, -0.003806402919295516, 0.003334067142143467, -0.0247511866939847]]	[[0.07321300075253293, -0.5709077197120024, 0.21887973322384438, 1.2088324213077115, -2.8989436981649623, -0.0011584732825811763]]
[[0.17517240440541312, -0.12906329733382468, 0.1729779063339122, -0.003806402919295516, 0.003334067142143467, -0.0247511866939847]]	[[0.07321300075253293, -0.5709077197120024, 0.21887973322384438, 1.2088324213077115, -2.8989436981649623, -0.0011584732825811763]]
[[-0.41118037536293167, 0.1459217822970395, 0.19590423451671693, 0.001570737264906314, 0.011009294526968652, -0.021603488455884255]]	[[0.07321176147258977, -0.5709077546238509, 0.2188785451111689, 1.208879416442957, -2.8989103999394943, -0.0011210191628747198]]
[[0.24665296949977056, 0.44440568436053557, 0.1844067621873711, 0.003392661256772244, -0.006964964371560062, -0.02075309822800425]]	[[0.07321032534741113, -0.5708936714187554, 0.21884667003916192, 1.20887686543957, -2.898952928990216, -0.0012131906906788837]]
[[0.2006685892031631, 0.08255803252278136, 0.1566423900303069, -0.007306815212698003, -0.008445006915538126, -0.023478013839067124]]	[[0.07322257386871751, -0.5708985046791006, 0.21881400259101036, 1.2088627134636487, -2.8989190499147326, -0.0011778459059156342]]
[[-0.2547394271596515, 0.09991526759972495, 0.13806300075988293, -0.005254735830253606, 0.0058711276954427445, -0.022198233401320017]]	[[0.07323365875596823, -0.5709055948486268, 0.21881562618179662, 1.2089354219478683, -2.8988991921869074, -0.0010643299913047934]]
[[0.1176363931888742, -0.06724942666565363, 0.1582362934562528, -0.00743226601539705, -0.006570709658544987, -0.01799844605336161]]	[[0.07321938552923064, -0.5709056082604521, 0.218782820014657, 1.2089186062026152, -2.8989075873595973, -0.0011201030332683541]]
[[-0.4138290653662698, -0.03127007845158483, 0.24297686302812152, -0.0026499646560879673, 0.0075230566174166544, -0.021117085553692686]]	[[0.07320150942793371, -0.5708993269290368, 0.2187559103760297, 1.2088106155818397, -2.8989402689414847, -0.0011391175205132304]]
[[-0.239269581140505, -0.020113800255470854, 0.14646846908216654, 0.001776977248128225, 0.00395991761122097, -0.022095851911924057]]	[[0.0732014977120102, -0.5709116016641866, 0.21871764353699114, 1.2088880313423986, -2.898933968571038, -0.0011373780728314937]]
[[-0.33286995787525075, 0.19566837088967215, 0.25399938446859954, 0.0024199513399595345, 0.003587176825761102, -0.024865283586260736]]	[[0.07321141210430024, -0.5709155225334938, 0.2187012196221954, 1.208824277543056, -2.8989740068630407, -0.0011363327874811297]]
[[-0.2861747109278938, -0.18012242591272137, 0.15959531921239367, -0.013479519720917191, -0.002053760353523758, -0.016744997724570984]]	[[0.07319975973462571, -0.5709171612833873, 0.21867707883513354, 1.2088927309577178, -2.89889468621337, -0.0011957024725358228]]
[[-0.37220152238466697, -0.08443638161127703, 0.26735104241052804, -0.015985373510670236, 0.0038136740118252374, -0.024915063295820643]]	[[0.07319952181909395, -0.570906349441962, 0.2186408319703394, 1.2089066650380667, -2.898928241636474, -0.0012131483033567853]]
[[-0.2507140716661315, 0.06471669172342295, 0.11005106261271828, -0.007260512114779929, -0.00661077110006948, -0.022714804436411436]]	[[0.073207610700139, -0.570912261601247, 0.2186174678312608, 1.2088844674495, -2.8989238651158535, -0.0011761182553713001]]
[[-0.5053715872456626, 0.020231888293268163, 0.08116164872790578, -0.004737985052561358, 0.00427827354773132, -0.016584403417255356]]	[[0.07320095895970195, -0.5709169236760475, 0.21858309864767345, 1.2088625853089625, -2.8989201993776628, -0.0011743833235597543]]
[[0.04329036854023566, -0.21893295912507993, 0.08292397727337969, -0.007728983113376614, -0.003250538762374633, -0.0220993675066857]]	[[0.07318537124762674, -0.5709093714393741, 0.21856535972179364, 1.2087732397084674, -2.8990488395517513, -0.0011882608537648993]]
[[0.03149707099504889, -0.07072360858833053, 0.1680747301795298, 0.0031978081387587145, -0.0068611435179836665, -0.021032264492900098]]	[[0.07321261602772638, -0.570916710876638, 0.2185444983198585, 1.2089046158412833, -2.8988770448827452, -0.0011755772798892723]]
[[-0.27938300699727237, -0.6552898486333112, 0.06227631806318996, -0.013098446604319608, 0.003849107427662122, -0.018104636721604735]]	[[0.07319906344021158, -0.5709118369592726, 0.21852154371762236, 1.2088282304134759, -2.898935230099455, -0.0011919426011291717]]
[[0.14436970293019227, -0.050464582152642316, 0.17132841001909146, -0.00016969829929876137, -0.008620149961819524, -0.02436582335059185]]	[[0.0732115029968696, -0.5709226011862525, 0.2184977545072675, 1.2088315176966504, -2.898945602704314, -0.0011337811678363303]]
[[0.137573838639963, 0.19907219615526753, 0.2601884315221666, -0.00014001346719358853, -0.00568677956870432, -0.02433003489774442]]	[[0.07322002251473118, -0.5709262772867811, 0.2184794822679145, 1.2089175909621521, -2.8989090266187083, -0.0010976832764293197]]
[[-0.030796020566891416, -0.19786203982840828, 0.10508212178926297, -0.00846845624198518, -0.0021790456576626692, -0.022585588319748835]]	[[0.0731992321607813, -0.5709184196584688, 0.21843710908022168, 1.2087760588048277, -2.899009499250644, -0.0011878753544277488]]
[[-0.3521074613648934, -0.3983906103679958, 0.1917050428576453, -0.012859507664613906, 0.007229341505695522, -0.016794956653035327]]	[[0.07320218064625379, -0.5709261755474832, 0.2184372492511611, 1.2088446304872982, -2.8989776886613874, -0.0010381112267937368]]
[[0.7821352907579534, 0.15237488429201917, 0.019950261963061714, 0.002234204768772589, -0.01723427408583074, -0.02403076150338128]]	[[0.07321482412326058, -0.5709191146436337, 0.21839042822699578, 1.2089087096727227, -2.8988877485670286, -0.001114962554040888]]
[[-0.04555453066554005, 0.2209843388287702, 0.10797184739983981, 0.0015280749337597444, -0.009054804663742064, -0.024470844999624108]]	[[0.07320775990434542, -0.5709281655316022, 0.21837758701737406, 1.208818171410411, -2.8989630380929152, -0.001056340570570986]]
[[-0.4434936582562702, 0.15402692742778512, 0.16417901129750218, 0.0025032593947179873, 0.004600011607076416, -0.016320356438428624]]	[[0.0732388899655515, -0.5709281865066334, 0.21834399748022476, 1.2088963879809835, -2.8989564826274474, -0.0010357991328465938]]
[[-0.03453985185781984, 0.16048315991488088, 0.1840224876875906, -0.002439117778808721, -0.005280990883584822, -0.021558887007562352]]	[[0.07323483052215561, -0.5709276154868819, 0.2183257855239934, 1.208882548952446, -2.8989230870610574, -0.0010365110010913195]]
[[-0.3525642974876958, -0.18602910344371243, 0.30474772715523724, -0.014489679581772651, 0.005900078251960878, -0.01657279827928101]]	[[0.07323750438586903, -0.5709156958549727, 0.2182879053581191, 1.2089355153792338, -2.8989020888402135, -0.0010759884202182755]]
[[-0.07610016449771867, 0.27068969455643827, 0.06745099565105682, -0.0015072408350660662, -0.003435651304866536, -0.01858381824566619]]	[[0.07322579995554995, -0.5709346399752164, 0.2182701590448191, 1.2088747786850458, -2.898951754867304, -0.000980082638689679]]
[[-0.2687188742515735, -0.10496492366551412, 0.2176573384837637, -0.006759511031916593, 0.0013810731352867467, -0.020669208659348622]]	[[0.07324942948496023, -0.5709405982054393, 0.218257344113369, 1.2089951560704748, -2.898900248339917, -0.0009235831375252603]]
[[0.24208682543189297, 0.18367896774576073, 0.21533216258756865, 0.004148139067175851, -0.010594554908998719, -0.02826317131850124]]	[[0.0732262273422189, -0.5709426186268658, 0.21823872784920134, 1.208915637234472, -2.898905980109392, -0.0008686916177135151]]
[[-0.6153721689926304, -0.1915988971955291, 0.2083165451408085, -0.004184051372186518, 0.01659346150037948, -0.019652756855877168]]	[[0.07319926892046, -0.5709441311026299, 0.21821270606356824, 1.2087991555186701, -2.898967301781141, -0.0008478703981902267]]
[[-0.3574561782745825, -0.16515407219349973, 0.2712239578888959, -0.011217492792318873, 0.008134228916122107, -0.01752599872931328]]	[[0.07320721705219972, -0.5709464093977955, 0.21817096024386978, 1.2088342328934825, -2.8989543840711414, -0.0009240244764642764]]
[[-0.11774267592675072, -0.23037122787578987, 0.2273601089737377, -0.011360051919560719, 0.0009630893442899961, -0.020010586345078976]]	[[0.07323061251750182, -0.5709419949476691, 0.21815923958838657, 1.2088725244919347, -2.8988981332952415, -0.0008509581991717437]]
[[-0.46379887595446845, 0.02463815174014386, 0.264903858261457, -0.0007411505145372634, 0.008481725404036286, -0.02123254073672389]]	[[0.07322875669474332, -0.570952649138648, 0.2181633563117168, 1.2089280769269661, -2.898885804344144, -0.0007561750754598545]]
[[-0.29924714815789366, -0.15822193379402888, 0.27923092393720644, -0.0008888594964719023, 0.007317214532983667, -0.021762582936361314]]	[[0.07322404932531486, -0.5709434347037152, 0.21812709034163333, 1.2088546693821303, -2.8989041521738192, -0.0007767649114172245]]
[[0.09418215939310019, -0.3110366241379664, 0.13974680847248253, -0.003001575213037057, -0.003009351327365708, -0.019421181766091665]]	[[0.0732485322893574, -0.5709516576531188, 0.2181023282236002, 1.2090097663642259, -2.8988387427498266, -0.0007386096460976981]]
[[0.0904294369959911, -0.34186453376976966, 0.09872504121426079, 0.0015167668992596404, 0.0028400239800648866, -0.019001847771851953]]	[[0.07324931850649002, -0.5709604400535566, 0.21809588721928186, 1.2088963466346612, -2.898858734787416, -0.000665302384527244]]
[[-0.0049396414625901275, -0.5353025492267545, 0.1165736929713404, -0.0039984382858771995, 0.005035785382946497, -0.020173254361855113]]	[[0.07323015528028745, -0.5709596793104361, 0.21806143918814314, 1.2088710605163662, -2.898895605286283, -0.0006844161566633152]]
[[-0.47810935956560086, -0.3870235946402093, 0.09966716028945623, 0.0034600263993183836, 0.01779428197246848, -0.016327019552952262]]	[[0.0732169616493097, -0.5709557543568821, 0.21803952234542362, 1.2088456839916872, -2.8989321503250123, -0.0006834899140338744]]
[[-0.0011437577850572922, -0.40229879160623505, -0.01801590419794764, 0.006056262546238779, 0.002297654984644368, -0.020562161136414066]]	[[0.07323032667907796, -0.5709601039053953, 0.21801473407539834, 1.2089047994489674, -2.898881411485293, -0.0006672968168670994]]
[[-0.2859604208695784, -0.5184654608440913, 0.12259159515617526, 0.0019637360251920444, 0.007857002460135744, -0.02113373761179441]]	[[0.07321146093840479, -0.5709642335102932, 0.21800133432472898, 1.2088055234747352, -2.8989353834392184, -0.0006482560778525853]]
[[0.036601961703800034, -0.6041123908587814, 0.11746618115939367, -0.002611776674787353, 0.0010925982916484417, -0.024888515375951555]]	[[0.07323443851237203, -0.5709574171655679, 0.21796706119069348, 1.2088725807471703, -2.898948597792705, -0.0007217846056295439]]
[[0.18281932273188659, -0.18489107435847676, -0.07148111913444445, 0.002948058314323028, -0.003531663776571127, -0.02437884502691774]]	[[0.07321870423363272, -0.5709603362083399, 0.21794304954632107, 1.2088455670636846, -2.8989324483594627, -0.0006668069833424076]]
[[-0.16628943273943492, -0.34041615103750067, -0.0024086045818533003, 0.003203971038441771, 0.007406749175854677, -0.019654458984645313]]	[[0.0732341974901155, -0.570963573584641, 0.217941344820622, 1.2088969066397712, -2.8989098070226516, -0.0006102910159062998]]
[[-0.12212009486484793, -0.8365797858647972, 0.011320707444642456, -0.010020266199557365, 0.005951434256424496, -0.02178129021045869]]	[[0.07322934721782356, -0.5709573907702078, 0.2179167918881696, 1.2088356357035577, -2.8989105033656037, -0.0006493682225065057]]
[[-0.051252047328427114, -0.4734527203965645, -0.0013568641873214046, -2.125612638190699e-05, 0.006473712540423508, -0.01934126045079388]]	[[0.07321648548328123, -0.5709645954432685, 0.21787010903295867, 1.2088323062222213, -2.898900819694213, -0.0007245587618168612]]
[[-0.6006521008047665, -0.4400518831460824, 0.04434627953969434, 0.00222058004433647, 0.015152194636013375, -0.01650956693322798]]	[[0.07325471946935176, -0.5709578614025046, 0.2178604039138729, 1.208936511930636, -2.8989078515968045, -0.0006668951407613627]]
[[-0.3097527493652066, -0.4168010772294967, 0.11286576845934347, -0.0002275310978295162, 0.0036808601852157904, -0.02188820919071505]]	[[0.07322216062711526, -0.5709695095925957, 0.21785281291596287, 1.2088789200658496, -2.8989177849350134, -0.0006116928488153298]]
[[-0.14567847325835395, -0.06997035346753584, 0.17992982758700435, 0.0023751908181390367, -6.927421486984894e-05, -0.021611957643731437]]	[[0.07324801209637914, -0.5709534838844162, 0.21782090746161956, 1.2089186505497833, -2.8988647254359106, -0.000708043682336478]]
[[-0.3017636015802415, -0.4452489803281896, 0.1521588268975028, -0.012801815726821625, 0.00339935578525951, -0.017565820086485568]]	[[0.07321583135363426, -0.5709526149761551, 0.21778450278766287, 1.2088459836702303, -2.898933954749437, -0.0007053120634031567]]
[[-0.10212702667061596, -0.5320662889621299, 0.1937236900794233, -0.01665417670309291, -0.0028543035143319033, -0.01615027947995107]]	[[0.07321651630202677, -0.5709544766681751, 0.2177560731873472, 1.2088635492274888, -2.898927603766097, -0.0007439520618580074]]
[[-0.8210603383111255, -0.6097726102183268, 0.2214448085970504, -0.013672541454042444, 0.01295904726604439, -0.008352349545625389]]	[[0.07323660790676331, -0.5709407138497637, 0.21773610048880124, 1.2089125066717457, -2.8989477541430095, -0.0007974623273108372]]
[[-0.19255769317767588, -0.2427218715575345, 0.1613486010958976, -0.002639249039675189, 0.0022130415700665797, -0.023045532742390764]]	[[0.0732031724700701, -0.570954312244794, 0.21770735655097184, 1.2088330233624356, -2.898953882588639, -0.0007608415599214631]]
[[0.05369911959226401, -0.11146137053067418, 0.11604380957366735, 0.0037300131057564183, -0.001100689630104852, -0.016169492246076]]	[[0.07321439239160135, -0.5709454194099799, 0.21768271364903785, 1.2088513755706622, -2.8989472098184215, -0.0007995478211138668]]
[[-0.367340454671074, -0.009873640388765842, 0.15820537637278737, 0.005801866344123285, 0.010232122965457358, -0.013516355791400172]]	[[0.07322536298098925, -0.5709467996048224, 0.2176546089296752, 1.2088898171750788, -2.8988934081568676, -0.0008396199495571401]]
[[0.005799083270049715, -0.45154560987981207, 0.021658020022844275, -0.010263746153195492, -0.002028226148687133, -0.013668155527065243]]	[[0.0732063072377351, -0.5709503811894568, 0.21763983359426844, 1.2088413961606148, -2.8989253670995274, -0.0007821465974689188]]
[[-0.016105163675232168, -0.2054421109055262, 0.07482572436586525, -0.01047344671835129, -0.0037763872689765845, -0.01591554647741021]]	[[0.07320868144548748, -0.5709500120788273, 0.21759480423233718, 1.2088676855547693, -2.8989420598239692, -0.0008554949986133072]]
[[-0.3928229777967538, -0.1399570772205146, 0.14704125259974013, -0.007267769736437095, 0.0021558634625494745, -0.017254311736834355]]	[[0.07320819513139383, -0.5709527495713131, 0.21757981112127844, 1.2088714926117976, -2.8988495630108524, -0.0008609855371563899]]
[[-0.2510363530332148, -0.06353856724957892, 0.22029661140151166, -0.0023123903056404024, 0.005727189526202254, -0.020318421350786015]]	[[0.07322665555913495, -0.5709591561200373, 0.21756144700302446, 1.2088684683621194, -2.8989405211790875, -0.0007998006444527045]]
[[-0.18819078968014588, -0.24331217913452705, 0.1565106302568375, -0.003527016582735471, 0.0031319950284521966, -0.013736418334080647]]	[[0.07322344738953006, -0.5709573486656485, 0.21751969088716505, 1.2088246063620445, -2.898934513381565, -0.0008555280468701028]]
[[-0.15490426508342034, -0.5094474936468856, 0.045709643489210895, -0.00907551747810226, 0.0058824677480605716, -0.020125018163002488]]	[[0.07321271836212843, -0.5709355150117359, 0.21747523986839673, 1.2088691285014879, -2.898892791341178, -0.0009712675675360394]]
[[0.044724412112545756, 0.22726394581959836, 0.18231019039467353, 0.016010358084812038, -0.009053188973975662, -0.014510516276374605]]	[[0.07322709670205771, -0.5709514001666814, 0.21749599204426034, 1.2089061845873508, -2.898886835892599, -0.000820039950560887]]
[[0.19700992410372567, 0.24386757551104588, -0.0737708832125872, 0.00850143319839524, -0.005090892860940555, -0.015979607291014032]]	[[0.07322602961206717, -0.5709506068118406, 0.21745095807951573, 1.2089304406459893, -2.8989436350236306, -0.0008921135621996292]]
[[-0.2447277077216017, -0.15886724983386077, 0.04794939215267981, -0.0017172244998311646, 0.006195899880705836, -0.0169987654360644]]	[[0.07321402128402932, -0.5709423727493773, 0.21740549638629722, 1.20886451135044, -2.8988821427112437, -0.0009719510182984112]]
[[-0.49982082597930166, -0.3841791714841014, 0.17763116986518393, -0.013730192873130974, 0.010584175886650156, -0.018406696314800988]]	[[0.07321937459012796, -0.570930889824842, 0.2173931984762052, 1.2089261577808486, -2.898883965327432, -0.0010455880235527837]]
[[-0.1945749706194487, 0.04256850611517178, 0.10430453386215745, -0.0091197048674012, -0.0003699168754592915, -0.01669642150217521]]	[[0.07322984555580309, -0.5709451364794068, 0.2173663115864406, 1.208909098730061, -2.8989412583736045, -0.0009479729702655965]]
[[0.0291999482965624, 0.049594360751332695, 0.02640755282499268, -0.0016425161005179456, -0.007124424558538985, -0.019415079066698173]]	[[0.07320353440593534, -0.5709499176361763, 0.21731381103919817, 1.2088344733396845, -2.8989099725612437, -0.0010618088538817264]]
[[-0.16038693369216317, -0.19488547009547386, 0.0134196499243842, -0.0023246681590208436, 0.00069595614690343, -0.015389459465332015]]	[[0.07323349796159488, -0.5709393953120789, 0.21731382176008535, 1.2089050075634014, -2.8989314371767003, -0.0010238920346054392]]
[[-0.3766184375465508, -0.03981648142257374, 0.17280560056426542, -0.0013794524535382718, 0.006880699004263647, -0.016478518377841412]]	[[0.0732285342632836, -0.5709362926434549, 0.2172694615973138, 1.208925540466609, -2.898885174825301, -0.001061823761642684]]
[[-0.3766248530569498, -0.03978679078983677, 0.17279845664163923, -0.0013786213877415164, 0.006880518393417233, -0.016478663340660046]]	[[0.07320848748271173, -0.5709432619636772, 0.21726634321374533, 1.2088176651251246, -2.898916443398962, -0.0010247254004616148]]
[[0.008847224736781685, -0.1011976062692809, 0.16134965834523768, -0.004867610890292688, 0.0005443102384166515, -0.018325402621751256]]	[[0.07321442682680739, -0.5709401206782787, 0.21721734548081184, 1.2089219582356607, -2.8988748323806965, -0.0010994939014437753]]
[[0.15353915515996153, 0.05965336107305159, 0.10502942603577126, -0.00861440548986294, -0.005602563584064618, -0.020661209804503422]]	[[0.07322593468110226, -0.5709450631298265, 0.2171797908439751, 1.2089311393280904, -2.898897359831592, -0.0011160370818210765]]
[[0.0874113989710743, 0.019375471058620364, -0.06688642972628506, -0.014258661271854208, -0.00943456357802983, -0.021526470958142755]]	[[0.07321000090960354, -0.5709540711851885, 0.2171857734697124, 1.208808436757796, -2.898894805482108, -0.0010239540115701176]]
[[-0.6800473982587658, -0.15738574880120004, 0.2934019479205409, -0.0024968053451698783, 0.007185251295082609, -0.014241857197323753]]	[[0.07323153108047778, -0.5709375080081717, 0.21714724928480306, 1.2089873145335401, -2.8988862249336447, -0.0010773496645554903]]
[[0.2816309490495612, 0.2966123001028441, 0.17104552008468363, 0.0032035445426643423, -0.011280694584691008, -0.02159319712126359]]	[[0.07322542699488095, -0.5709435903830418, 0.21712155203576458, 1.2088785879024864, -2.898917537337836, -0.0010211326159377918]]
[[-0.4121894519747311, -0.2808167286556934, 0.13949806227466602, -0.007693931631306506, 0.006575034038898464, -0.0160648742163588]]	[[0.07320820568997297, -0.5709391226822389, 0.21709821525742012, 1.2088401360425383, -2.8989224253590162, -0.0010967791974370296]]
[[-0.4121874597848388, -0.2808146508706619, 0.1395081310999877, -0.007693857148746435, 0.006574144101882822, -0.01606527409195638]]	[[0.07322625944887289, -0.5709458027165862, 0.21707766740836426, 1.208861272980003, -2.8989249246521824, -0.0010189635242499975]]
[[-0.43324649170083096, -0.14773373838407444, 0.13438758239509363, -0.011833741067604507, 0.006466012405180991, -0.01137018140720306]]	[[0.07321694666829111, -0.5709433780174212, 0.2170414633453317, 1.20890891987837, -2.8988932329314303, -0.0010599172722280657]]
[[-0.044938019633760734, 0.3716931870620781, 0.18134121586282426, -0.0003665443838576487, -0.010214693605233863, -0.024273151923451707]]	[[0.07320857740735298, -0.5709434623094841, 0.2170169995950021, 1.2088526691080599, -2.898904258358448, -0.0010768827280476351]]
[[-0.09552327231468218, 0.32082855553391676, 0.28093691240553686, -0.0023170942241310262, -0.0033148884532950202, -0.02124847204791481]]	[[0.07321886255967153, -0.570938296859628, 0.21699722296977586, 1.2089224765202888, -2.8989260943190165, -0.0010367558404085608]]
[[0.09211119026118698, 0.20099094295784253, 0.31289736503089904, -0.005062629548735543, -0.002471333478020562, -0.022284138744051243]]	[[0.073220385817502, -0.5709423684614702, 0.21697150565539206, 1.2089397117610867, -2.898919016752137, -0.0010362889076563943]]
[[-0.37415246380350375, 0.24817522105436624, 0.2234606231590397, -0.0022632097890301897, 0.017002219163142908, -0.0142754890530686]]	[[0.07321478226900958, -0.5709408658397407, 0.21695845746168607, 1.2088692346921186, -2.89889561670607, -0.000981711368225738]]
[[0.07697573261950641, 0.06291976055299398, 0.13934747280131632, -0.0015153540651908172, 0.013447800011115525, -0.021134237960985406]]	[[0.07323048339214064, -0.5709501428746653, 0.2169491661455336, 1.2089203269798772, -2.8989235291530555, -0.0008666406985902076]]
[[-0.27917674614073296, -0.09052901940637989, 0.1591090062049915, -0.0026201316931333332, 0.022097723847785945, -0.019703314187214722]]	[[0.07322285668251435, -0.57094333684283, 0.21690774020070835, 1.2088336593024753, -2.898909881219663, -0.0009442478457601932]]
[[0.05903564104317105, -0.1842977676022518, 0.08722878147310209, -0.005150168001313657, 0.015135713247021104, -0.017323264548386168]]	[[0.0732148898718301, -0.5709342859634777, 0.21687953585764128, 1.208808863409301, -2.898945807059528, -0.0009236609311061494]]
[[0.5705619106193921, 0.10069377645015506, -0.17350779457059426, 0.0005118165855701341, 0.008476111013303134, -0.02822218131986393]]	[[0.07322592840269286, -0.5709480475080735, 0.21685787815879842, 1.2089589371909295, -2.898868378224602, -0.0008304721881753401]]
[[0.16902600470098172, -0.1691631318110064, -0.12019154947263089, -0.0041320268959435, 0.020290225792105064, -0.024025339125615733]]	[[0.07322189369642697, -0.5709495502586245, 0.21682865794658607, 1.2088982318392898, -2.898919644394658, -0.0008289571832126137]]
[[0.30477345587860394, -0.30460451115698206, -0.12426874260448831, -0.0023202461616254697, 0.02660726526829306, -0.014454067525134633]]	[[0.07321679531056875, -0.5709427369122387, 0.2167961830417779, 1.2088897973790387, -2.8988991762030496, -0.0009062243751129048]]
[[0.5451610004670067, -0.23356623912785227, -0.3082736277539925, 9.785549637215604e-05, 0.030364749074173407, -0.014638728154896113]]	[[0.07321221663676657, -0.5709527989432475, 0.2167805966014106, 1.2088492829229505, -2.8988977056641385, -0.0006631208107828706]]
[[0.39158537290867795, -0.3203325038644233, -0.21076015666484962, 0.006747571210570274, 0.04067650662353084, -0.02082401745723576]]	[[0.07321221663676657, -0.5709527989432475, 0.2167805966014106, 1.2088492829229505, -2.8988977056641385, -0.0006631208107828706]]
[[0.340215644482313, -0.4582881880483907, -0.18603086533905294, 0.000768510848752707, 0.0428644664259947, -0.021729872632810995]]	[[0.07320753076593509, -0.5709567499976202, 0.21674692149817665, 1.2088361400446244, -2.89891708607254, -0.000700965594533748]]
[[0.5318315199030685, -0.33522244842510124, -0.5116122399503632, 0.0030780901168535393, 0.039051763521135416, -0.0232208317728336]]	[[0.07321156479711491, -0.5709675689374984, 0.21673002473818154, 1.2089049460398162, -2.89888790653133, -0.000681911107862312]]
[[0.9215301586020498, -0.017347164160323836, -0.43929759213155706, 0.01015206106225365, 0.03363484825068168, -0.02506258841696587]]	[[0.07322443328716244, -0.5709664451190681, 0.21669108505783735, 1.2088831201711177, -2.8988843249425202, -0.000684344970611105]]
[[0.33743900687783673, -0.4323185825728677, -0.3087993936531253, 0.007558497433613746, 0.058180668793240714, -0.02184229143078166]]	[[0.07321396934820644, -0.5709608830677471, 0.2166590637728788, 1.2088615516364296, -2.898881126476249, -0.0007030940273181893]]
[[0.4103622966021753, -0.39798184689989335, -0.45796911535763357, 0.007217668122781264, 0.06275212335209694, -0.014977897433315523]]	[[0.0732165255732523, -0.5709588833032113, 0.21665462948082925, 1.2088645756470853, -2.8988394963245256, -0.000651322867827943]]
[[0.6920098573805814, -0.25991626536368123, -0.4921577238817207, 0.0077270577892032954, 0.05836071252640257, -0.02164548334098472]]	[[0.07323027149630382, -0.5709594800689846, 0.21663577129366948, 1.2088355307684087, -2.8989163343030877, -0.0006294181453714345]]
[[0.7126427757173318, -0.5271733531749233, -0.46299361942476147, 0.0003857586820875808, 0.060691583872380356, -0.019171923209514205]]	[[0.07321719028747914, -0.5709572883039917, 0.21659941470176441, 1.20890469946339, -2.8988367746316404, -0.0006881392920906524]]
[[0.7609422181023136, -0.28535970915547626, -0.4248623784227255, 0.004866280306282271, 0.06378889973944743, -0.016187837400054448]]	[[0.07322228770191708, -0.5709518576715955, 0.21655492465550807, 1.208905050514674, -2.898837684782112, -0.00072590981452394]]
[[0.8461874323294205, -0.3005258032025219, -0.5258332428470205, 0.0003743277946219037, 0.06393703160880701, -0.01858316156402896]]	[[0.07322272302980788, -0.5709584151429539, 0.2165178374735593, 1.2088881538115934, -2.898897071079799, -0.0007246654287034619]]
[[0.9198718694561174, -0.10922250376461584, -0.611622333214118, 0.0019852550446895836, 0.0713668754610707, -0.02303737774851449]]	[[0.0731950892771168, -0.570950815928392, 0.2164940696083255, 1.2088346297575705, -2.8988164863797383, -0.0007860936074141791]]
[[0.6157097677074369, 0.05456091790766637, -0.47617038741793977, 0.0035209716381799164, 0.08460882222762267, -0.018417606972741]]	[[0.0731950892771168, -0.570950815928392, 0.2164940696083255, 1.2088346297575705, -2.8988164863797383, -0.0007860936074141791]]
[[0.45238567430595444, -0.22679073798510274, -0.5018731773030983, -0.0075629188324028845, 0.09148873476752613, -0.015562842278604347]]	[[0.07322075324519021, -0.5709511644252179, 0.2164683626429984, 1.2088664074444269, -2.8988425751298994, -0.000784111429672262]]
[[0.9776384455234947, 0.12060679389790196, -0.49622198980188936, 0.0022582622800754945, 0.07600753894508677, -0.019576114011227063]]	[[0.07319901060638444, -0.5709545848624821, 0.2164233032071543, 1.2087751720482773, -2.89886903755223, -0.0008595844730184954]]
[[1.1202143665052762, -0.42102853659640793, -0.6218761153812343, -0.008453075200607611, 0.07514624879811738, -0.019309913126927713]]	[[0.07320552327486657, -0.5709382782104429, 0.21640484912088487, 1.2088983381531995, -2.8988706392176735, -0.0008570308093771601]]
[[1.2222860394853003, 0.17343157279481458, -0.7029040004948507, 0.010713787773109239, 0.07671996380064472, -0.024011563156998095]]	[[0.07320418753859646, -0.5709449948915456, 0.21640409217032935, 1.2088669924193935, -2.8988440405101046, -0.0008400643837356592]]
[[0.9571559768833936, -0.2623835544342782, -0.586826164583544, -0.0016868996476370815, 0.08398318966987484, -0.027769407872438187]]	[[0.07318523133911775, -0.5709453531597082, 0.21634761781731843, 1.2087546600064396, -2.898917478345996, -0.0008373081281520796]]
[[1.3447415384005308, -0.13992676631758394, -0.6797968347632667, 0.0021878336680584073, 0.07540407943483576, -0.02472120599536758]]	[[0.07320537974041394, -0.5709509329778584, 0.2163202425891344, 1.2088539419617044, -2.89891490120802, -0.0008348343442097683]]
[[1.0757889313759332, 0.11538821898005175, -0.6408126173935559, 0.004482570359440614, 0.07949639472152506, -0.020610029557741074]]	[[0.07319897149577319, -0.5709405240966697, 0.21629672669811612, 1.208793678117587, -2.8989140223206684, -0.0008198334643847668]]
[[0.726667423736727, -0.10822132099180254, -0.6906240985252964, -0.0028621765499263555, 0.08846885951344682, -0.013978241901077023]]	[[0.07320046808804588, -0.5709385074274704, 0.21625521792020147, 1.208862677110163, -2.89883411957721, -0.0008769508051182933]]
[[1.0424576926623126, 0.275017589484491, -0.8198998081175142, 0.009311160254422808, 0.08271102004190126, -0.02183064256807317]]	[[0.07319755393002521, -0.5709436466640767, 0.21623842111788605, 1.2088712396213446, -2.898856974592624, -0.0008765667376368723]]
[[0.7886904208906209, -0.25816060401854646, -0.8215650814219105, 0.005933340318627127, 0.09339383139400373, -0.016067188229241164]]	[[0.07320590372797822, -0.5709270769778966, 0.21619607729836726, 1.208837978906104, -2.898872319094731, -0.0009332053267579184]]
[[0.9900206949722541, -0.1758765092008901, -0.8174956928425021, 0.010590422364967225, 0.08935169668526595, -0.018540672247816636]]	[[0.07320053564410305, -0.5709248958330301, 0.21618564290317818, 1.208916574096918, -2.8988663721280097, -0.0009510002664088816]]
[[1.0295077670626365, -0.29379788533138745, -0.6697873609740072, 0.007519084670893475, 0.08912407887238873, -0.018934515896526546]]	[[0.07320521906307789, -0.5709183943008673, 0.21614813881298478, 1.2089510822181362, -2.8988537791922373, -0.0010247135635808825]]
[[1.0667441546475986, -0.08642149235256025, -0.8971976432576344, 0.0062698472613372455, 0.09095281365637997, -0.01666892332286749]]	[[0.07320280013712245, -0.5709257463992408, 0.21611655296098947, 1.2088294532956394, -2.898851985670532, -0.0010290076926711173]]
[[1.2978998208687729, 0.04064457910208441, -0.9670009379017102, 0.009376056120178597, 0.083853000919179, -0.028333403448477477]]	[[0.07318700694430198, -0.5709223172963271, 0.2161079968142632, 1.208810805733963, -2.898857805729159, -0.0009341601019976389]]
[[1.0336168530418348, 0.05819935404385107, -1.0405137276380803, 0.01054745028178141, 0.0929808040797426, -0.023317744854010725]]	[[0.07319078722670032, -0.5709255861455348, 0.21607586562562842, 1.2088552054158803, -2.898867385819581, -0.0010076830313886919]]
[[0.6555710673104578, -0.491119607052444, -0.9601748021508664, -0.0029759162196795544, 0.10365520988336688, -0.01947064379988381]]	[[0.07319975774371673, -0.5709140232470004, 0.21604657090470558, 1.2088341664983402, -2.8988634123374517, -0.0010077752094870848]]
[[1.2504175012846654, -0.15652278181944956, -1.0242678188684933, 0.006448429620762079, 0.0940099200639922, -0.018308699838380606]]	[[0.07318230659978109, -0.5709219215936824, 0.21603802095311742, 1.2088031227054894, -2.8988884892168967, -0.00096921309882133]]
[[1.1003058095444551, -0.47140136937324745, -1.0789763690697949, 0.00044968519497044085, 0.09702290845886569, -0.02089101629340134]]	[[0.07319722549470062, -0.5709072733461998, 0.21599172359224647, 1.2089210801795267, -2.8988286861021684, -0.0010631827700416218]]
[[0.7725016502304753, -0.4410529748410116, -1.0646556089090384, 0.0017648114116611616, 0.10935919084105586, -0.01666549303186942]]	[[0.07319087765442915, -0.5709093142934456, 0.21597683646578847, 1.2088508246841347, -2.8988568504469834, -0.0010073104765364641]]
[[1.0609243016180387, -0.11170739296181786, -1.139839829801622, 0.012662224185243952, 0.10039144955693738, -0.015246121190870538]]	[[0.07318672410816017, -0.5709234531515799, 0.21595685764531497, 1.208748126039202, -2.8989518595781973, -0.001004839608819966]]
[[1.5405228822080814, -0.024082863453539494, -1.2527014663892844, 0.020901049033335513, 0.09065898672165967, -0.026225411861766152]]	[[0.07318702313656943, -0.5709188295712636, 0.2159414605278489, 1.2088326195782233, -2.8988641956469112, -0.0009887866442258014]]
[[1.3668266773643567, -0.33811581832992277, -1.2548902698481261, 0.016800746382473364, 0.10409238521277611, -0.020162910946739547]]	[[0.07318980442558663, -0.5709100236293532, 0.215877330838099, 1.2088302319521975, -2.8988545173178877, -0.0011011855004686225]]
[[1.0613859204511435, -0.28712047775983196, -1.3376284556890756, 0.018861019420828677, 0.11597806546200717, -0.017897169527208743]]	[[0.073186909487722, -0.5709150803273316, 0.215890013708078, 1.2088206692844288, -2.898882472050831, -0.0009872182001275205]]
[[1.2551067703026295, -0.18831031504733475, -1.402035819466221, 0.019184057317973548, 0.10649055140855378, -0.020766299884711507]]	[[0.07318116890482364, -0.570910055272236, 0.2158591166375377, 1.2088418785004205, -2.8988357588365816, -0.001044172074558265]]
[[1.302636040924716, -0.6216572350997959, -1.616590695351927, 0.0098230098872098, 0.10796495508205206, -0.02325725796382852]]	[[0.07317897788604796, -0.5709109781608106, 0.21582844620872826, 1.208832913790678, -2.898814241355861, -0.0010642751772433133]]
[[1.1627431410107019, -0.7577733696256617, -1.4999522442970694, 0.010049099435401866, 0.10887677041070791, -0.01502241266490838]]	[[0.07320574311731787, -0.5709143855515001, 0.21581435499456475, 1.2088641730945513, -2.8988391464347223, -0.0010247137940495295]]
[[1.3647240974534605, -0.291982779537616, -1.6624497337183395, 0.026277397502270296, 0.11347853386026749, -0.014626217345318514]]	[[0.07320574311731787, -0.5709143855515001, 0.21581435499456475, 1.2088641730945513, -2.8988391464347223, -0.0010247137940495295]]
[[1.3703863094875666, -0.400921669227656, -1.510467224945173, 0.02347715791275392, 0.11815800115077253, -0.015306832059832642]]	[[0.07320128409403724, -0.5709111157920475, 0.21576449014552262, 1.208896509920452, -2.898866495190402, -0.0010598121642911016]]
[[1.3416442332975098, -0.40359133160472516, -1.7064733274592594, 0.019006795965423116, 0.11700139741831293, -0.018363608489403358]]	[[0.07318867054907743, -0.5709162054044223, 0.2157518814802809, 1.2088432160770757, -2.8988867613121836, -0.0009658844880644022]]
[[1.4295765484273022, 0.1115502826151854, -1.8009339923501513, 0.02358018301306946, 0.12000357595035169, -0.011614125765753448]]	[[0.07319920707394766, -0.570919258164846, 0.21573961461934213, 1.2087911055664808, -2.8988550318898523, -0.000930233254015927]]
[[1.0093968802665934, -0.5052235343035212, -1.6810159803887843, 0.010656105848526554, 0.12407729221897595, -0.0039137725457595906]]	[[0.07319512740505478, -0.5709117441505193, 0.21570623688171336, 1.2088747062958847, -2.898808267852192, -0.0009673550454529724]]
[[1.0943334485281953, -0.5353624164778519, -1.6694976116097997, 0.01645940106521248, 0.12088472775681441, 0.008743230453820474]]	[[0.07317705366918836, -0.5709300899232286, 0.21569497161061368, 1.2088204690070936, -2.898867720702872, -0.0008530871492370443]]
[[1.5384997058252092, -0.40818731168471356, -1.876422262023084, 0.020745586726763986, 0.11267102714797814, 0.00395466640561295]]	[[0.07319762666258044, -0.5709115894110379, 0.2156671109296306, 1.2089214003515367, -2.89881363182586, -0.0009107633256885427]]
[[1.379332475319246, -0.19187489227555166, -1.8798824031825236, 0.024826528084416072, 0.11695152633026308, 0.01912797157963547]]	[[0.07317969304725083, -0.570918067748161, 0.21563397772117043, 1.2089411496177658, -2.8988185574361833, -0.0008895932401995371]]
[[1.395302646846437, -0.3677272489591521, -1.790021047797884, 0.021784785875789428, 0.12230074588669029, 0.025866357816580688]]	[[0.07320814711133308, -0.5709171322404133, 0.21559145036350424, 1.2089566095345214, -2.8988130856077, -0.0009264856032719004]]
[[1.5847211200828224, -0.05448572515081451, -2.0773822760122376, 0.025299152172976132, 0.12013425902779068, 0.02387888612832173]]	[[0.07320708596766874, -0.5709196178747935, 0.2155866192442289, 1.2089391610926874, -2.8988709310723677, -0.0008497480562229697]]
[[1.0255032470844898, -0.7205285105175476, -1.7860664445188408, 0.013493950853266844, 0.13652073290935354, 0.032374533158324996]]	[[0.07319729304502237, -0.5709192164106086, 0.21558317364980403, 1.2089973560200746, -2.898819652263167, -0.0007935580996805833]]
[[1.613777221859028, -0.23640371891028122, -2.1550679357093236, 0.036868667181426534, 0.13278840168755493, 0.025549751981559097]]	[[0.07319581150695137, -0.5709188021652684, 0.21555097608982976, 1.208992931990447, -2.8988090791318344, -0.0008331019691634463]]
[[1.1288901903473654, -0.6581918522007852, -2.0875261697453253, 0.028408032664603754, 0.14600629509136606, 0.03182974286013156]]	[[0.07320225187083483, -0.5709223539648938, 0.21550395258546534, 1.2089595968044506, -2.8988757301834633, -0.0008484856980643601]]
[[1.3708724348037358, -0.514141502678557, -2.156800048515329, 0.037494637840073675, 0.13761650596356415, 0.016200116615220875]]	[[0.0731874248178704, -0.5709194890826077, 0.2155020084236552, 1.2089689757621256, -2.898804362682301, -0.0007382761806664208]]
[[1.2695631937157175, -0.5875694661823514, -2.2216435947726016, 0.033264348348237854, 0.1426252315502243, 0.025887370662285008]]	[[0.07320041310493164, -0.5709343603623233, 0.21549123168624057, 1.2089351810740678, -2.8988172242009975, -0.0006821130822973343]]
[[1.2589458739581652, -0.5477320673954469, -2.267283467931052, 0.0335833995567719, 0.14124095327569636, 0.02010209982344465]]	[[0.07320335815699194, -0.5709251809281115, 0.21546652851415227, 1.2089585450552367, -2.898873531136058, -0.0007175877291439058]]
[[1.483294320655562, -0.4014747977073948, -2.4938644498802516, 0.031491588406339255, 0.13055638242807893, 0.023662725765865925]]	[[0.07319786974801468, -0.5709242176805003, 0.21540984388008239, 1.2089751584290642, -2.8988159675714282, -0.00077617744848942]]
[[1.6222132762493773, -0.2327348280779321, -2.4394857919352955, 0.037896688846788144, 0.12950082608007824, 0.02173543868425546]]	[[0.07321027220451247, -0.5709346516232887, 0.21541513857986586, 1.209012308294068, -2.898810179825015, -0.0006066768558594034]]
[[1.3880711857748969, -0.30891042841943106, -2.5771594367507533, 0.03809104519391737, 0.13397886968380562, 0.020121465768495005]]	[[0.0732101993557835, -0.570934414426016, 0.21539122605682665, 1.2089784868957543, -2.898824521724554, -0.0006060893804264232]]
[[1.55940245059026, -0.6388635515833824, -2.712313018416646, 0.03613270436319719, 0.13266163257588806, 0.019865053646104105]]	[[0.0732105164317585, -0.5709318661601737, 0.21537286166667283, 1.2090003568758785, -2.8988284300279448, -0.0006061380406498201]]
[[1.588878124766276, -0.5828771773384592, -2.8428927132437933, 0.04396133397992883, 0.1259182110650805, 0.024089024470654283]]	[[0.07320274862369464, -0.5709370406135424, 0.21534588205358102, 1.2089900483014253, -2.8988057552549757, -0.0005718353800679833]]
[[1.54298423490811, -1.2426359137783562, -2.8383877971660456, 0.03737133758662415, 0.13083612642022194, 0.02343812314897872]]	[[0.07321215132691679, -0.5709395402844362, 0.21533459099967944, 1.2090115919851205, -2.8988090400221362, -0.0005159005609503334]]
[[1.5927302110850565, -0.5542920649880114, -2.785117712539345, 0.044668060097963855, 0.1276154519008892, 0.024454640589599834]]	[[0.0732368414842405, -0.5709483579390889, 0.21531081142194314, 1.2090632934591832, -2.8987875304868287, -0.0005152206420826253]]
[[1.641981696124811, -0.6659993908650123, -3.0733109711960633, 0.03160926909037506, 0.12463819233004743, 0.02194062077919236]]	[[0.07321232519729934, -0.5709469077129756, 0.2152663469474115, 1.2090205311286568, -2.8987802415445123, -0.0005545510795646955]]
[[0.9679107498139192, -0.7626183955148045, -2.9055634889365876, 0.029559672354271004, 0.1367209031031987, 0.021619422824860252]]	[[0.07321794324097346, -0.5709428637284454, 0.215246887314733, 1.2089861588311401, -2.8987950939224727, -0.0005736016955330296]]
[[1.2276953427799977, -0.679147285587619, -2.8607850954946956, 0.03277934050157942, 0.12741058198217867, 0.013213379669339904]]	[[0.07322379174751097, -0.5709516068007299, 0.2152287243735124, 1.208960107135374, -2.89883234274599, -0.0005723438194207804]]
[[1.2111208990382334, -0.6165027155843669, -2.935677680503449, 0.033327402500451346, 0.1341942659691902, 0.024673931273180395]]	[[0.07318497749935511, -0.5709507831399946, 0.2152113509812615, 1.2088986184043493, -2.898830614767642, -0.0005196482520874135]]
[[1.1654241207287461, -0.7871855799213603, -2.9916329327347824, 0.034294717850564274, 0.13891223057332985, 0.025081564202707386]]	[[0.07320134573350041, -0.5709495115776976, 0.21519015445721124, 1.2089426076291834, -2.8988390984187027, -0.0005366303264662967]]
[[1.688691424845672, -0.6560210257728476, -3.0712499525824337, 0.03637559163204064, 0.12361412782688799, 0.019994241994937444]]	[[0.0732083998100024, -0.5709485472298566, 0.21515967102688066, 1.2089434487428994, -2.8988393088042255, -0.0005555067696822167]]
[[1.2438221690106657, -0.8165656975379316, -3.1603675835440446, 0.031292908166122006, 0.1353840997933729, 0.017523672790182347]]	[[0.07321601326825058, -0.5709532705140934, 0.21514183879266444, 1.2089724677767144, -2.898811823358795, -0.0004623916229197992]]
[[1.5869933058992443, -0.5308461728825522, -3.118554425190172, 0.03870432148635414, 0.12967445018579737, 0.018237530899014184]]	[[0.07320867414350657, -0.5709527746096978, 0.21510241815670855, 1.2089730734817097, -2.8988133927486754, -0.0005367740688893897]]
[[1.7443729906626406, -0.11357647318125852, -3.2412558216049985, 0.04640452946534959, 0.12241086349096686, 0.011604736580702093]]	[[0.07321788494810877, -0.5709427280747097, 0.21507701749985472, 1.2089515241827682, -2.898812056307315, -0.0006498867398221313]]
[[1.457251664161103, -0.5371777342719694, -3.3593749179910453, 0.04149450718524851, 0.1261802052491381, 0.01918017720785747]]	[[0.07321522943073214, -0.5709477756688279, 0.21505245358823666, 1.2090124670698197, -2.8988126953560753, -0.0006302465834260699]]
[[0.8480838770548561, -0.5702565619886328, -3.2029043565229043, 0.03760042586657433, 0.1422071551335613, 0.022456190756984365]]	[[0.0732157279645969, -0.5709322411116289, 0.21500492588522108, 1.209002433516141, -2.8988841481609984, -0.0007396360149178961]]
[[1.3378174988629052, -0.43705429149260216, -3.475355132658274, 0.037081499867911545, 0.1317054777435621, 0.028330350207273695]]	[[0.07321470047479818, -0.5709532477687647, 0.21500379316985216, 1.20895183134509, -2.898811492861062, -0.0006138658757431249]]
[[1.6290435715198488, -0.09397744596228741, -3.426657394853467, 0.049326619902965274, 0.12484917085991469, 0.016708399316675445]]	[[0.07320172516169322, -0.5709540472768582, 0.21498721099278462, 1.208955546427938, -2.8988224978172576, -0.0005923258807669914]]
[[1.6205165310277536, -0.4701036859986464, -3.548879486451649, 0.037950121133556745, 0.12593706041776975, 0.01560688840143771]]	[[0.07321901189837095, -0.5709443807445204, 0.21495028757890844, 1.2089974592176878, -2.8988727530565104, -0.0007034636458621081]]
[[0.76752079715055, -0.39833939620143577, -3.598281387122552, 0.03844530620297464, 0.14034317067319058, 0.025845378323942018]]	[[0.07322282924493749, -0.5709456720469596, 0.21493598288048038, 1.209070154516173, -2.8988037535212383, -0.0007039014031025739]]
[[1.6666931658225739, -0.31559937033512964, -3.6264056231562023, 0.04034872982153963, 0.12115416896569414, 0.014201954394402848]]	[[0.0732125794136708, -0.5709373906609188, 0.21487872880815578, 1.2089673214543226, -2.898848985022116, -0.0007976963020296298]]
[[1.4381651038588052, -0.4781692346922496, -3.657225225556393, 0.035373820363046114, 0.1289401889465298, 0.01832468207846596]]	[[0.07318463342694329, -0.5709567950658793, 0.21490221867705933, 1.2088901590824712, -2.898811788624655, -0.0006323332340821184]]
[[1.236964471010488, -0.705564192029435, -3.679632699281721, 0.03064248163210237, 0.13658217173334466, 0.025019157682864213]]	[[0.0732068692952048, -0.5709481094487413, 0.2148362370350784, 1.2089579335340082, -2.8988267749836716, -0.0007999701413938615]]
[[1.1513715400589661, -0.6850042348444292, -3.8099742884793346, 0.03127514365141507, 0.14072199647255973, 0.021236463290987717]]	[[0.0732140352649155, -0.5709378133394887, 0.21483189413224735, 1.2089885698556608, -2.898851667114006, -0.0007225178402238841]]
[[0.9353513147776158, -0.6100856141157164, -3.8278771246417738, 0.03627639922087247, 0.147179352119495, 0.02200237229212013]]	[[0.07319683318352815, -0.5709444289022847, 0.21482865814818145, 1.2089177420434263, -2.898829478039232, -0.00074444064357606]]
[[1.651362994070655, -0.5820703290883822, -3.963979649782131, 0.03743138979246484, 0.13142614992328328, 0.019861272151112174]]	[[0.07319006848212653, -0.570954174303653, 0.21477908532431267, 1.2089659039394645, -2.89884842720834, -0.0007220414396560265]]
[[1.5254548461207882, -0.4436038865006555, -4.122280647102113, 0.04525175064700892, 0.13253848802902346, 0.020984695286669807]]	[[0.0732040459037026, -0.570956763471688, 0.21477568897183325, 1.208961007896507, -2.898836755768822, -0.0006858533356345197]]
[[1.2748068824867673, -0.8328210334664745, -4.028628370831718, 0.03804951721883373, 0.14031703088202518, 0.020230009309051267]]	[[0.07320907488052597, -0.5709436564663964, 0.21473873013181316, 1.20897167493047, -2.898860364330378, -0.0007777020999427781]]
[[1.4536172027779852, -0.7130182897719579, -4.213791769941974, 0.037103601451258614, 0.13469925958150147, 0.015037528755255386]]	[[0.07319731229623748, -0.5709578879419899, 0.21473102736879562, 1.2089443077539928, -2.8988455383815075, -0.0007593858749817934]]
[[1.1653112156615548, -0.8939238790464427, -4.261062029517165, 0.030713959696746104, 0.14056303842343265, 0.022652455829604085]]	[[0.07321669594212984, -0.5709552038430212, 0.2147214793979893, 1.208957099424889, -2.8988256158037906, -0.0007044062320057125]]
[[1.0775391805273085, -0.6625034227021311, -4.143067072799187, 0.039633998363052224, 0.13950576675137988, 0.021841216151755275]]	[[0.07320105601422701, -0.5709611155703047, 0.21466648559210316, 1.20891883319439, -2.8988823117604032, -0.0007591697957052836]]
[[1.426724119753918, -0.4496754500971799, -4.545423294664023, 0.04385270274932747, 0.12857595427397944, 0.018793343014699447]]	[[0.0732089108979134, -0.5709663567381414, 0.21467261448821778, 1.208965304609453, -2.8988479294661635, -0.0006651998650400657]]
[[1.520795503216529, -0.35158548585348026, -4.444404545069896, 0.046814517667712184, 0.12888858300331316, 0.014016573762142643]]	[[0.07321748645235512, -0.5709503577615761, 0.21463842604578495, 1.2090354158432821, -2.8988193256581165, -0.0006838061091595315]]
[[1.7736678007584306, -0.33008493149813667, -4.515716892962479, 0.04789309565284615, 0.12010724392567093, 0.014338895577268989]]	[[0.07321853225244264, -0.570953173975829, 0.2146341396262118, 1.2089833489919817, -2.8988404960722565, -0.000664424186693745]]
[[1.1848603422719626, -0.6812566530771014, -4.403517572363032, 0.03845226585083936, 0.13338884817580876, 0.017609875829885286]]	[[0.07320399237776738, -0.5709532262511046, 0.21459432634779016, 1.2089826346813881, -2.8988427873491656, -0.0007404986301996374]]
[[1.546637871949808, -0.4546027635419969, -4.574955622278872, 0.041693373565737005, 0.1269852678401404, 0.01722681408518501]]	[[0.07320706547574363, -0.5709580261813626, 0.2145846229680179, 1.2089526255816094, -2.8988664622981757, -0.0006637249641416096]]
[[1.3441934178224746, -0.7567431231290667, -4.649027366651025, 0.03692873894529681, 0.133131044754433, 0.01741709188216937]]	[[0.07320794128537705, -0.570963739616831, 0.2145604265027846, 1.2089305711917162, -2.8988624180460705, -0.0006442997887061059]]
[[1.04912235820755, -0.6182538082217344, -4.630222392753269, 0.039688720380695534, 0.13939547131179858, 0.014824959465750687]]	[[0.07321706701057036, -0.5709582008484088, 0.21452614874568232, 1.2089282921478959, -2.898903910577745, -0.0007181352885849738]]
[[1.1494820199000106, -0.7425421856682723, -4.888608877686643, 0.036378243881931525, 0.13392949635381807, 0.019433114247188774]]	[[0.0732184095729829, -0.570956218101471, 0.2145063758454606, 1.2089961902467556, -2.8988232777709744, -0.0006834387504737968]]
[[1.243289592554503, -0.33846725314466075, -4.927483516160173, 0.0460902329191691, 0.12362281677651651, 0.021407876391982213]]	[[0.07321042168402586, -0.5709636349699132, 0.21449234970467604, 1.2089574146235786, -2.8988786272478704, -0.0007003313802153323]]
[[1.3797036139728074, -0.6723912307762689, -4.948824109141397, 0.03770886119689895, 0.1253857839916977, 0.018782942728307696]]	[[0.07323505412131728, -0.570955796481226, 0.2144625161080243, 1.2089873045669777, -2.898852980633688, -0.0006810548297715246]]
[[1.186984058030608, -0.5874583556287847, -5.0788901053424125, 0.04194297550029051, 0.13042002176524944, 0.020930376230587404]]	[[0.07320328101622338, -0.5709615692937268, 0.21444778035923667, 1.2089343244866397, -2.898823006723312, -0.0006832692903999348]]
[[1.0774411353916622, -0.5340488154509541, -4.9748520035605495, 0.04014972512968591, 0.12553309824171735, 0.01917214801959264]]	[[0.07322078851082278, -0.5709625582064313, 0.21439845151726972, 1.20901269124155, -2.8988168684712488, -0.0006807066653774662]]
[[1.2306808379603376, -0.678541537223035, -5.150081582316969, 0.03651956794697052, 0.12358534958326048, 0.018466162170002687]]	[[0.07322909768470062, -0.5709555192785545, 0.21440678178207923, 1.2089924157014367, -2.898863634164531, -0.0006609866811163405]]
[[1.5688336217353223, -0.9844752584522682, -5.257316727042243, 0.030947752353352703, 0.11855721823448691, 0.013614951963720121]]	[[0.07321337598719697, -0.5709617979869308, 0.2143653458869998, 1.2090134084051913, -2.898816764295557, -0.0006812738155639404]]
[[1.444276434194245, -0.6656240832921917, -5.272432710363255, 0.04002418057877037, 0.12017978550189198, 0.014977385806065923]]	[[0.07322178069475212, -0.5709617559005213, 0.2143506548250764, 1.2090168105963919, -2.898827079290102, -0.000623202956668772]]
[[1.2158380037130798, -0.6557760734550935, -5.333383969462616, 0.03935197099307252, 0.11942987670774968, 0.016824113400368698]]	[[0.07319920504682595, -0.5709682845611076, 0.21432508376954065, 1.2089094885051443, -2.8989106637387567, -0.0006205374141727012]]
[[1.3608460684305224, -0.48670504879418625, -5.427519043467416, 0.04369527949131602, 0.11735393401702074, 0.015184969682535621]]	[[0.07321798776370458, -0.5709809515150984, 0.21431004154796077, 1.208968447584622, -2.8988069197923894, -0.0005684440401693082]]
[[1.070845137062144, -0.6613912518373088, -5.306838411253533, 0.04374354732798023, 0.12266795752687501, 0.01675381337490969]]	[[0.07321878665796426, -0.5709694127416067, 0.21428202155188641, 1.2089699952525208, -2.898859413552412, -0.0006031120924938137]]
[[0.9002858650918536, -0.5317164528908631, -5.309198811854821, 0.048834263816863316, 0.12723418254996421, 0.015677283929401747]]	[[0.0732141123169633, -0.570970569184798, 0.21425011374030564, 1.2090032785022742, -2.8987931742137802, -0.0005880884649144583]]
[[0.7143921428322795, -0.5593628928067323, -5.4470672342879585, 0.04441666605593661, 0.12944758519283703, 0.02100415236142543]]	[[0.07323478018705105, -0.5709706199678373, 0.21422441237634454, 1.2090262218062493, -2.898848786911944, -0.0005855490631253307]]
[[0.6679208215237993, -0.6807538253440546, -5.551115924230282, 0.04308394182833536, 0.1288481950952281, 0.02024977808731475]]	[[0.0732185627627148, -0.5709818276795231, 0.21420486072884526, 1.208977855903956, -2.8988811045920726, -0.0005464115098913726]]
[[1.000346091585428, -0.47842975161044116, -5.574267008781998, 0.03984871173769709, 0.11576801495096378, 0.01600060496163562]]	[[0.0732460004393926, -0.5709657702974847, 0.2141798899558305, 1.2090556556374636, -2.898822186546681, -0.0005096007316965529]]
[[1.3166742244916587, -0.3399461423897632, -5.4093359865190065, 0.0396231655139938, 0.1047718726176044, 0.007228216410750765]]	[[0.07321423204206615, -0.5709735171338438, 0.21416860131094656, 1.2089553815520147, -2.898875772465064, -0.00045381792384310057]]
[[1.1584949664839983, -0.5873707024199195, -5.649893365018322, 0.035506009491565564, 0.11035689157853212, 0.012010535536643947]]	[[0.0731946127938708, -0.5709782675663542, 0.21412476734918628, 1.20886827337549, -2.898912312949025, -0.00045362676781214643]]
[[1.232252035141084, -0.6053621833618326, -5.622070414979299, 0.044170194842660826, 0.11337502503911612, 0.01720360844475798]]	[[0.07321323331322058, -0.5709742536782908, 0.21410749608399918, 1.20895112390568, -2.898865790221968, -0.0004931449343702402]]
[[0.9817378432940319, -0.9124792517851413, -5.754467522981808, 0.039572565761603014, 0.115630379476676, 0.015602653205867801]]	[[0.07324994262737976, -0.5709762523054568, 0.2140845214097863, 1.209020550136557, -2.8988360790297376, -0.00045445925074462867]]
[[1.0253701572988478, -0.7610651736140158, -5.841206692620389, 0.04728692236185963, 0.11085665734374131, 0.01382384724252773]]	[[0.07322484915354399, -0.5709820290031182, 0.2140718125550537, 1.208937718269811, -2.8988828194449017, -0.0004181288276033796]]
[[1.062523612098726, -0.5768902199319274, -6.086959212870251, 0.04725949187122942, 0.10918209842532894, 0.020610602980614588]]	[[0.07322335907425348, -0.5709780637255415, 0.21403623136444982, 1.2089560409077884, -2.8988762243000052, -0.00045714017204877137]]
[[0.7783382064138782, -0.6428657397239376, -6.1235299406083135, 0.0431379999347275, 0.11200520709423176, 0.01879409714109631]]	[[0.0732090187136905, -0.5709853009282185, 0.21402520522126717, 1.208928012157196, -2.8988596981087613, -0.00034582687818043156]]
[[1.229722950204872, -0.8399902490325988, -6.157130869550409, 0.03695962554108678, 0.10234025304815128, 0.009812648395807614]]	[[0.0732139106667808, -0.5709827857597964, 0.21397755761365173, 1.2089416508853756, -2.8988438188780794, -0.0004601831445805548]]
[[1.14518328623887, -1.0086427873853185, -6.32678909497312, 0.04455507737483898, 0.10447884459721292, 0.014072532092993459]]	[[0.07324533103489937, -0.5709918080026325, 0.21398674955156619, 1.2089468245037736, -2.898903650992841, -0.00034445132035406994]]
[[1.502262473322858, -0.40749491720053843, -6.481582236517533, 0.05836347276450349, 0.09641094067796736, 0.017105132373717222]]	[[0.07323104903447442, -0.5709882955796443, 0.21397114237529807, 1.2089681406634871, -2.898906176472283, -0.00027005129406227333]]
[[0.6943474883523718, -1.0820782353817437, -6.238237215442886, 0.04380110700899043, 0.11462810856565794, 0.020861268426156276]]	[[0.0732211928386719, -0.570975635625976, 0.21390117970828026, 1.2089516857342413, -2.8988663073230017, -0.00047942009766476976]]
[[1.2971012502662191, -0.788347892409226, -6.316136569110237, 0.05402218611247757, 0.1019758709045866, 0.01212650790619644]]	[[0.07323737439108301, -0.5709874984705728, 0.21388642810396702, 1.2089938110361769, -2.8988217173613595, -0.0004241204875428187]]
[[0.8143874478883424, -0.9439372514013525, -6.418313958062369, 0.04893598278347576, 0.11207459336050941, 0.02088249575639391]]	[[0.07322797024754706, -0.5709780482065488, 0.21385839318599276, 1.2089815070557723, -2.898840774129939, -0.0004617748400630817]]
[[0.7665579655413556, -0.9865161949509238, -6.495902525211807, 0.04657482851915122, 0.10953345520353414, 0.02094972313192879]]	[[0.07322738154003562, -0.5709887237465094, 0.2138559626054503, 1.2089726411374682, -2.8988686325893216, -0.0003854378969235786]]
[[1.2415640616972312, -0.6261099514637481, -6.750638611036557, 0.05306098114842683, 0.09800303110482853, 0.011010235196830071]]	[[0.07320269883883013, -0.5709807966936171, 0.21380531465373898, 1.2088169080493065, -2.8989367408738413, -0.0005177885620328258]]
[[0.752651791074396, -0.9907424053580509, -6.586446087882303, 0.044902041214142825, 0.10729896803570119, 0.02326267645030913]]	[[0.07321192126978876, -0.570982962119908, 0.21377816980381528, 1.208942788378147, -2.8988964964281854, -0.0004804387946585877]]
[[0.9843266075974227, -0.7099071948768851, -6.7421001537454295, 0.050762633980477874, 0.10420369850696819, 0.017230177591380732]]	[[0.07321354868687205, -0.5709818463533226, 0.21375358888614265, 1.208976291841378, -2.898832614590467, -0.0005564117429463492]]
[[0.7260280502700341, -0.7854100833797267, -6.75881410489721, 0.046801604224177215, 0.104837727965015, 0.018792162885405705]]	[[0.07321326110721596, -0.5709709229951078, 0.21371046789432133, 1.208956523542012, -2.898880695953682, -0.0005939473953933819]]
[[1.0717450848521939, -0.7982683687086432, -6.889739547248087, 0.0484176133810762, 0.10009407076109839, 0.011506979222491984]]	[[0.07321956443884908, -0.5709877082874688, 0.21372333862847404, 1.2089036050530206, -2.898900165685602, -0.00048035327264060984]]
[[1.4188675885082258, -0.5218163950429744, -6.882267900003671, 0.05243831873780856, 0.09375562229473426, 0.012414752405413898]]	[[0.07322118039209934, -0.570975664366341, 0.21366368092351418, 1.208934762543618, -2.898877452599357, -0.0006121132788841332]]
[[0.9204979422949083, -0.4313636548706784, -6.925837291186123, 0.053334844565146276, 0.10157388967933893, 0.013219673103528598]]	[[0.0732507167954528, -0.570968213119819, 0.2136375146040344, 1.2089667296894073, -2.898903783865258, -0.0006476605637348887]]
[[1.009487669336708, -0.7677603433845964, -7.1450185937598185, 0.046301623885741675, 0.09980937409749145, 0.014252271181554648]]	[[0.07322859444414687, -0.5709798021584518, 0.21362290027700215, 1.2089654103719616, -2.898851980511378, -0.0006140222432445766]]
[[0.6873578472121837, -0.9492673715556396, -6.9516735598638855, 0.050327983772751855, 0.11323297086294487, 0.01714130360618145]]	[[0.07321014962250291, -0.5709850947790523, 0.21359638579110418, 1.2089348346192936, -2.8988781668486894, -0.0006315861745530368]]
[[0.7084017867339716, -0.6186467999603958, -7.118072528890043, 0.05781491296928676, 0.11906453230610299, 0.01932649372422985]]	[[0.07321585325381835, -0.5709812959621414, 0.2135699430860608, 1.2089697267738524, -2.8988645937820983, -0.0006700315963238321]]
[[0.8352742098859833, -1.0916739670872941, -7.190485573572722, 0.04950529702375665, 0.11978141589785024, 0.014053345915603418]]	[[0.07322355377267478, -0.5709786508857019, 0.21353731751716237, 1.2089922578077124, -2.898868242494388, -0.0006678173142748443]]
[[0.6913355774176393, -0.9291182494392357, -7.258074620765747, 0.04961156394000361, 0.12008783550295232, 0.02433295030055966]]	[[0.07323776826084573, -0.5709784945119807, 0.21352372008652185, 1.2090093683202077, -2.8988607556550265, -0.0006489887035907707]]
[[1.225122094090458, -0.5727061697718194, -7.469865883860901, 0.05326185354486404, 0.1038538759196988, 0.013265110334741249]]	[[0.07323076358978647, -0.5709822733278948, 0.21348931178814662, 1.20893610047364, -2.8988797616985016, -0.0007051489593495087]]
[[1.0658453363174178, -0.9976099590120241, -7.502895596902006, 0.04495603738356096, 0.10682879415730409, 0.0062174656875191485]]	[[0.07323259368890608, -0.570980350020813, 0.21346387628478736, 1.208927666123059, -2.8989084436541894, -0.000667432414320437]]
[[1.1196688579389953, -0.8923035442960439, -7.7035787361002805, 0.053377443753368364, 0.10790386056719542, 0.019421203016245794]]	[[0.07320804577987516, -0.5709829291914736, 0.21341729895826966, 1.2089140662519995, -2.8988777068869402, -0.0007647147723557467]]
[[0.8954606924558776, -0.8824904169253281, -7.8047543911305945, 0.06033347211206419, 0.11329437821187346, 0.012964992313378465]]	[[0.07320171783290133, -0.5709919664223115, 0.2134032970831706, 1.2088525458907762, -2.898876238589736, -0.0007275869945566328]]
[[0.8013635116732066, -0.9867428221820251, -7.9602091380642115, 0.05184976480987006, 0.11533381956329183, 0.014550613101781476]]	[[0.07323066197473116, -0.5709786519763996, 0.2133779774461654, 1.209027002292591, -2.898857007708218, -0.0007809840798309266]]
[[1.2286148603221816, -0.8424209251140444, -7.99528552648309, 0.05970240741299036, 0.10337590083504733, 0.011634482244863756]]	[[0.0732195111480492, -0.5709780719058983, 0.21334383066735363, 1.2089623543868275, -2.8988458242394812, -0.0008013161664156668]]
[[0.7074048072859896, -1.0852288547446045, -7.936618154510035, 0.05191478648028066, 0.11561923347837658, 0.015425207668152734]]	[[0.07321009299156295, -0.5709883893342216, 0.2133243218044833, 1.2089139937099271, -2.8988781595734565, -0.0007631957336369483]]
[[0.7296748803049551, -0.993762827655052, -8.168487162691271, 0.05019946704210239, 0.11342234993711446, 0.017872174434193852]]	[[0.07320562134688303, -0.5709764877121557, 0.2132868460720096, 1.2089148715824791, -2.89888008286435, -0.0008582394616419072]]
[[0.975358777590605, -0.8765903233184551, -8.308263958023693, 0.05398213641394073, 0.10906256762483811, 0.012463899218599804]]	[[0.07323465695845863, -0.5709792500357792, 0.21325055449492003, 1.208938209540366, -2.8989348749720514, -0.0008539458865315846]]
[[1.0599053307253117, -0.7111895027059962, -8.424532691422488, 0.059184759862509484, 0.10534622208814112, 0.011829604199434051]]	[[0.07323211597986215, -0.5709860085462869, 0.21323387987672798, 1.20902290846348, -2.898848005103624, -0.0008566913194458347]]
[[1.1200516109135517, -0.7585384541032929, -8.565492460264752, 0.06337930467969936, 0.10695924422948555, 0.014385176642710992]]	[[0.07322160911534124, -0.5709770445966788, 0.213191723831338, 1.208937346962253, -2.8988859304636914, -0.000949469115875913]]
[[1.17087217787962, -1.0271315092182964, -8.584859903737117, 0.05814256755970769, 0.1070706509387148, 0.015866026350650497]]	[[0.07321297849531824, -0.5709894577612359, 0.21318212472350437, 1.20897522197762, -2.8988818754609955, -0.0008933280301799548]]
[[0.9975190863124277, -1.571421580465791, -8.673919757863636, 0.04706260760745723, 0.11325002822523064, 0.015197938242047264]]	[[0.07323678848302614, -0.5709849191076882, 0.21315050520304452, 1.2089722043300821, -2.8989217201542323, -0.0008723598711904803]]
[[1.0742636975775972, -1.2486798117082165, -8.80229854940696, 0.05522395820930458, 0.10543858256051389, 0.014010156323615169]]	[[0.07326910843352502, -0.5709950483839579, 0.2131374525369496, 1.2090762548349503, -2.8988778888330855, -0.0008519508894685145]]
[[0.9843873469447991, -1.293657056455618, -8.779787202950738, 0.05506366533664851, 0.10933856100410927, 0.015752131064124642]]	[[0.07322818259192147, -0.5709911258957211, 0.21313993999706965, 1.2090277986399185, -2.8988584929445564, -0.0008164992570263609]]
[[0.9380311685253503, -1.0960386016451422, -8.976976305249698, 0.056165113796118174, 0.10761825384508386, 0.011372736461572124]]	[[0.07324185122744749, -0.5709861956200877, 0.21309060412908487, 1.2090157040621379, -2.898878346733262, -0.0008926583213256405]]
[[1.1505593013566537, -0.8526210593530721, -9.157918558169463, 0.07092886598525883, 0.1071341351115687, 0.01408442991441986]]	[[0.0732317075144432, -0.57099167853592, 0.21308649636296478, 1.208997284179645, -2.898833982832292, -0.000875359249032749]]
[[0.9260571894573463, -1.3145080930364264, -9.222682218728384, 0.05365849911657704, 0.11068833525192044, 0.016088926444454827]]	[[0.07322739597391567, -0.5709924371803871, 0.2130338416984341, 1.2089365747559002, -2.8988853522647586, -0.000872807931254577]]
[[0.939728337394907, -1.3434530335395507, -9.321956409638764, 0.05422329877252996, 0.10954429814746278, 0.012441152149989946]]	[[0.0732264627499744, -0.5709864920533356, 0.21304106903145906, 1.208940753574065, -2.8988952916456783, -0.0008157850348375184]]
[[1.1808023613589813, -1.2705740269091985, -9.223007399755337, 0.05460912813416505, 0.10541280568132642, 0.014268557080760753]]	[[0.07321348374886766, -0.5709975308832381, 0.21299917450466496, 1.2089838245248004, -2.8988529187817558, -0.000872987890820276]]
[[0.9901767742820183, -1.1631117835913698, -9.419154294067225, 0.06119306741280138, 0.11063761606748039, 0.018023058772573194]]	[[0.0732345069684925, -0.5709889723674614, 0.2129770690775904, 1.2089936845864941, -2.898874746651332, -0.0008720995157315961]]
[[1.0107784924484293, -1.2239728851353244, -9.33637509196027, 0.05752144033676941, 0.10303500306520812, 0.017272387053093245]]	[[0.07322432219224088, -0.5709905043072936, 0.21295559976552023, 1.2090061227684556, -2.8989088224349198, -0.0008895713417835029]]
[[1.230879432250146, -0.8662173381688969, -9.622754856286113, 0.06517701215891177, 0.10034825099168378, 0.014176349337132452]]	[[0.07323900970033527, -0.5709852881966674, 0.21291919232046536, 1.2090066285560073, -2.8988572733413425, -0.0008912035121357626]]
[[0.9756195827250985, -1.1314146908283018, -9.593434033726536, 0.0543908327308666, 0.1022867864317161, 0.01968116906898981]]	[[0.07323279853448385, -0.5709932931900049, 0.2129062974748966, 1.209007496511579, -2.898908582691491, -0.000888324822305145]]
[[1.2598418239664142, -0.8205175956360794, -9.691135250412866, 0.05952940649041506, 0.09452621250459185, 0.01205112807750515]]	[[0.07321192660516522, -0.5709899366500374, 0.21288161145081172, 1.2088847864189194, -2.8989077569530486, -0.000872963410610082]]
[[1.0657363902530685, -0.6500696550844891, -9.759516008354728, 0.0652930606311912, 0.0926201956542139, 0.017097454722202973]]	[[0.07322447650085226, -0.57100098505487, 0.21287402400709027, 1.2089404429924666, -2.898895791546909, -0.0007954576270166662]]
[[1.1122113395252264, -0.8995981977166104, -9.837379405666919, 0.060436815993106116, 0.09461048842985495, 0.0140889757464836]]	[[0.07323110606148585, -0.5710022737894855, 0.2128381747236261, 1.2089712541171356, -2.8988705999069047, -0.0008142068968009469]]
[[1.42495565965582, -0.6183493370626338, -9.98932109129601, 0.06672201835008756, 0.08366869291963458, 0.0102147014426953]]	[[0.07323834416208504, -0.5709991757192446, 0.212812990203567, 1.2090451012047772, -2.898853271053919, -0.0008329727564697837]]
[[0.9332632976978883, -0.9910769823746225, -9.901176880351574, 0.05751681810698993, 0.09801755428493404, 0.01694796050780209]]	[[0.073243173223618, -0.5709929471990418, 0.21279791658519476, 1.2090623279185888, -2.8988458847842393, -0.0008131205078614498]]
[[1.2749752351113615, -0.575978996847796, -10.123306199845013, 0.06270999677982099, 0.08116055557049597, 0.018480309005663116]]	[[0.0732249674609625, -0.5709954549032609, 0.21277546108105147, 1.2089842019791261, -2.8989039820200455, -0.00079235225285656]]
[[0.9484388999389061, -0.8026115859896965, -10.141352192086368, 0.055730830208511606, 0.08696577320154317, 0.009987181342497767]]	[[0.07323033997345682, -0.5710001640056, 0.2127427638977422, 1.2090051906888448, -2.898857084887032, -0.000814376898222424]]
[[0.8628728602549556, -0.8925771020706887, -10.318758405965893, 0.053486851841095334, 0.08488804996976092, 0.014107828143753475]]	[[0.07324163124090134, -0.5709889149514421, 0.21268656535887426, 1.209063409766806, -2.898848879758055, -0.0009459464110163319]]
[[0.8825300343574447, -0.9172345345772797, -10.241200396911955, 0.0528176681235405, 0.08067250724587095, 0.012920534041268486]]	[[0.07323837349143732, -0.5709957615200429, 0.2126927619695208, 1.2089975928302552, -2.898885907681567, -0.0007934812986288911]]
[[0.9771782668036678, -0.9027821434627061, -10.323492016663334, 0.05926417356822106, 0.08307924157765993, 0.010692174923502589]]	[[0.07322972822041526, -0.5710080871226371, 0.21269791449811237, 1.2089659087723534, -2.898909556552539, -0.0006811797133201596]]
[[0.8527886605674232, -0.8620706918286939, -10.417972305763522, 0.05939839713704479, 0.07880822376465671, 0.014887828901875544]]	[[0.0732344091019192, -0.5710076025314823, 0.21266772079094753, 1.2089580707312944, -2.898888775145283, -0.0007574095210624201]]
[[1.10651254633371, -0.6434012936395483, -10.533411345755502, 0.06671308536472689, 0.06891113213888407, 0.014353445284209032]]	[[0.07323117288912794, -0.5709955983278723, 0.21262274456137767, 1.2089806198810595, -2.8988941650375324, -0.0008311747480107064]]
[[0.5848768156055617, -0.8457639280607653, -10.45790843540144, 0.057259922733961015, 0.07410914518148554, 0.011791711683842625]]	[[0.0732375804399318, -0.5709936333678393, 0.2126056398623267, 1.209015039537391, -2.8988794917268357, -0.0008120840228273385]]
[[0.6982857427768945, -0.6681617895739924, -10.482374947633843, 0.05361328123630322, 0.06507755694175062, 0.021099764255435697]]	[[0.07321868536322103, -0.5710112096203489, 0.21259186467386462, 1.2089308276338753, -2.8988743153264718, -0.0007401959824803614]]
[[0.6479593213881557, -0.8416486483045492, -10.454973884039392, 0.051713058458103485, 0.06157970183117722, 0.01784105396302067]]	[[0.07322786408906415, -0.5710097964408919, 0.21258258418497017, 1.2089563315333762, -2.8988870985810586, -0.0006257640675473123]]
[[0.4304081716530799, -1.0374075820254498, -10.382457188170571, 0.05036218107566559, 0.06388456503316353, 0.014448476488491447]]	[[0.07322537753405979, -0.5709998554790676, 0.2125414979773549, 1.2088929051550055, -2.8989295267945274, -0.0007562879090351394]]
[[0.6025820178460202, -1.1653381250903843, -10.29969875074283, 0.0607031074665308, 0.06054967961170649, 0.015791301013098454]]	[[0.07324373528784135, -0.5710031819387328, 0.21253232594614266, 1.2090747285796386, -2.8988775886602998, -0.0006638881629718166]]
[[0.6018324197976469, -1.1260651834723938, -10.348128457301964, 0.06417372596940289, 0.05986774465670839, 0.022070024831174286]]	[[0.07322771765280389, -0.571002673774717, 0.2125062453973507, 1.2089142872672216, -2.8989325345071624, -0.0007020687576982861]]
[[0.2246354866277095, -1.3820094699851782, -10.251263595320404, 0.05759646806453334, 0.06431439623742347, 0.015268742467230102]]	[[0.07325191660370614, -0.5710127124118024, 0.21249032860745617, 1.2089959336671157, -2.8988835642206428, -0.0006081730251975315]]
[[0.29232379274644454, -1.0149596228262674, -10.30949089122589, 0.05760228491750188, 0.054988927606666536, 0.019529676424959348]]	[[0.0732440440612416, -0.5709917348224127, 0.21244917792746498, 1.2090144746043598, -2.8988789648790876, -0.0007394291782945618]]
[[0.6568883939201121, -0.9540034294711888, -10.230317349403382, 0.057704503101731974, 0.04119909542108114, 0.019657625369816932]]	[[0.07322533005747509, -0.5710153012320011, 0.21243614114088255, 1.2089308488509258, -2.898924331322358, -0.0006272249996687318]]
[[0.2693964574833962, -0.8581962230122583, -10.115577398414667, 0.05921489599676344, 0.0442181078072037, 0.016179273007315163]]	[[0.07325115705590991, -0.5710073218469152, 0.21241545122625766, 1.2090182771897355, -2.8988888044944394, -0.0006650911101292564]]
[[0.19797888820110032, -1.2368387683317184, -10.196477935409067, 0.05669739902403798, 0.05042273336182622, 0.02131691467969767]]	[[0.07325033484453868, -0.5710119000235528, 0.21238938508769162, 1.2089918518458163, -2.898874168287498, -0.0006684464541610366]]
[[0.7727760754890736, -1.2379568908208323, -10.114174134530916, 0.06059788650543308, 0.03889488604527273, 0.011381391695041976]]	[[0.07321111195194256, -0.5710065706750681, 0.2123691469444982, 1.2089180562923292, -2.8988934398280386, -0.0007266267278219202]]
[[0.30327484679487254, -0.9223385727062239, -9.902850426293664, 0.07361304235060376, 0.04716375723672535, 0.018612838881622004]]	[[0.07322873060137348, -0.5710154648289455, 0.21235846772093392, 1.2089690371168416, -2.8988701665934187, -0.0006330605636748302]]
[[0.17856790365869069, -1.2997058228332912, -9.753012252035433, 0.06497428013972023, 0.041789541680393456, 0.023577447825225927]]	[[0.07324024049134102, -0.5710006942326603, 0.21229938436967147, 1.2089977171024642, -2.8988883857434304, -0.0008180838881675087]]
[[0.5192159698852676, -0.7738278695821987, -10.174364246046503, 0.0626919759066075, 0.01253564829096377, 0.01222943416078375]]	[[0.07322374654926665, -0.570998858568532, 0.21227843845653832, 1.2089578187410008, -2.8988918706494515, -0.0008012031425596623]]
[[-0.3593919223744855, -1.202581861654652, -9.872937918550404, 0.05339180683489573, 0.0285787042635349, 0.02573078381526525]]	[[0.07320982805043803, -0.5710086851861057, 0.21227339873900947, 1.20891927649224, -2.898945869038727, -0.0007621622164492072]]
[[0.04579460694908444, -1.291448001884645, -9.915838081686982, 0.05067798099357036, 0.029039174313961295, 0.02562061331387903]]	[[0.07321777582178715, -0.5709953137108814, 0.21221387672711683, 1.2089156196795274, -2.8989388638011353, -0.0009503155763986588]]
[[0.3080564414328122, -0.7621677989571223, -9.990907726771644, 0.062283029735400716, 0.022982225084940758, 0.022759009896888935]]	[[0.07321382604802276, -0.5710138990166824, 0.21221831906056488, 1.2089705531452755, -2.898874346422691, -0.0008215733064654122]]
[[0.04436502716484764, -0.6742879913119031, -9.947919986971195, 0.06061563099780678, 0.021455789476082923, 0.018900416529568934]]	[[0.07322585417103979, -0.5710011974918594, 0.21217563504804404, 1.2089971016501158, -2.8988913681230364, -0.0009143519519141471]]
[[0.38476279698691146, -0.6632177338994787, -9.886883366494796, 0.060100629715818615, 0.010254325720598253, 0.031188918909994586]]	[[0.0732387219331844, -0.5709933243802748, 0.21214597278569472, 1.2090033903229302, -2.898902617896368, -0.0009510408790421304]]
[[-0.08150284215526898, -0.6437930392871343, -9.624026849442437, 0.05810447115489577, 0.01866401397206918, 0.027673157489864684]]	[[0.073210475779528, -0.570994895656866, 0.21211320307148063, 1.2089340469134748, -2.898932933060504, -0.0010071007432559851]]
[[-0.23167155430626057, -1.0689127494882344, -9.345622819275421, 0.04453594088202719, 0.025079246231247694, 0.03346693023868107]]	[[0.07321942608196684, -0.5709908972661917, 0.21207898047477913, 1.2090073967870216, -2.89886543186119, -0.0010845157691995989]]
[[-0.3157239334975007, -0.6749510024594381, -9.129649235777222, 0.05081677733034769, 0.02068860032515543, 0.03153875234688144]]	[[0.07321593068244293, -0.570983505278293, 0.21207031749865973, 1.2089610265331228, -2.8989490967888, -0.0010442032535790365]]
[[0.21852354082229727, -0.10471992373000244, -9.005391570561775, 0.06123644441152709, 0.009536623730288098, 0.02865953848561943]]	[[0.07325036803442042, -0.570989797781179, 0.21202955995743714, 1.2089825888258205, -2.8989017860183317, -0.001082944593305713]]
[[-0.5259299882751293, -0.6915699221074931, -8.523299396515293, 0.05024366496462968, 0.021210634702300005, 0.033714543837305114]]	[[0.07323426595322599, -0.5709902756203333, 0.2120056475585892, 1.2089837383359816, -2.89895361943209, -0.0010810820452484924]]
[[0.49637011690655164, -0.614167658436144, -8.525618000056072, 0.04558559761574571, -0.0012432782786400455, 0.021989926208617363]]	[[0.07324929672264957, -0.5710025529385147, 0.2120134122938963, 1.2090547146706947, -2.8988826709591398, -0.0009890952031513791]]
[[-0.40286273041844933, -0.697839510503391, -7.9747040359394035, 0.04630349223064609, 0.011092413011130134, 0.02891419445650097]]	[[0.07323401383015574, -0.570973992372235, 0.21194831449889978, 1.2090149202350875, -2.8989308448371607, -0.0012114406082481145]]
[[-0.3438950400447286, -0.8754425101858181, -7.594761918002329, 0.04098866682759805, 0.002556509394971141, 0.027997735795960224]]	[[0.07323808653468535, -0.570984899934301, 0.2119243439487249, 1.2090320840840056, -2.8989237842295754, -0.0012121915442748277]]
[[-0.2157260321914963, -0.3781655097032405, -7.502510709489526, 0.048099321678384946, -0.009729091940610106, 0.03239210320317912]]	[[0.07321569485470894, -0.5709729372671379, 0.21189276603819573, 1.2090106528149012, -2.898973575299671, -0.0013046091269184159]]
[[-0.5831585839924435, -0.5174553171410068, -7.077213390742235, 0.04423771013205348, -0.008285596042041349, 0.028385150272020182]]	[[0.07324634210623893, -0.5709724707302516, 0.21184995087216774, 1.209063001541788, -2.8989005847707503, -0.0013453709691764449]]
[[-0.5844321469627771, -0.006488764371193556, -6.804904806198731, 0.05320438190346008, -0.015568969100543818, 0.030651600111401396]]	[[0.07322744768329827, -0.5709723382758722, 0.21181816054110147, 1.2090039385466944, -2.8989537606072617, -0.0014391051467796147]]
[[-0.7666047073446475, -0.4964951347063059, -6.1373885759435955, 0.04618809612943568, -0.009300676188125797, 0.03016111660616494]]	[[0.07323444630856228, -0.5709753490511091, 0.21179972285236753, 1.2090503309842688, -2.898921147486573, -0.0014190351759324658]]
[[-0.6867682331466384, -0.667476573851387, -5.676448549661705, 0.05068150742007693, -0.005629725803677359, 0.028039214575502684]]	[[0.07324729689784824, -0.570975051158782, 0.21179284192503386, 1.2090632550579414, -2.8989015472516275, -0.0013822204983768346]]
[[-0.6225433167236011, -0.7231263365349222, -5.21089051167774, 0.0617876199805806, -0.009940165386819251, 0.023367669747164508]]	[[0.07320289645575236, -0.5709681332329675, 0.21174885558333012, 1.2090169255870573, -2.898938240529048, -0.0015512597318920246]]
[[0.044741271833819374, -0.6682795124218746, -4.950686790786217, 0.064620754625901, -0.02056511358968997, 0.021397564088225646]]	[[0.07323296097692784, -0.5709680659082038, 0.21171535457838964, 1.209073808396098, -2.898927153214844, -0.0015319979676228135]]
[[-0.2180933712110183, -0.9618344156517574, -4.465092489434869, 0.0666200968711144, -0.005318829472600511, 0.02239220299202007]]	[[0.07323019904261933, -0.5709640201665567, 0.21170096262455032, 1.2090171718080807, -2.898937150238475, -0.0014955299554950707]]
[[-0.23796518134655442, -0.954372764318049, -3.91568266886264, 0.0662816559819666, -0.003960747463233303, 0.026336946660523594]]	[[0.07322904272526742, -0.5709590931803443, 0.21164247909393114, 1.2089958600555377, -2.8988856426767593, -0.001703540217964219]]
[[-0.4595698255636925, -1.2451697031943452, -3.4236955957349346, 0.0590224542801936, 0.006666713306453506, 0.01961484747263076]]	[[0.07322690182719915, -0.5709588737806354, 0.21161968244716017, 1.2091003414539905, -2.898893484779918, -0.0016831043995789202]]
[[-0.09284283224427381, -1.0252712056022284, -2.791699700337981, 0.06696041204147048, 0.00371705525029134, 0.032469516554133715]]	[[0.0732229181514432, -0.5709483144734845, 0.21156908184607906, 1.209066911461676, -2.898910520604022, -0.001815186653254514]]
[[0.1989734574805388, -1.1894727334725907, -2.354105948988918, 0.06078275014926977, 0.008088781184792445, 0.021123140133826115]]	[[0.0732162523081721, -0.5709440751961823, 0.21154681524594893, 1.2089973631581623, -2.8988892309920464, -0.0018754903749930063]]
[[-0.16283906432113393, -1.137371274993082, -2.1364145581393577, 0.05496121899764174, 0.01691082223919066, 0.02307728957953669]]	[[0.073218316651731, -0.5709428455445313, 0.21150085338300756, 1.2090406223932275, -2.8988980289991613, -0.0019105860754870432]]
[[0.19349664255161708, -0.8465041347679392, -2.20335175928713, 0.05223109614172686, 0.005393201747100385, 0.023095882765033136]]	[[0.07321503748391651, -0.5709429209194703, 0.21147957989304628, 1.2090377547610447, -2.8989401638569507, -0.0019834148496677083]]
[[0.17530250052831506, -0.436986203311004, -1.8183202644184555, 0.05879538373414969, 0.012739880162823, 0.026230035981670136]]	[[0.07321272475166976, -0.570931397517695, 0.21141874010834255, 1.2089683614453588, -2.8989192447637464, -0.0020792705682390385]]
[[0.2179987779076324, -0.3599635496801597, -1.6094326934008347, 0.05883423964204361, 0.012183403404460853, 0.021215462108193608]]	[[0.07321088541635602, -0.5709387734500091, 0.211412492923497, 1.2089952179442263, -2.898933491782527, -0.002059184793155676]]
[[0.18987782794855226, -0.20928807772134733, -1.5342568060510597, 0.05902090755419078, 0.017680108357873398, 0.021945691398919213]]	[[0.07318674096140744, -0.5709356270335364, 0.21137476592168325, 1.208990634155105, -2.8989243447449837, -0.0021346639122029783]]
[[0.20419738475885268, -0.014801536394924111, -1.5428733168933582, 0.058547139001150064, 0.01570654813482637, 0.0217048872121379]]	[[0.07320647559163979, -0.5709269992905692, 0.2113595253863223, 1.2090296454143679, -2.89892064811549, -0.0021149440762487943]]
[[0.256235708683346, -0.47720773065327937, -1.2586122515292808, 0.040423393070149125, 0.02441721906755164, 0.03139281383447077]]	[[0.07319639360314106, -0.5709356171733448, 0.2113083029634502, 1.2089992973977592, -2.898947639791103, -0.0021701054205273958]]
[[0.3164969852059195, -0.2718143353881086, -1.0006302867780383, 0.05180097254402753, 0.03347017923712198, 0.02698368523448211]]	[[0.07321545473438083, -0.5709353632192854, 0.21129507036928577, 1.2090605206356175, -2.898895927779921, -0.002152209270744385]]
[[0.4698152645430918, -0.23741012780298656, -0.8545213016364178, 0.05941072785189737, 0.032580054208135964, 0.02873834430457475]]	[[0.07322312155839775, -0.5709265293646195, 0.21126411644938697, 1.2090402851001538, -2.8989449343916913, -0.0022059205599200787]]
[[0.13686219284312248, -0.5885104957250606, -0.8304513437535602, 0.05750750192914398, 0.039621917968916544, 0.028391486331599085]]	[[0.0731812352328323, -0.57093661149049, 0.21123074812707054, 1.2089955835269595, -2.8989370668977057, -0.002187274003254899]]
[[0.5520514335741683, -0.6632717385403837, -0.8702108242780351, 0.053105318573185074, 0.02908342305114052, 0.024608265777691672]]	[[0.07320033183329293, -0.5709392108831757, 0.2112219706305129, 1.2089744932140072, -2.898984286317141, -0.002147979157503348]]
[[0.24695498864386614, -0.5669834996163453, -0.7249389377611858, 0.06112333789175274, 0.03986767605086539, 0.025029988050757606]]	[[0.07320901255391662, -0.5709305031281556, 0.21116743223526385, 1.209035259680554, -2.898935268197739, -0.0022607195788171244]]
[[0.7404950311753737, -0.21391446673301096, -0.8937951695587422, 0.07229740224594447, 0.03181546920544569, 0.022531904448926693]]	[[0.0732014160800124, -0.5709401413293176, 0.21114579367831376, 1.2089339793445901, -2.898937605381781, -0.0022043089291886708]]
[[0.08984521753656088, -0.9353768183132443, -0.7351720208134099, 0.05588092528089956, 0.040524453467204694, 0.024722388042001373]]	[[0.07320023377313689, -0.5709268572365712, 0.21110048303112225, 1.209035446721485, -2.8989359441369316, -0.0022783977736041345]]
[[0.5564021788309863, -0.10734886052289647, -1.0788370998814272, 0.07486735152891134, 0.018006363209500442, 0.02461202417251232]]	[[0.07322956617965076, -0.5709402626814211, 0.21111995998112693, 1.209077641028898, -2.89894048324825, -0.00208768824815488]]
[[0.194057695518439, -0.2991383140170503, -1.0197465443092486, 0.07100188141490082, 0.020181958999918006, 0.024992358578352417]]	[[0.07319727844176968, -0.5709447042818272, 0.21108179600578214, 1.20900786575471, -2.8989188577987393, -0.0021463759659051613]]
[[0.23531536393122912, -0.530382063119686, -1.1883589548326745, 0.06218386946087255, 0.012773140557152111, 0.021011205489585405]]	[[0.07320960351621647, -0.5709518449704996, 0.21104747333281715, 1.209034288812645, -2.8989341850113304, -0.0021640567065501657]]
[[0.45061886100202436, -0.45469312283277025, -1.2365028772953324, 0.06523570085968844, 0.005740831245707317, 0.03122096220143877]]	[[0.0731978771195594, -0.5709394760034338, 0.2110292747366189, 1.2090167221750203, -2.898940470074859, -0.002107169489147959]]
[[0.07127757406025437, -0.8261088400389683, -1.1581641978444224, 0.05508869518808551, 0.020078417531342575, 0.03031789942034626]]	[[0.07321019410695377, -0.5709599950984899, 0.21103116192125992, 1.208971511079249, -2.8989297811297754, -0.0019381675727828485]]
[[0.7470116345414182, -0.2602669698682969, -1.5652571426580635, 0.06405155829157415, 0.003380038931417525, 0.023263845945760094]]	[[0.0732101778542488, -0.5709531088273494, 0.2110147606521538, 1.2090141187157954, -2.8989367565114916, -0.0018802684952465114]]
[[0.192855739654056, -0.780844735967499, -1.4610875243640264, 0.05275303916750332, 0.010833849500075994, 0.028165438144770696]]	[[0.07320175164826924, -0.570949739840646, 0.21097257883677217, 1.2089811687045524, -2.898953135152979, -0.0019938417643902908]]
[[0.19785009098571488, -0.7320364238770767, -1.4140322423312985, 0.06012076127910326, 0.010139736548207101, 0.023839816362055684]]	[[0.07323184414930063, -0.5709530921707076, 0.21095756562284546, 1.209066890861249, -2.898915795117115, -0.001917567799044372]]
[[0.13389889359373092, -0.726141947962596, -1.342985807150624, 0.06700264369305184, 0.011171220527337634, 0.02844722805725615]]	[[0.0732180156953131, -0.5709637666419739, 0.21095366291552625, 1.208958552038265, -2.8989990145219693, -0.0018598716905939353]]
[[-0.3296673061057063, -1.0314272006610676, -1.3393824325327248, 0.0632731123340537, 0.0195491002479523, 0.025911550946808172]]	[[0.07320010845777414, -0.5709676906964761, 0.210931095590807, 1.2089407106082037, -2.898954056741197, -0.0018439912484298404]]
[[0.1288609854119164, -0.6235306621371286, -1.5168022750921064, 0.07352626975094204, 0.007194790634685394, 0.02577020470653799]]	[[0.07321222977137237, -0.5709707216404148, 0.21090701248190902, 1.209023461491407, -2.898958485330992, -0.0018222328439492924]]
[[0.13193901102246675, -1.3894260532912983, -1.561158512780617, 0.050939674037622215, 0.003878119822034908, 0.02532414153316733]]	[[0.07323463045673935, -0.5709671376673293, 0.21090312966377783, 1.2090560488327045, -2.8988903727159974, -0.0017134904494961315]]
[[0.012604456054732482, -1.0459088917651431, -1.7326433610222334, 0.06314162043545915, 0.004947110415780522, 0.02754155719293681]]	[[0.07323109969347166, -0.5709889705644439, 0.21089785801860977, 1.209029219345647, -2.898924164575624, -0.001563159882566404]]
[[-0.343421467885493, -1.5118065079973353, -1.6120311109195027, 0.056636969345928996, 0.008859850033136971, 0.027685450965116203]]	[[0.07323185558854987, -0.5709773194402439, 0.2108697415335724, 1.2090659947752225, -2.8989619807885143, -0.0015986054976502464]]
[[0.3783253339098016, -1.2593594342959833, -1.8992473075259793, 0.06056666187744762, -0.010351639686593906, 0.02687880659005124]]	[[0.07322478072049242, -0.570975510207375, 0.2108427719050626, 1.209025540436957, -2.8989151296786178, -0.0016577774239802249]]
[[-0.07018632075311393, -1.203560666299965, -2.0716218438537712, 0.06234492027349943, -0.005056890947404181, 0.026294047857231658]]	[[0.07320772746841747, -0.5709809399784531, 0.2108311813454485, 1.208930705903726, -2.898979931890875, -0.0016034926059708694]]
[[-0.12359401715541524, -1.0439397147834584, -2.1385083214933642, 0.06399405368135283, 0.0023827439048043214, 0.026538156737803752]]	[[0.07320342802074876, -0.570985082980069, 0.21082023437178354, 1.2089520700199066, -2.89898279530932, -0.001546672399319848]]
[[0.3924664981581921, -0.7981362801663467, -2.295468319339329, 0.05977252293792737, -0.014305569047709788, 0.024532097687542172]]	[[0.07322533532641731, -0.570983100838753, 0.21077653958717985, 1.2090607096079797, -2.898951789245146, -0.0016011648142578423]]
[[-0.05247437363906571, -0.9779263235724232, -2.3757037262449874, 0.04882730095143729, -0.008994859485866365, 0.026644892219500546]]	[[0.07322913311986266, -0.5709931908538326, 0.21078050493299394, 1.2091290107015014, -2.8989213014509287, -0.0015090317222169435]]
[[-0.40825509156482426, -0.5348920309553462, -2.2348780055839983, 0.06378803735861337, -0.0033491314751213468, 0.027552993293973562]]	[[0.07322143400051842, -0.5709985047801086, 0.21074018011819695, 1.2090338950483404, -2.8989365392351774, -0.0015671957449713819]]
[[0.100572362638853, -0.6644249983527113, -2.196883651416005, 0.05750109062539899, -0.013654622891177543, 0.024650733064621656]]	[[0.0732307669842691, -0.5709845403165853, 0.21072419141652438, 1.209017582608475, -2.8989438656669, -0.0015869942365552864]]
[[-0.10569094735346526, -0.51056743015398, -2.232660012496479, 0.059778124087189355, -0.001841097051387984, 0.026888945952992994]]	[[0.07324412021502395, -0.5709923537591259, 0.21071160863299354, 1.2090031854271543, -2.898909399076311, -0.001530985482721463]]
[[-0.2912252748584981, -0.737661835330258, -2.1948079070159814, 0.05353121099280919, -0.00014634844095818417, 0.03283858217551783]]	[[0.07323443181554093, -0.5710012231516339, 0.21069858582347517, 1.2090076752638046, -2.8989205256876196, -0.0015318075444981623]]
[[0.03597940713832881, -0.8794349821522798, -2.292445578455225, 0.04386683536201305, -0.009783325456333345, 0.031784517488811684]]	[[0.07321277111316592, -0.5709890205178962, 0.21066494349268983, 1.2089806484234824, -2.8989078155889643, -0.0016074059899397759]]
[[-0.5496325457758389, -0.9267549848783845, -2.297012252472585, 0.041149068558083854, -0.0013822739486573886, 0.03267772590822352]]	[[0.07320118096784961, -0.5710117692752916, 0.21067445633650295, 1.2089153930428704, -2.8989446228502636, -0.0014569360011747758]]
[[0.27077012822450264, -0.5884035722663361, -2.249992210069106, 0.04404603417760388, -0.02355562024619796, 0.030861286132512808]]	[[0.0732286692461244, -0.5710022862184403, 0.21062345019431794, 1.2090636546904663, -2.898911277464498, -0.0015676101703937248]]
[[-0.03331855212330537, -0.44603879742205066, -2.265639246717598, 0.04372935668862535, -0.022483404989180944, 0.0263866194573991]]	[[0.07322440114208348, -0.5710010257367693, 0.21060488901233404, 1.2090500222953697, -2.898878360090881, -0.0015703569088816977]]
[[-0.07294232977004567, -0.4388326114654657, -2.2661267555126017, 0.04403909750950746, -0.026528975447565238, 0.026007476237532023]]	[[0.07320956280934988, -0.5710015140515371, 0.21057427139857374, 1.2089348853672466, -2.898991987591029, -0.0015861858390992772]]
[[0.07175526529780599, -0.22928114998322097, -2.09771542650197, 0.05125496756242684, -0.024289382932020563, 0.026018256656200573]]	[[0.07321536653282916, -0.5710047720609074, 0.2105925509268209, 1.2089419642993515, -2.898960187939185, -0.0014747712395793116]]
[[-0.08014484799306201, -0.21670636587299058, -1.9633931519051449, 0.06223281348931642, -0.019976482735033538, 0.02493416079602173]]	[[0.07322291287011097, -0.571006009021706, 0.2105207495581581, 1.2089942422094022, -2.898941943464028, -0.001624739089832078]]
[[-0.3429885893225907, -0.6790986873959495, -1.8834657124060206, 0.05492755885988955, -0.01578169088736073, 0.030557257214232095]]	[[0.07321744085096923, -0.571011067246715, 0.21053876436969732, 1.2090101743914081, -2.8989316077629024, -0.001455697294955118]]
[[-0.25329333895020806, -0.5078216262791855, -1.92856622607623, 0.05701046329361165, -0.01904120119204233, 0.025828099231866578]]	[[0.07318901954282767, -0.5710060220224954, 0.21048392162459695, 1.20890672724165, -2.8989282658484927, -0.0016848082384971009]]
[[-0.4797989319626925, -0.8459405572363821, -1.9459556878739415, 0.04858028138677829, -0.016574066169730756, 0.030745382334867226]]	[[0.07322732677724664, -0.5710028230925471, 0.21049311947759042, 1.2089892753539346, -2.8989300501948834, -0.001569094347827723]]
[[-0.5124658470773333, -0.41308749919232884, -2.0995644279765613, 0.052939137807141684, -0.020088085211162354, 0.029958532061451517]]	[[0.0732239018832294, -0.5710059168080056, 0.21044502042504315, 1.20901654057375, -2.898947267165645, -0.001661896696696537]]
[[-0.22884710785943346, -0.33888218923700864, -2.1327825365917077, 0.0536327775090695, -0.027102600465742754, 0.028998577667030775]]	[[0.07321807112073236, -0.5710000016519579, 0.21040715983393687, 1.2090124391086898, -2.8989883326973085, -0.0016789767602138643]]
[[-0.5619820921505119, -0.5319895318436711, -2.048421769089394, 0.049709648957261876, -0.02246429424594866, 0.02777701029542693]]	[[0.07320618746024472, -0.5710084631753073, 0.21043588089460458, 1.2089317649776326, -2.898942227191955, -0.001607316591868099]]
[[-0.2422624046171769, -0.4021956970351692, -2.025281224854314, 0.06002825115154016, -0.02633695862527559, 0.020500164982101294]]	[[0.07320744454021613, -0.5710167636563676, 0.21039261097244705, 1.2089424672577747, -2.898925435871464, -0.001626070137256685]]
[[-0.8393926246933427, -0.8267631793002027, -2.13709119770082, 0.0550989584570524, -0.02054671905435428, 0.03545863231010157]]	[[0.07318274146876086, -0.5710129543189788, 0.21036249085151557, 1.208946004009687, -2.8989888706419897, -0.0016052762582211095]]
[[-0.6045657254231837, -0.8853955626942432, -2.24320014900441, 0.06082359808757602, -0.03659253248158155, 0.031868645070689046]]	[[0.07319492120496401, -0.5710225189183634, 0.2103812890344554, 1.2089599405071194, -2.8989287488136877, -0.0015135973610443108]]
[[-0.4694412215469884, -1.2928637181700955, -2.212941593384673, 0.0644394487724093, -0.05403002307583225, 0.03243452880269803]]	[[0.07319413268523929, -0.5710209330098373, 0.21032828887098282, 1.2088983098937653, -2.8990209687028385, -0.0015669292087696464]]
[[-0.7244908312969942, -1.5639992489407715, -2.062532407725044, 0.08375533375098579, -0.06407328454314251, 0.02925383116989647]]	[[0.07316788103396314, -0.5710132279343824, 0.21029930346159387, 1.2088738644532397, -2.8990067537265736, -0.0016236425785474307]]
[[-0.9928297163509237, -1.816662854375174, -2.074496651682092, 0.09120454566692432, -0.08039927433530825, 0.030119901436506936]]	[[0.07316408193491104, -0.5710226285847879, 0.2102719072370442, 1.2088890819252553, -2.898987100490049, -0.001624004333921203]]
[[-1.4392981873223034, -1.2177708998503207, -2.0355671086090235, 0.09053007920805226, -0.07281102105834919, 0.03546121241534347]]	[[0.07317100401609396, -0.5710232752897153, 0.2102597684582434, 1.2088778390537938, -2.89905608638766, -0.0015833221287653975]]
[[-0.7976999055005894, -0.7487043161626807, -2.360836780385895, 0.06363730594155083, -0.06801131483444287, 0.02645157611800006]]	[[0.0731576482809896, -0.571027092838404, 0.2102444718643076, 1.2087812190608176, -2.8990185127488, -0.0015891199067674501]]
[[-0.2471377518174799, -0.10172129387068257, -2.1748877433943865, 0.05131248659298504, -0.04819600095865197, 0.03537787195205924]]	[[0.07314761398277858, -0.5710247374147244, 0.21023426451383043, 1.2087825160985732, -2.8990706095588856, -0.001605585259366222]]
[[-0.09032657665192949, 0.12679944786831476, -2.0652207913581946, 0.04455505970623753, -0.04739371990758962, 0.02807550666888651]]	[[0.07312565655021258, -0.5710254274027078, 0.2101921885896924, 1.2087720886732758, -2.8989984658064105, -0.001666246634652698]]
[[-0.6534202430134354, -0.008488401253050226, -2.074141566237592, 0.05201367017008314, -0.061171431208214506, 0.03924040535590444]]	[[0.07315463375391072, -0.5710307302683688, 0.21017939930296053, 1.2087662877829526, -2.898986737680937, -0.0016098220040297589]]
[[-0.4936224587835873, -0.36088456056357243, -2.1186731883810426, 0.06008609137221563, -0.08481923260952279, 0.03716012427617586]]	[[0.0731406715263526, -0.5710335506529973, 0.21015951768745555, 1.2087892136436584, -2.8990423398427834, -0.001605302108026966]]
[[-0.2859554035474272, -0.43311928395525867, -2.092467681995245, 0.0637426430595778, -0.09023687446456755, 0.034827416518383815]]	[[0.07313629608731512, -0.5710157464400544, 0.2101139256073939, 1.2087718860569552, -2.8990001103980583, -0.0017203713060999523]]
[[-0.1461155963129994, -0.2024357828312725, -2.2117188680677935, 0.05689810230185284, -0.07757245270637356, 0.029025644818152164]]	[[0.07312902890172167, -0.5710440171869243, 0.2101308825099418, 1.208731118054585, -2.8990512317829706, -0.0015111557137286774]]
[[0.6184265175506696, 0.3300902380038342, -2.423754794112803, 0.04313829856909271, -0.07469374628199785, 0.039332963888688226]]	[[0.0731308595867548, -0.5710332987415385, 0.21009618290876433, 1.2087448351147014, -2.899035248601438, -0.0016256097413850977]]
[[0.5810400285447561, 0.35280395499763645, -2.312020355437161, 0.033500250222080565, -0.06470042952395996, 0.036210363477177966]]	[[0.07311688490278362, -0.5710401146247632, 0.21006330397781114, 1.2087019713733347, -2.8990279003308865, -0.0016472243202086667]]
[[0.14919430604370507, 0.42923350537237587, -2.064946918938721, 0.03965076814010264, -0.07502113907123131, 0.02867000227740606]]	[[0.07312515028103253, -0.5710337434754695, 0.21003506532686775, 1.208750359762932, -2.899046958613938, -0.0016614893135727662]]
[[-0.5384114251211036, 0.3853883545818654, -1.9720029007741735, 0.05016196321084426, -0.09475120332993055, 0.0344230401034999]]	[[0.07312565459403514, -0.571038401516653, 0.2100319785696489, 1.2086931871457298, -2.899055871588421, -0.0015686099837935485]]
[[-0.4456399873681691, -0.14825752796268776, -2.312905291543125, 0.050891913571665455, -0.11729149254387933, 0.03348272683793259]]	[[0.07313125023547422, -0.5710329809881913, 0.2099913726467621, 1.2087732825658608, -2.8991026643316142, -0.001657672560579034]]
[[-0.3908721170371313, -0.31420548529557757, -2.183082945611335, 0.0522236218903851, -0.1055055112042844, 0.03504049256653202]]	[[0.07312108389370635, -0.5710445304174945, 0.20997840230680895, 1.2087106909586534, -2.8990496228064813, -0.0016051046583081597]]
[[-0.24174420617199338, -0.46020534142147096, -2.1425020533359405, 0.04882760061565516, -0.0831599670081347, 0.0333159127777677]]	[[0.07314066974963786, -0.5710320476565882, 0.2099369337132983, 1.20879115456136, -2.899044250787014, -0.0016791599308047722]]
[[0.048921270709075704, -0.6748065883278522, -2.1580254909939227, 0.046181281190706115, -0.07568133023743168, 0.02955557560302485]]	[[0.07313650651659824, -0.5710407019668091, 0.20993046394560433, 1.2087725243299017, -2.899050444301353, -0.00160497148799088]]
[[-0.38593158799800076, -1.0657290839788423, -2.0594125032028643, 0.048042203710122265, -0.07945075311874183, 0.037596150692590306]]	[[0.07312480012679685, -0.5710441122779836, 0.20992537511348813, 1.2086729251585258, -2.8991036579510197, -0.0015469050129494257]]
[[-0.9330415530139796, -0.8827947036874173, -2.0684691002646165, 0.060430262520030364, -0.08825352921688218, 0.03573120284176713]]	[[0.07315529015942962, -0.5710452351916551, 0.2098861588690546, 1.2087295331698904, -2.899093904088747, -0.0015834049458223797]]
[[-1.3488765810121233, -1.1382948899688416, -1.861461966205144, 0.06042444223700492, -0.09104652206987086, 0.0353847182948808]]	[[0.07313840012487684, -0.5710415528785036, 0.20986306697004675, 1.2087081635609735, -2.8990892536348483, -0.0015458482735999494]]
[[-1.3475468570776994, -0.9763099404053394, -2.1042385953142593, 0.05743341644534355, -0.08833019764206577, 0.0377692609947768]]	[[0.07314640099831851, -0.5710465242715228, 0.2098399698581531, 1.2088080709223012, -2.8990352118901552, -0.001565373261683214]]
[[-1.3421010235680693, -0.77626745284022, -1.9834344869889562, 0.05781318272538943, -0.07947545451121366, 0.042707021452700056]]	[[0.07316827832288564, -0.5710444297372885, 0.20981830718364697, 1.208829342156724, -2.8990397487680792, -0.0015845670460474636]]
[[-0.8014148451103253, -0.8280916865086775, -2.058259286474111, 0.054653099993958794, -0.07734811037616272, 0.03327861624647158]]	[[0.0731490598106435, -0.5710535578051519, 0.20980182709356493, 1.2087554153378317, -2.899055315528421, -0.0014717855849488697]]
[[-1.3732768219155453, -0.637660320288483, -1.8721790457358318, 0.0663353687622059, -0.07326802627435464, 0.03203258467106485]]	[[0.0731540640015487, -0.5710411269284474, 0.20976632080758992, 1.208834336904463, -2.8990500507675585, -0.0015447671340941094]]
[[-1.1820696226380267, -1.2290924984371785, -1.9702184312161766, 0.05310540068806978, -0.09869407476224737, 0.03093073878061382]]	[[0.07315630448034695, -0.5710471137738332, 0.2097507204565232, 1.208816846980428, -2.8990570079597004, -0.0015267948089143868]]
[[-1.6936963706544994, -1.2258613708600368, -1.8082445270050056, 0.06031423026980893, -0.09708127721411694, 0.03093228613123882]]	[[0.07315144549100992, -0.5710443854708108, 0.20973001214224113, 1.2088374616904305, -2.899008906358173, -0.001510026935156233]]
[[-1.3165844254832975, -1.1553332305805386, -1.9107842618632427, 0.05905882006969572, -0.09586834682138091, 0.02965368090228587]]	[[0.07315650480432333, -0.5710543791791964, 0.20970500735596356, 1.2087380975438322, -2.8990630100454378, -0.0014719311522230132]]
[[-1.2994099796090177, -1.06681293000367, -1.922350460949596, 0.052925642010288376, -0.08843448139987764, 0.03480654341326299]]	[[0.07313517793249255, -0.5710676486325225, 0.2096880631079429, 1.2087116936258762, -2.899099488355502, -0.0014508217528495441]]
[[-1.140552112309499, -0.6969503765733269, -2.1359627568848567, 0.057004499613257244, -0.08748110342442231, 0.035001814297335294]]	[[0.07316502184636517, -0.5710444866883075, 0.20965708248724907, 1.2088599245731495, -2.899063727949064, -0.0014497713498020206]]
[[-1.0342744217886395, -0.9543230781519045, -1.9540752531562595, 0.049664235847884826, -0.09376919660083194, 0.031160779994954042]]	[[0.07314896124557092, -0.57107301482659, 0.2096487450556367, 1.208770611006927, -2.8990464818875923, -0.001321322307350068]]
[[-0.833158137298271, -0.9876179535718878, -2.203246252843031, 0.04981471255310603, -0.10239652903163313, 0.03152905532933637]]	[[0.07315052788243362, -0.5710569126951593, 0.2096092335700453, 1.2087986742298291, -2.899114114050341, -0.0013932619351349133]]
[[-0.7697578009462572, -0.679038290479318, -2.120214891241122, 0.05097861536182541, -0.11338993122187416, 0.026471190066540203]]	[[0.07315487378455218, -0.5710554264211034, 0.20959953613850962, 1.2088072410633721, -2.899083928601547, -0.001354985000335363]]
[[-0.7707612151950063, -0.4254364441283107, -2.252026180575709, 0.04870332694414374, -0.11048698277957086, 0.03420551312147742]]	[[0.07314775255642114, -0.5710663373025107, 0.20960200846733734, 1.2087058126261967, -2.899085856520721, -0.0012835339013088612]]
[[-0.7847329889787223, -0.419349145623901, -2.087475439623417, 0.04453489409460403, -0.10372839213513299, 0.03417536321976419]]	[[0.07312623894156155, -0.5710626654290744, 0.209572055483909, 1.2087453049318333, -2.899083351185199, -0.0013216984124863602]]
[[-0.7549881226902765, 0.09832708696661657, -2.247902586434523, 0.051463765030188804, -0.09867548291712082, 0.0392447680795494]]	[[0.07313838570182524, -0.5710714256483145, 0.2095525221040379, 1.2087430904159393, -2.899031362341684, -0.0012865231098827632]]
[[-0.4474464224910865, -0.08926597093319849, -2.320533380766523, 0.04219564146929383, -0.10932520302035409, 0.03537514224365282]]	[[0.07312570904660613, -0.57106875715016, 0.20952506120925052, 1.208683304734894, -2.899082792837196, -0.0012859299150176768]]
[[-0.5894797628859084, -0.1286000636313995, -2.2689668136258083, 0.04643668844533872, -0.11898873238383485, 0.03190305287473606]]	[[0.07313274196390168, -0.5710650925912373, 0.20950675970947935, 1.2087397322283726, -2.8990723045351383, -0.0012862582200485152]]
[[-0.7102033465873029, -0.3719943478633105, -2.541180567607145, 0.041902785005943355, -0.12047487789728761, 0.033150726538334556]]	[[0.0731564008247981, -0.571077238817761, 0.20949343589128144, 1.208764244004763, -2.8990341158154216, -0.001211876340166754]]
[[-1.0922206861688069, -0.5346280876525185, -2.2867641960371694, 0.03942311641563997, -0.11263436090757149, 0.0442300135106036]]	[[0.07314671149488958, -0.5710642564530184, 0.20946176638273825, 1.2087739790985659, -2.899057438434902, -0.0012488107043309037]]
[[-0.7721472081746822, -0.4646937900432653, -2.3502511761429496, 0.034349730765855464, -0.11523035609915751, 0.04185495089578794]]	[[0.07311516020036525, -0.5710752301965573, 0.20945439311011507, 1.2086870777049725, -2.899092503826289, -0.0011928896502651069]]
[[-1.1317128115604778, -0.3299695265946843, -2.3968266917781147, 0.035143095854123396, -0.10799250757449254, 0.03694982370967014]]	[[0.07313825327449623, -0.5710764616214196, 0.20941527253216385, 1.2087787129209844, -2.8990694085502144, -0.001286576866559126]]
[[-0.9917419720365568, -0.010309000663931922, -2.464055784628823, 0.04747227235117823, -0.11674871797983186, 0.033207384556935865]]	[[0.07312604582095635, -0.5710642665922422, 0.20938932145375322, 1.2087170886593033, -2.8990181264167902, -0.0013279340035201991]]
[[-1.0773109480149872, -0.34856658573823557, -2.173419627003009, 0.04757984381892382, -0.1181463506842367, 0.03619761996626174]]	[[0.07312114562243467, -0.571072213491198, 0.20937625132420717, 1.2087049627421513, -2.8990870906413906, -0.0012692102970169627]]
[[-1.4753475913232363, -0.414619626195608, -2.3395094065349777, 0.052208374013293285, -0.10928903973656985, 0.032321035495093436]]	[[0.07313127816097086, -0.5710774734118979, 0.20935983613860315, 1.208751752344849, -2.899002575912438, -0.0012718995582561346]]
[[-1.0997307529138287, -0.8586035142695868, -2.324110640485966, 0.040259260681593766, -0.1131538989422081, 0.03193391104126683]]	[[0.07314702123198823, -0.5710677338127611, 0.20933667388962102, 1.2087357986258032, -2.8990618951176286, -0.0012881106827903493]]
[[-1.1772718614132267, -0.44298265239210777, -2.0803049857726674, 0.04937085191957523, -0.10703972826081691, 0.04150839582138193]]	[[0.07314636219695575, -0.5710849496471138, 0.2093485642044938, 1.2087517175728113, -2.8990518785506696, -0.0011360975784417788]]
[[-0.7778914709754463, -0.4346093522823694, -2.106977324565051, 0.04825502711542201, -0.10795361889751026, 0.030268794737851466]]	[[0.07314416506993521, -0.5710757472024429, 0.20930010573850832, 1.2087052669449512, -2.8990864845847444, -0.0012313582549437138]]
[[-1.0532487612543346, -0.2731790340726335, -1.941343215185086, 0.05964269257902083, -0.11041947238249619, 0.02843020085011456]]	[[0.0731540768054776, -0.571066786901001, 0.20926109304098406, 1.2087706497138355, -2.8990485861438704, -0.0013271066155745432]]
[[-1.3914678422030997, -1.0736787188786172, -1.7370196760020695, 0.044773926833425265, -0.10347287052925719, 0.033394759360066605]]	[[0.07314319998601021, -0.5710800442951627, 0.20925845657071357, 1.208729515777389, -2.8990494672602427, -0.0011962055018281726]]
[[-1.3875317724471028, -0.6062741738650379, -1.5762537378800199, 0.06021912493144702, -0.10712759208915223, 0.03607017459562735]]	[[0.07312257644221085, -0.5710752134045088, 0.20925013155716793, 1.2087224442019027, -2.8990792374372445, -0.0012132351329588473]]
[[-1.7057619714804861, -0.9091497899704609, -1.5076302165689635, 0.05014118392291629, -0.09875179960538269, 0.03986493851539943]]	[[0.07315732599664031, -0.5710686160989218, 0.20922466844348536, 1.2087451301010865, -2.8990832199257657, -0.001233057762371196]]
[[-1.303944039656139, -0.8463334520042114, -1.6719605823862158, 0.04493466360622371, -0.10125520068091884, 0.03241687962416095]]	[[0.07313994928295353, -0.5710768006616662, 0.2091948918353619, 1.2087312498430838, -2.8991028629462026, -0.0012695228745105874]]
[[-1.3042588879654606, -0.6259290027885464, -1.380605000588248, 0.048894232614970015, -0.0989886683641375, 0.03524383901745411]]	[[0.07312848586036794, -0.5710719742290011, 0.20916388858532153, 1.2087049265976526, -2.8990882079848848, -0.0012705487735018015]]
[[-1.276302039353912, -0.9528185743355333, -1.257522752125158, 0.04466234102411295, -0.09665190241427629, 0.03306243647146633]]	[[0.07315199388580529, -0.5710809695957165, 0.20915456210806682, 1.2087868939374224, -2.8990399092497894, -0.0012148273370597884]]
[[-1.2812167412289017, -0.8162066417421957, -1.208952024561857, 0.05013778980230796, -0.10347251105776567, 0.03438332620723414]]	[[0.07315491314359297, -0.571065631194662, 0.20911532483644382, 1.2087753374997665, -2.8990606997297976, -0.0013456428126731436]]
[[-0.9783045436277636, -0.7559461169454076, -1.4210991988599033, 0.04967893488437558, -0.10939782894550279, 0.028429640186216437]]	[[0.07313382518309115, -0.5710741007578143, 0.2091134089691697, 1.2087130235592405, -2.8990591389944305, -0.0012902965782859265]]
[[-0.9939973852166293, -0.7983040374566227, -1.2919049850534157, 0.04547353023990461, -0.1020351178920259, 0.03135546392712266]]	[[0.07313629562232613, -0.5710670583860854, 0.2090768282436783, 1.2087319262577638, -2.899104848939612, -0.0013451836210889674]]
[[-0.5941168940600068, -0.8117723829960704, -1.387207449010127, 0.03835873949927471, -0.10315217338257253, 0.029833051708950075]]	[[0.07314460987848928, -0.5710702408692689, 0.2090437706560222, 1.2087672896099289, -2.899090705245032, -0.0013661345640392521]]
[[-1.3146027792353228, -0.5047678750126803, -1.378192503053812, 0.045778446523666166, -0.08560337523522604, 0.036565340849163644]]	[[0.0731287190954427, -0.5710726675915788, 0.20902043373947826, 1.2087056285262487, -2.8990906674389345, -0.0013648237305557633]]
[[-0.7932984877292524, -0.33048680188231794, -1.7800216062834628, 0.03722444229355946, -0.1059565329355021, 0.03212466289845993]]	[[0.07313832909842971, -0.5710793082069765, 0.20900740476641944, 1.2087062360040228, -2.899090453495261, -0.001365559200783958]]
[[-1.259491011262379, -0.4459425301292993, -1.6328869378076594, 0.03791480731225377, -0.09605661447964278, 0.029287284552555543]]	[[0.07313160321732666, -0.571068213906752, 0.2089769522338722, 1.2087138132951531, -2.8990615893457017, -0.0013862552900626654]]
[[-0.9247281780304276, -0.4394245803741563, -1.6593537294243945, 0.041191520821381646, -0.10407264098406602, 0.03545826721184643]]	[[0.07312529456619243, -0.57106358137097, 0.20894178780802622, 1.2086900108442022, -2.8991000528507844, -0.0014787553559374098]]
[[-1.178314868300928, -0.3009988549052426, -1.7511202164604953, 0.04404972777542263, -0.09352268855063543, 0.04011908446503204]]	[[0.07315689703786632, -0.5710709958022103, 0.20893243502986913, 1.2087592508698408, -2.8990699529284574, -0.0014222203431067425]]
[[-0.9448396505061949, -0.27239702790246, -1.6013885048096623, 0.043567146813635826, -0.09743028467847631, 0.03331127682078511]]	[[0.07315734435266677, -0.5710721572639513, 0.20892612145701506, 1.2087416501897446, -2.89907647459079, -0.0013830106262984736]]
[[-0.8934741643562385, -0.20164028137682283, -1.644890973053317, 0.04480370035304608, -0.09162589720104386, 0.032839467682147926]]	[[0.07313319224710083, -0.5710656370597061, 0.2088622552311653, 1.208690090323987, -2.899100761306751, -0.0014955658376388644]]
[[-1.2362447610188023, -0.57389629210898, -1.4869973191559516, 0.04046349894963622, -0.08408272124658589, 0.03616735333765572]]	[[0.07312334572280782, -0.5710740546941546, 0.20884787784680053, 1.2086770046895683, -2.8991184029304047, -0.0014582972039219354]]
[[-1.3138720609602246, -0.8557583144604052, -1.5306525131892406, 0.0357481460908391, -0.08004724513600969, 0.040936622757613686]]	[[0.07312997847145268, -0.5710693328964593, 0.20882877648962533, 1.2087155996462398, -2.899115711114248, -0.0014753673175694644]]
[[-0.7878321886057106, -0.8134555649222549, -1.7307204129363682, 0.04611708332555007, -0.09340002520160454, 0.035134323226623104]]	[[0.07314574052022434, -0.5710767513231036, 0.20879479361416384, 1.2087981717138558, -2.89906889277495, -0.0014935639366682378]]
[[-0.7878446648534587, -0.8134266402964949, -1.730728328241836, 0.046112100046148075, -0.09340204741581344, 0.035135488022469304]]	[[0.07312094045372333, -0.5710710073584072, 0.20877558182279765, 1.2087244635968197, -2.89908650016436, -0.0014771480458669157]]
[[-0.5510915735360703, -0.7197212885050306, -1.8167735381094716, 0.04710340744093683, -0.09241016148756057, 0.032806863808606965]]	[[0.07315796328260181, -0.5710738773040768, 0.20873941977206048, 1.2087761837554942, -2.8990650003546756, -0.0014749476977978372]]
[[-1.4600199556481628, -1.0235360707368113, -1.7781488259888614, 0.03830955783405922, -0.07197151261647897, 0.039819390739318485]]	[[0.07315506080559524, -0.571069404512208, 0.20875459694340742, 1.2087709584071538, -2.8990522130438277, -0.0013819955200064023]]
[[-1.05473308035998, -0.9785048275253361, -1.921498771187731, 0.039321391643800996, -0.08228543146129992, 0.033188791543307804]]	[[0.07315518841568719, -0.5710733253545945, 0.20871403181154743, 1.208766622205358, -2.8990420166491977, -0.0014400646705881872]]
[[-0.6438452516433915, -0.6965394074366479, -1.75858672960632, 0.04637527253179218, -0.09415927535713545, 0.02961635474545731]]	[[0.07313394161302156, -0.5710745796866084, 0.20866792576719567, 1.2087148324167474, -2.8990658674721383, -0.0015335392431953532]]
[[-0.5342654607016897, -0.7156689987763499, -2.0763647145501283, 0.04841296819080332, -0.09652600071593859, 0.033396586058361884]]	[[0.07315299482031119, -0.5710803835158484, 0.20866971281728797, 1.2087577046450682, -2.8990718474043304, -0.0014189873504807152]]
[[-1.1714816077584282, -0.7229624762834569, -2.0783068715733526, 0.04493282192494987, -0.08459099957906978, 0.028782747627922774]]	[[0.07314572891583232, -0.5710780940085627, 0.20861973097732023, 1.2087534969469762, -2.8990108389895295, -0.0015164442732089232]]
[[-0.7315353965749398, -0.9033126324902369, -1.9905577357803992, 0.036718332567265206, -0.08848782021021177, 0.030971568788934253]]	[[0.07315248308230955, -0.5710723352086075, 0.208593803690094, 1.208716737954482, -2.8991179386331303, -0.0015484433359232474]]
[[-0.914197987458736, -0.4913013863461777, -2.1967267989393706, 0.04548055411536839, -0.09214129126974918, 0.027484053373495482]]	[[0.07315352162502858, -0.5710723184200552, 0.20857708098863556, 1.208780737090178, -2.8990258755062817, -0.0015314918796317165]]
[[-1.3221886348368908, -0.9029625478640899, -2.042395830173326, 0.040049332167235094, -0.08842565250679306, 0.033463585825352894]]	[[0.07314653842700262, -0.5710803040304869, 0.208532260296103, 1.2087711613394891, -2.8990050801463387, -0.0015708816344162685]]
[[-1.4010999102753436, -0.9229748225560407, -1.987000775969041, 0.039145658514784576, -0.08779362399370796, 0.037070289093193855]]	[[0.0731370038841024, -0.5710792038923624, 0.208530059958327, 1.2086680185276752, -2.8990986173198223, -0.001492719094854678]]
[[-1.2591419712469387, -0.8986575351670234, -1.9230816255190843, 0.04241938256400361, -0.08871870736109164, 0.028693063601124624]]	[[0.07316077351169055, -0.5710746075985399, 0.20850609966139608, 1.2087853621703923, -2.8990885405661575, -0.0014907044328919994]]
[[-1.1191600977000482, -0.8931077756405319, -2.008923635117013, 0.03830557025263152, -0.09274612330710849, 0.030376278145298825]]	[[0.07313736869868848, -0.571069974846948, 0.20849640214233808, 1.208698891474462, -2.8991242630361254, -0.0014711517577626597]]
[[-1.2571800125239132, -0.7499719422183782, -1.9856495562257963, 0.039684910276326625, -0.09086574144478592, 0.02356666281397203]]	[[0.07315795426003571, -0.5710807054108281, 0.20848069440885586, 1.2087325867346914, -2.8990572584445298, -0.0014354119797233196]]
[[-1.1283123871305778, -1.1601557179759092, -1.998154470308746, 0.0288623434621243, -0.08448123470397594, 0.032369376157599036]]	[[0.07315915563145668, -0.5710803573925967, 0.2084502772220363, 1.2087197470647348, -2.8990753962522864, -0.0013978102935105928]]
[[-0.8764323999583532, -1.0983758975576645, -1.7825324227841008, 0.027840767565065233, -0.091036541828908, 0.03044347825557865]]	[[0.07316631362597853, -0.5710769755388118, 0.2084465056217989, 1.2087923114210282, -2.8990568660266147, -0.0013400466907023774]]
[[-1.3803973316814404, -0.7715944586777053, -1.84669747685951, 0.034160047824007056, -0.08775111036864787, 0.029761629758395233]]	[[0.07315025486855724, -0.5710763406986279, 0.20839788747603366, 1.2087360885090905, -2.8990680723529927, -0.0013596408862251831]]
[[-1.1946783933700937, -0.6072468371440596, -2.009881181547556, 0.03799506868465344, -0.09534865780306143, 0.03828476356274134]]	[[0.0731514280764233, -0.5710829454264794, 0.20839698760455294, 1.2087134121105427, -2.89906245720703, -0.0012847636389382746]]
[[-0.9223614045280716, -0.7689926471284357, -1.9042284268681986, 0.04244695571991311, -0.10022961786765809, 0.031504414771836665]]	[[0.0731606074681205, -0.5710841318510352, 0.2083623463692629, 1.2087699555629723, -2.8990524779831923, -0.0012841290479773384]]
[[-1.3964374817718703, -1.1876978122611306, -2.026578033994381, 0.04033916797880606, -0.08430484220385218, 0.029829224411667413]]	[[0.07316358199075115, -0.5710886407718314, 0.20835257449317518, 1.208740001779836, -2.8990762978681257, -0.0012090330485809103]]
[[-0.745754558652234, -0.7733452724369201, -2.1206595218205853, 0.043867896215796474, -0.10451660655284581, 0.033041927197086325]]	[[0.07315321757564408, -0.5710944185092397, 0.2083258697689404, 1.2087724199653103, -2.899009977039598, -0.0011742772484423676]]
[[-0.9512609307610369, -0.776884973999988, -2.2741294366900813, 0.03199353746942064, -0.10778441305879344, 0.02587739692949115]]	[[0.07315854905847533, -0.5710949627794895, 0.20832825748865813, 1.2088423477084718, -2.8990321414335467, -0.0011335705089791411]]
[[-0.8836790463759195, -0.4895943390429417, -2.3528458566823325, 0.029393223864252874, -0.11374856337190198, 0.026222834733135678]]	[[0.07315198068832152, -0.571093181304503, 0.2082662132497996, 1.2086922689497226, -2.899110349111462, -0.0012461160349743552]]
[[-1.5950309178247362, -0.5803780027254833, -2.5628325331704147, 0.03009998627050401, -0.100621321562889, 0.03215041126216214]]	[[0.07315575106570782, -0.5710875065445099, 0.20825902155179976, 1.208739174823622, -2.899076747873916, -0.001190776601837964]]
[[-1.0240642180759367, -0.6651406695698968, -2.7685551553422054, 0.038418357497903996, -0.10938343615957444, 0.03336093800976351]]	[[0.07314335139842613, -0.571073402614638, 0.2082244714189749, 1.2087222254972871, -2.899084528572237, -0.0012125705296392641]]
[[-0.7355412855394413, -0.7785272573068543, -2.8684328880839773, 0.04789572140640941, -0.10916345785524548, 0.030548192741070856]]	[[0.07314714893735165, -0.5710938333218004, 0.20823339252436407, 1.2087594104460013, -2.8990280238497275, -0.0011379113798307425]]
[[-0.7402962644545148, -0.6389921251286035, -2.951048841190637, 0.0496493375485948, -0.11356081774552972, 0.024097245072313596]]	[[0.07313622504711283, -0.5710957969654481, 0.20819562548421422, 1.2087162771247844, -2.8990709668292816, -0.0010637817969498331]]
[[-1.2004788019968908, -0.8183787575766948, -3.100761775117192, 0.038769134679614466, -0.10694216149410943, 0.033241835278382606]]	[[0.0731482801052187, -0.5710864730744968, 0.20819393823760568, 1.2087209050002854, -2.899081964170791, -0.0010629601386637393]]
[[-1.0585718081976832, -0.6624754215607978, -2.987201346838703, 0.04034711967265012, -0.11081345781876845, 0.027820252437760117]]	[[0.0731719715926563, -0.5710918498166173, 0.20816644177351135, 1.2088251848611709, -2.8990386039883007, -0.001063609741635839]]
[[-0.9809287893443627, -0.7450310379794143, -3.100616634793624, 0.039668821245701855, -0.11304202562683568, 0.030672700187090222]]	[[0.0731575395682427, -0.5710826518080842, 0.2081373720426003, 1.2087946220776415, -2.8990135376412227, -0.0011227159746427938]]
[[-0.9865022801145583, -0.9135319146316008, -3.271637763242752, 0.03766738814345676, -0.11097897263477038, 0.03257725088514349]]	[[0.07315020116349527, -0.5710916345897613, 0.20813267306699235, 1.2087375762735506, -2.8990757247241636, -0.0010823189315105149]]
[[-1.1969649090845307, -0.47974794990997843, -3.3038030145133446, 0.05137485175867782, -0.11146553634297192, 0.02761607480471816]]	[[0.07314646542258248, -0.571085062788521, 0.2081016509990472, 1.2087687881992057, -2.8990512192917133, -0.0011396288985317882]]
[[-0.8379526086189936, -1.1367615617036357, -3.213732754825513, 0.036538399574580493, -0.12121632215252184, 0.027549722999867066]]	[[0.07315976859320045, -0.5710817295729225, 0.2080620220569382, 1.2087869154564095, -2.899044275911779, -0.0011591550414686604]]
[[-0.9858019184495141, -0.8514314038992853, -3.2563897269981905, 0.04577770278427679, -0.12328301955575646, 0.022343928692627354]]	[[0.07315491513250323, -0.5710886185226449, 0.20802453796969525, 1.2087344464459084, -2.8990666915076333, -0.0011767309305044256]]
[[-1.4722957969365869, -1.23880029060639, -3.401296341512133, 0.03747332633103241, -0.11068964963929677, 0.03206358892028741]]	[[0.07312859593141027, -0.5710720504900397, 0.2080157081111122, 1.2086875368000676, -2.899099747111788, -0.0011969982269265655]]
[[-1.3677782804915595, -0.9903000453628121, -3.475996718268364, 0.04369749519423483, -0.11842937852436844, 0.02558941410407096]]	[[0.07316499898456241, -0.5710835458662429, 0.20800379420086462, 1.2087257365137372, -2.8990437057609486, -0.0011598834292783893]]
[[-1.1136600537587784, -1.231690196175905, -3.3867300837083754, 0.03185143880666748, -0.12211474714328209, 0.03395925349530423]]	[[0.0731380686490948, -0.5710815935768345, 0.20800417379110753, 1.20876823620954, -2.899050376688778, -0.0010653276781795564]]
[[-1.2262662896806722, -0.6849523714570902, -3.327050607156554, 0.0438093225488104, -0.11935178074683978, 0.02772126768855336]]	[[0.07315985291412312, -0.5710853724104692, 0.20798866025127583, 1.208729404504071, -2.8990527699918114, -0.0010477591584993834]]
[[-0.5110106536071509, -0.9060011586487544, -3.2340705627233377, 0.03962164526064893, -0.12854623931830556, 0.01829786845956767]]	[[0.07315260271596702, -0.5710660198553876, 0.20794975585279746, 1.2088333505814206, -2.8990117815649654, -0.0011428395780596799]]
[[-1.3351755435710506, -1.1259990197704453, -3.0416618883396946, 0.03377491135220608, -0.10505543793408993, 0.0299681814206265]]	[[0.07312996387943504, -0.5710736593796283, 0.20793211058958327, 1.2086981350758264, -2.899029909287142, -0.001163555296462826]]
[[-1.2239218675958843, -1.0433024663183113, -2.7819119266951535, 0.037265175972753826, -0.10454714589413928, 0.03262191938639426]]	[[0.07315740489273634, -0.5710719969399835, 0.2078909140403079, 1.2087398435264634, -2.899078126766494, -0.0011778519936451101]]
[[-1.1567056446486381, -0.7977570358336239, -2.7421600481440853, 0.04134213462210572, -0.10173849373608185, 0.03043446125088273]]	[[0.07315740489273634, -0.5710719969399835, 0.2078909140403079, 1.2087398435264634, -2.899078126766494, -0.0011778519936451101]]
[[-0.7144564619661377, -0.7939043926753356, -2.71309547905169, 0.038607266590745745, -0.10858502469298711, 0.02567888760494356]]	[[0.0731407052454576, -0.571073159001324, 0.20786552288522597, 1.2087468272582587, -2.8990481321295136, -0.0011428203077649434]]
[[-0.8560686461078271, -0.961657685447266, -2.4408374253978997, 0.03246609112994535, -0.10466219070800965, 0.029620567683253694]]	[[0.07316477420644994, -0.5710672644693007, 0.2078091260461028, 1.2087561342532596, -2.8990199027734778, -0.001199928113967146]]
[[-0.2329651010728799, -0.7095798164008118, -2.2891412584808313, 0.04259934870718837, -0.10810964011185503, 0.0256266670025323]]	[[0.07315176632392122, -0.571060300300115, 0.20779929468972597, 1.2087692407776853, -2.8990533994887064, -0.0011802298851185083]]
[[-1.0111720528450914, -0.9370722285482272, -2.064686466127109, 0.04093996646070206, -0.09024063412047277, 0.02691278543775262]]	[[0.07315176632392122, -0.571060300300115, 0.20779929468972597, 1.2087692407776853, -2.8990533994887064, -0.0011802298851185083]]
[[-0.802855237704686, -1.110295045454414, -1.8443473940856474, 0.03652363391122332, -0.09023970885983738, 0.030209790976670144]]	[[0.07313556871019106, -0.5710559503347902, 0.20776207333311583, 1.208752601883507, -2.8990621512327945, -0.0012539641791323095]]
[[-0.9004385574421666, -0.6649777917405609, -1.9332488203292262, 0.04462291494339443, -0.0886815103272362, 0.02230709373104437]]	[[0.07313864576734545, -0.5710486391844084, 0.20770772126852227, 1.2087136748331861, -2.8990661049625968, -0.0012947891367278963]]
[[-0.9099694055397061, -0.6515600311897563, -1.6020399377022922, 0.03799611744893753, -0.0880387578972141, 0.02704618173926123]]	[[0.07315454263848438, -0.5710643065077013, 0.20772824717782207, 1.2087222879266217, -2.8990854170532323, -0.0011424436546918879]]
[[-0.5605755422440536, -0.5013746626226736, -1.518218989475034, 0.040667382581387634, -0.08502998275133247, 0.028116857898052773]]	[[0.07316791600724057, -0.5710463387123021, 0.20767225623037874, 1.2087364767648465, -2.8990705259556258, -0.0013112291462077793]]
[[-0.7711805014256924, -0.6047741850319407, -1.2457136136187947, 0.042267475785746064, -0.0771395235083105, 0.02738471921478501]]	[[0.07315825169616334, -0.571062114802191, 0.2076504696876998, 1.2087128960757454, -2.8990650188586695, -0.0012193430944915605]]
[[-0.6913964251243319, -0.7701198137277967, -1.1706751320880096, 0.042095855820599326, -0.07505111011163844, 0.027264739131402704]]	[[0.07314548888697173, -0.5710436116570798, 0.20761263525507717, 1.2087195658462302, -2.8990787941874743, -0.0013515678400620674]]
[[-0.39959754904402, -0.6067888865048291, -0.9513018957776933, 0.046284626724228964, -0.0771983462056561, 0.0257542489526832]]	[[0.07313656175326969, -0.5710465042592564, 0.2075916295386463, 1.2087269857264114, -2.8990498561144804, -0.0013701289296297963]]
[[-0.7991607520413476, -0.8540114483928453, -0.5981318575145341, 0.04203421784533681, -0.06422741166676632, 0.028331782552925087]]	[[0.07315909259469676, -0.5710521499064093, 0.2075558760138897, 1.2088265619236853, -2.898995189426477, -0.0013526717194544153]]
[[-0.4898873389960443, -0.7105444293089561, -0.4366430604179117, 0.04034760045272311, -0.06401303354719823, 0.02453123318735522]]	[[0.07313920826466834, -0.571046754414188, 0.20751048106552872, 1.2086844404044048, -2.8990963285805553, -0.0014627883465157326]]
[[-0.8452864686320716, -0.7011099702492648, -0.38734484588900414, 0.04723603679621432, -0.05413576283846882, 0.029354835003189188]]	[[0.07313661046896539, -0.5710433364827527, 0.20749094989474642, 1.208697868866713, -2.8990778490069875, -0.0014831614558361713]]
[[-0.7047569521241005, -0.8985869969997333, -0.464978620691668, 0.04218128105725013, -0.05378687376460179, 0.02869918673144232]]	[[0.07314464523234603, -0.5710414382338505, 0.20745943216036514, 1.2087204176038309, -2.8990816044136944, -0.0014625875976229227]]
[[-0.554021907347775, -0.7206878571172813, -0.7668667862779853, 0.04396752195162556, -0.06010360477916788, 0.0276977455134945]]	[[0.0731658975592918, -0.5710479172997561, 0.20744663932346824, 1.2088315480582998, -2.8990077533087057, -0.001406944761444538]]
[[-0.9363894650735247, -0.33542394059695835, -0.966404207063322, 0.047428386393107015, -0.059383817571450365, 0.024683695404124965]]	[[0.07314808892068429, -0.5710316138125858, 0.2074035132377411, 1.2087895209639075, -2.8990547361900427, -0.001537900825981892]]
[[-0.6928197910283984, -0.620505790486933, -1.0669419601549228, 0.03344440617386491, -0.06209663254727135, 0.026825276972764173]]	[[0.07315584735409476, -0.5710212146972258, 0.20734732669898204, 1.208782036345764, -2.8990346552645305, -0.0016719561405379023]]
[[-1.1893380549203767, -0.7260475135475789, -1.2470335218690036, 0.026417304714059717, -0.04869366698340728, 0.028674060398284813]]	[[0.07315917260166858, -0.5710387393059353, 0.2073674561810089, 1.2087595254059098, -2.8990787073982847, -0.001463817675281695]]
[[-0.3356516864805796, -0.01419911816340777, -1.2072495636091345, 0.036844458577855115, -0.07520344279365201, 0.022410169126164083]]	[[0.07313229360299277, -0.5710352611104056, 0.20731478142528056, 1.208711654360054, -2.8990628952409745, -0.001613124438260297]]
[[-0.7085353199175457, -0.10073918452691305, -1.274776454755981, 0.04193089268793021, -0.06509681115466054, 0.02020255946923947]]	[[0.07313931612494362, -0.571047640270653, 0.2073278080076673, 1.2087273953899753, -2.899001382863339, -0.001465765845823216]]
[[-1.0066334650300177, -1.0140741332323588, -1.2117178332151175, 0.03185920832924188, -0.057665078500410125, 0.02316504201682007]]	[[0.07314321500838718, -0.571041253731079, 0.20726374282138688, 1.2087167918376716, -2.899073853451728, -0.0016113721152344871]]
[[-0.46307752608769326, -0.7245456481363115, -1.2034756575292789, 0.03962002524944751, -0.0632969510954993, 0.010790717200005136]]	[[0.07313296283396227, -0.5710404236723817, 0.20723751983310118, 1.2086550260808284, -2.8990735210726535, -0.0015935786187221477]]
[[-0.5359869411273684, -0.9034627551750289, -0.9309944908466197, 0.039418191297275855, -0.05879829647136821, 0.019152477945328573]]	[[0.0731480514979673, -0.571047170448323, 0.20724840244074433, 1.20874226015992, -2.89908681027161, -0.0014782154362257924]]
[[-0.7570728171604473, -0.6339696953360073, -0.8604819923551894, 0.048776046352215364, -0.0570945715579475, 0.01652328699125767]]	[[0.07314346208553077, -0.571055346824158, 0.20720948941886141, 1.208747705873906, -2.8990063334027654, -0.0014621432561864255]]
[[-1.0625405068959035, -1.1369152503735516, -0.46504630449984813, 0.03672124062453061, -0.0554351164395738, 0.02626053692639365]]	[[0.07316935532889479, -0.5710538008924756, 0.20720522163481314, 1.208783703077095, -2.8990425287653596, -0.001440411092001372]]
[[-0.8068616245833067, -0.9879461855390096, -0.04666868373367303, 0.04525970485112954, -0.06233736580950977, 0.016679201338966658]]	[[0.07316696658657236, -0.5710405408771537, 0.20716002187054056, 1.2087764325779362, -2.89907380436122, -0.0015155946121295741]]
[[-1.0111752328901278, -1.3075225467927472, 0.23196954430634406, 0.03947842239284665, -0.06637174113924134, 0.015838543702899686]]	[[0.07315860971972458, -0.571054344768727, 0.20712838154391483, 1.2087013570012892, -2.8990397345028622, -0.0014989904771360537]]
[[-1.0545542508587191, -0.9372269602353014, 0.5504399379573761, 0.047354263758757, -0.07488588315265145, 0.016005153929344096]]	[[0.07315861697026566, -0.571047608330831, 0.20709861934704607, 1.2087453802882153, -2.899048191411505, -0.001535486885291142]]
[[-1.0091145089013478, -1.1579863131708772, 1.0070897938571641, 0.037794725295188125, -0.07948996086570344, 0.024327329902863473]]	[[0.07317108723834456, -0.571048147103273, 0.2070641214569934, 1.2087460026877541, -2.899099000893399, -0.0014754715326655453]]
[[-1.01021321535452, -1.0894786495160234, 1.4539316318079254, 0.0354305608469294, -0.07772133192493969, 0.021406330316216436]]	[[0.07317967394687909, -0.5710398156244709, 0.20703306471811522, 1.208841529360798, -2.89903596650809, -0.0015898031666150094]]
[[-1.0662187804845709, -1.1262972780519451, 2.411201419946276, 0.0459365402569224, -0.0737243848241882, 0.017910211748304178]]	[[0.07316848507068643, -0.5710480103263393, 0.2070255527425422, 1.2087719064616946, -2.8990638248778686, -0.0015343201878216526]]
[[-0.7809375867662911, -1.3412370760811827, 3.462162250813771, 0.059911558723179284, -0.07579385302526503, 0.020288252138215994]]	[[0.07315371174231985, -0.5710535184616706, 0.206990540445538, 1.2087448695226783, -2.899047764312426, -0.0014800848312342453]]
[[-1.4315334955744534, -1.8421416795240133, 4.586831165708811, 0.05420913512537433, -0.06586988976289357, 0.018583181182177166]]	[[0.07316330610312495, -0.5710370078835504, 0.20693678459514891, 1.2087344227001235, -2.8990693220774784, -0.0016666495688618971]]
[[-1.2832032353539602, -2.04721174557994, 5.886466951128171, 0.05632639847697974, -0.07350647262216965, 0.031916828583511095]]	[[0.07314578320864634, -0.5710426161574158, 0.2069012489250319, 1.2086975417436254, -2.899033311309487, -0.001671701729174076]]
[[-1.0505818651427123, -2.3872906504410927, 7.715834828433288, 0.059519609320264094, -0.0827989271550343, 0.027078380213547037]]	[[0.07313976004022776, -0.5710354056032986, 0.20688522870530093, 1.2086939940227137, -2.899073631507431, -0.0016696978951826166]]
[[-1.0505818651427123, -2.3872906504410927, 7.715834828433288, 0.059519609320264094, -0.0827989271550343, 0.027078380213547037]]	[[0.07313976004022776, -0.5710354056032986, 0.20688522870530093, 1.2086939940227137, -2.899073631507431, -0.0016696978951826166]]
[[-0.7174694996470815, -2.114065784783555, 9.416842104628104, 0.08071940289886553, -0.10767188522310575, 0.022900914481336927]]	[[0.07315743074151398, -0.5710315769639895, 0.20682362771042778, 1.208722019226019, -2.899039691173616, -0.0018246837852411515]]
[[-1.8917911560565155, -2.316245513047574, 10.133863977438594, 0.06021665123666647, -0.12185567037103051, 0.03042753975325231]]	[[0.07315581852162968, -0.5710300492401479, 0.20679298041993172, 1.208727142616951, -2.8991031987582545, -0.0018412818331520647]]
[[-1.4854556146652076, -2.1965221188106807, 13.01589313307882, 0.10225576908110423, -0.1839267713293828, 0.01580466544633516]]	[[0.07313186156433134, -0.5710104313071637, 0.20672933870948057, 1.2086513984993303, -2.8991136437151583, -0.0020682615833274953]]
[[-2.5719642443622353, -2.8253412560808058, 14.648481469704027, 0.0526959678546359, -0.23934587539649646, 0.0361404595780649]]	[[0.07314703670522939, -0.5710129399431352, 0.20666729740411907, 1.2087210497836045, -2.8990865347878203, -0.0021455300649812696]]
[[-4.327345720835797, -1.6311813506578972, 14.526766351979132, 0.09568966504152068, -0.3212425455682939, 0.002932535868166327]]	[[0.07314244202203142, -0.5709871001909244, 0.20660094220408606, 1.2087240010918563, -2.8991422924245684, -0.002351993289225497]]
[[-4.282961843838839, -0.8597016914014073, 13.165848895536728, 0.027114878734332576, -0.38568950315649764, 0.024758830851002698]]	[[0.0731442747452949, -0.570985296119433, 0.20655487784010432, 1.2087855617498884, -2.899144398038254, -0.0024309766852484735]]
[[-4.70181109545393, -0.4692737058560552, 13.931264294237193, 0.06074037708982866, -0.3942837389942816, 0.02555506672261275]]	[[0.07314600487899045, -0.5709653943943422, 0.20650818427402468, 1.2088204161564124, -2.8990813113574183, -0.002565292131979402]]
[[-4.4698256496146085, 0.27522382974115045, 12.902760016116975, -0.010272561002368341, -0.3942590222913722, 0.009190451640268993]]	[[0.07316575004754661, -0.5709536232298557, 0.20640937771458234, 1.2088139905457642, -2.8991149999176917, -0.0027901709302517795]]
[[-5.082226190034083, 0.508886978470104, 12.72834809463293, 0.03797196079432058, -0.41420846635931247, 0.00834339941455783]]	[[0.07313168015706746, -0.5709463490356503, 0.20637233118351198, 1.2087355071999295, -2.899122981211239, -0.0028292761465329615]]
[[-5.07908300287832, 0.8701729187445522, 11.463977345612838, -0.015143756262074481, -0.4279451335616639, -0.002893561230455151]]	[[0.07312995043806378, -0.5709351979784283, 0.2062875589092668, 1.2087296763534714, -2.8991579328669466, -0.003127829445046922]]
[[-4.938994579657466, 0.7015023741623616, 11.714719270568812, 0.01927800677789257, -0.4089229201682692, 0.005653062669401965]]	[[0.07314053924816165, -0.5709287236339523, 0.20625780780859898, 1.20882802809083, -2.899103803652415, -0.003108595235359814]]
[[-4.230283458545296, 0.90479381886279, 11.114824402075312, -0.02638218941911527, -0.3498369751948107, -0.005197608372639914]]	[[0.07316703229413811, -0.5709293824497408, 0.20619489248582268, 1.2087849869608733, -2.8990980579439554, -0.003203851223987935]]
[[-2.9785763914739682, 1.092963146680308, 10.588197672585542, -0.0011501647879055, -0.3183730106647967, -0.013640909226292196]]	[[0.07316197049417446, -0.5709295076519688, 0.206177890815494, 1.2087996826345804, -2.8990395116206304, -0.0031877504411622097]]
[[-2.811542527311288, 0.1862987991758418, 10.209180715077945, -0.020312953948902424, -0.2622765593673864, -0.022919385644074912]]	[[0.07316199043335998, -0.5709352989357614, 0.2061340340693147, 1.2087818695447903, -2.899098839712059, -0.003219900932074389]]
[[-1.7333575901814564, 0.27017849748629663, 9.827268366984434, 0.027418107582102433, -0.2518801200201887, -0.019455884840562168]]	[[0.07314944917022888, -0.5709345704539712, 0.20611404352202528, 1.2086943212446937, -2.8990811274959913, -0.003143358749362954]]
[[-1.7584354824410737, -0.5110803502336272, 9.302895809722214, 0.016921150525942924, -0.22511801233119066, -0.04541346248989385]]	[[0.07316898058103946, -0.5709417957776641, 0.20608199985371084, 1.2087379517761716, -2.8990891577332474, -0.0031382901207056696]]
[[-1.2873541179104522, -0.3652958308714802, 8.832279446622515, 0.04003277641422141, -0.2322902491869246, -0.045271654416508704]]	[[0.07315155260776639, -0.5709530525939934, 0.20606902652579734, 1.2086859115955937, -2.899108720175765, -0.0030258369624203167]]
[[-1.3214516537494445, -0.4694457366995128, 8.151555345681777, 0.034790755861709585, -0.23822401182544106, -0.04877598303303364]]	[[0.07316250688903521, -0.5709590511158978, 0.20606998334680182, 1.2087269801889695, -2.899102494215383, -0.002930085326850315]]
[[-1.3712251125980703, -1.0369362692453523, 7.692908934152444, 0.03226597200300001, -0.23888009780192887, -0.038537885257905684]]	[[0.07315105880797802, -0.5709584932686159, 0.20602961678964649, 1.2086963167010267, -2.8990774130792043, -0.0029684693369184736]]
[[-1.6715612159497142, -0.9166116373944523, 7.545702025773374, 0.05256235407040591, -0.25231294420346245, -0.045742458654101835]]	[[0.07316032443142952, -0.5709601344891828, 0.20603278504274755, 1.20871783915298, -2.8990786616266093, -0.002871711997136451]]
[[-1.6593456188321962, -1.086194133735519, 6.976990277640364, 0.05145549162708621, -0.2827407162781179, -0.043389301123990635]]	[[0.07315622538438417, -0.5709689564146895, 0.206012171832345, 1.208699207323363, -2.8990849495513205, -0.0027966771533839943]]
[[-2.0082819595072414, -1.253592277527699, 6.631313893737129, 0.0677382066315476, -0.2908615461036386, -0.03671846497445569]]	[[0.07312966970171697, -0.570985014504949, 0.2060179684907258, 1.2086328427444288, -2.899071746608644, -0.0026844495231240755]]
[[-1.5154847092142991, -1.128213524951167, 6.44807594702998, 0.05799806029779392, -0.30652867649077037, -0.035096416866638835]]	[[0.07314105101644916, -0.570986066762993, 0.2060061210883901, 1.2085759825696445, -2.8991324473869424, -0.0025883779263298078]]
[[-1.4188844633370703, -1.2507436726286398, 6.276756746170993, 0.052183627224140855, -0.3039033477226804, -0.0470883287212698]]	[[0.07315571886818438, -0.5709938000112068, 0.20600903634674023, 1.2086706916575929, -2.899065815924261, -0.00251520108811552]]
[[-1.6551792103686782, -0.8169745676909781, 5.951073482932054, 0.03619205699558903, -0.30199761941251474, -0.03404304354770994]]	[[0.07317196056009441, -0.571001624577356, 0.20599728961851507, 1.2086489044490933, -2.899060525801475, -0.0024411953281096147]]
[[-1.8168047711457018, -0.6478338157255966, 5.578713604679797, 0.03901354963004958, -0.3148096459058386, -0.03534938244230715]]	[[0.07317000286461364, -0.5709895556367613, 0.20598292662694678, 1.2086747625459335, -2.899075832024512, -0.0024403610619044788]]
[[-2.3600405249523497, -0.860332906655819, 5.431438031461527, 0.020487512546352254, -0.29921205470632406, -0.02478521978927264]]	[[0.07317638256831316, -0.5710064988021167, 0.2060103296846224, 1.2086912601880921, -2.8990652025535146, -0.0022713107563619613]]
[[-1.9037983416519313, -0.5777125204783825, 5.400984039369389, 0.04026733649838379, -0.29390939156131446, -0.029499766376626227]]	[[0.07314430796816078, -0.5710060993358047, 0.2059579031288867, 1.2085846943618446, -2.899007373060331, -0.0023525132199564537]]
[[-1.3275514441467564, -0.36325787835352785, 5.284254842574243, 0.02506472482526098, -0.2842808560287079, -0.036982979733651035]]	[[0.07314922684614657, -0.5709986315116198, 0.205929280431229, 1.2085780281708838, -2.8990893238436235, -0.0023682874266601974]]
[[-1.2731171934945007, -0.32982601267591294, 5.022249166761242, 0.03106042385358085, -0.2781376585423606, -0.0326393210588908]]	[[0.07314823093159106, -0.571014890729461, 0.20596191701527394, 1.2086464412588407, -2.899057198643914, -0.00219917179883701]]
[[-1.4548999754910397, -0.28530271030075105, 4.737297382179634, 0.020343449821300374, -0.2611362674207461, -0.03834530338494585]]	[[0.07316369715427279, -0.5710060017070477, 0.2059082260320534, 1.2086026713970146, -2.8990513241432607, -0.0022945501551442714]]
[[-1.645354549250305, -0.8902138631325869, 4.981438673237526, 0.02542739385953212, -0.24583182449187208, -0.030481414371714897]]	[[0.0731689287563979, -0.5710000742374892, 0.20590887428614563, 1.208690277898158, -2.8990141989690947, -0.002257606297721905]]
[[-1.7703970968288711, -0.595228095825346, 4.644197309835401, 0.030633170285041242, -0.2376869137727628, -0.03622550752824382]]	[[0.07318178022691776, -0.57100776488311, 0.2058611839908071, 1.2086659951041654, -2.8990520104667628, -0.0023129474076679438]]
[[-1.2736919445635884, -0.7778336078565226, 4.5815130350730895, 0.026817292724059708, -0.211459066345477, -0.03512734867656781]]	[[0.07317984779369927, -0.5710128678944733, 0.20585780704434198, 1.2086518394287424, -2.8990179030720182, -0.0022782874960921512]]
[[-1.2737159270112592, -0.7779260120276426, 4.581490678675504, 0.026812194250032895, -0.21145877199673835, -0.03513301209580316]]	[[0.07316206311682275, -0.5710077608322512, 0.20581882602139162, 1.2086122241471775, -2.8990220352581533, -0.002316620572801798]]
[[-1.3885532571583992, -1.0588167894012694, 4.682138681317213, 0.025321377618004084, -0.16877553991394367, -0.0434923648353304]]	[[0.07316751994007203, -0.5709956003733283, 0.20579872183005105, 1.2086220916666344, -2.899045710156507, -0.002372438370884111]]
[[-0.8524790420450162, -0.6662030241678025, 4.501921817384803, 0.022310558100250316, -0.16024581503077856, -0.04221069696542874]]	[[0.0731784865587862, -0.5710161223006961, 0.2058001818507517, 1.2086423739424224, -2.898995418699268, -0.002261444245528382]]
[[-0.6083982961897529, -0.7313408361816155, 4.270963034542827, 0.026392509033958608, -0.14848592573672528, -0.04234140878086151]]	[[0.07316573427912478, -0.5710242979211438, 0.2057772633528213, 1.2085496686977923, -2.8990204260896313, -0.0022233010885120814]]
[[-0.8769457062649497, -0.7910424536191919, 4.210361833235741, 0.019681581403374268, -0.11372667803374309, -0.04302126910301055]]	[[0.0731481042513581, -0.5710153637349181, 0.20573440593119396, 1.2085339269432935, -2.8990292706733536, -0.002317991564252359]]
[[-0.3528296566229899, -0.21939003415157088, 4.25584421490371, 0.0269886886053516, -0.09310724888916973, -0.04744458550491213]]	[[0.07317285351174112, -0.5710168113795698, 0.20573249038958033, 1.208664096523706, -2.89899937873458, -0.00226057758723652]]
[[0.22488538419261256, 0.11401177717866108, 3.789086302021928, 0.005333956665268341, -0.049182837954393877, -0.04306706940795756]]	[[0.07318965326837398, -0.5710277258129826, 0.20572459779471405, 1.2086055383386285, -2.89900909426444, -0.00218582268750288]]
[[0.17780015584599088, -0.13008086630111892, 3.5471471460479216, -0.016007712459814895, -0.03394183960039246, -0.03939438035397764]]	[[0.07316852019020684, -0.571014125866122, 0.20569527081099503, 1.2085746690023411, -2.89893209526046, -0.0022265495935558004]]
[[0.3405494742964266, 0.3810542239938017, 3.4282089905468256, -0.008634015632602077, -0.033162761267093034, -0.042474253440194]]	[[0.07317923529921767, -0.5710223108956437, 0.20567136678043726, 1.2086366302443352, -2.8989844399819042, -0.0022221716421137617]]
[[-0.15935409446713467, 0.34578833421416444, 3.335779285633124, -0.00546082920220969, -0.026613347394532767, -0.04500118599704505]]	[[0.07315625625601066, -0.5710221954959348, 0.20565181283152043, 1.208526767350168, -2.8990166767180185, -0.002186186467450771]]
[[-0.15954319997135258, 0.34587936709062084, 3.335760808679929, -0.005457473638382898, -0.026614854390840804, -0.04500070181118435]]	[[0.07317028100086585, -0.5710309983491707, 0.20564022730770526, 1.2085655018947004, -2.8989598276559723, -0.002112126893759811]]
[[-0.020347822985509613, 0.05825809751141553, 2.7432613667010286, -0.003747153854118116, -0.02876308129680922, -0.04695306665531466]]	[[0.07318008696599651, -0.5710345973178562, 0.2056239279906229, 1.2086220465951967, -2.89894983902536, -0.002109627854513441]]
[[0.35905156159389984, 0.2900191894182933, 2.6491270422432027, -0.0015051245834175747, -0.028748403500885082, -0.049947084517819644]]	[[0.07317036734565775, -0.5710275757503879, 0.20561344554152317, 1.2085864793630747, -2.8989636716198888, -0.0020520789820863135]]
[[0.3676343615019284, 0.20717235904583597, 2.4804675557905567, -0.00519044586180166, -0.02442692087048684, -0.04554234625871197]]	[[0.07315719112570172, -0.5710381487325852, 0.2055857294023299, 1.208541911220519, -2.8989561980588983, -0.002054622272079667]]
[[0.5638631733004738, 0.1028914081727911, 2.231985251063181, -0.004826440970845336, -0.027051419540041595, -0.049512368859499445]]	[[0.07316283421876965, -0.5710462291066295, 0.20560333548291987, 1.208568047566654, -2.8989687288592396, -0.0019213963137673373]]
[[0.22031967660280893, 0.19779168647643441, 2.159397847971846, -0.004927335813764994, -0.02042916019496332, -0.04251272289677051]]	[[0.07319085368093983, -0.5710406424420154, 0.20558577819926976, 1.208572817427506, -2.898978425909678, -0.0018612267982039254]]
[[0.37856164425894767, 0.08216678334309371, 2.017640270065631, -0.011222983740096523, -0.022893844268872424, -0.05057157483360436]]	[[0.07319179141029902, -0.5710500615467434, 0.20557365856053808, 1.2085978614949762, -2.8989413245221565, -0.0018451620278992595]]
[[0.7908321489331356, 0.215048757473557, 1.7679725735112435, -0.007611573610283793, -0.02319920241973388, -0.04536973877374334]]	[[0.07316936679074902, -0.5710567216712704, 0.2055772254376138, 1.2085571305337917, -2.898993976366567, -0.0016747743254663873]]
[[0.7211817567486654, -0.18938591672306, 1.5680868381954682, -0.017055708257754876, -0.01273886299214794, -0.04657859198232525]]	[[0.07316693246659979, -0.5710672646891748, 0.2055727805292415, 1.2084826251073577, -2.8989590998730854, -0.0016381291581011818]]
[[0.3599806254618666, 0.08506038256315487, 1.7284248757267637, -0.0009539026847997234, -0.005868648726800144, -0.046464011837638576]]	[[0.07316264261696943, -0.5710767956397855, 0.20556900908578069, 1.2085045879119771, -2.899012608661695, -0.0015222839003438814]]
[[0.21375805409531431, -0.2835821766820522, 1.3256967551503294, -0.01568998238230441, -0.006656204112350212, -0.04820745565338013]]	[[0.07317291833941306, -0.5710674102806813, 0.2055567075123994, 1.2085633380869125, -2.8989096074746454, -0.0014898991875592115]]
[[0.03307875861818843, -0.2784777122194772, 1.430257756195785, -0.006959779278252391, -0.0044891994697703755, -0.04162761000476946]]	[[0.0732040774060388, -0.5710791078454369, 0.20554689139623689, 1.208581347000547, -2.8989536569614356, -0.001468238040592612]]
[[-0.0314400853616032, -0.26193755112081346, 1.2713049867770538, -0.0016172887340052452, -0.009728262416142625, -0.047205181271531456]]	[[0.07317999978815318, -0.5710985661951165, 0.20554899559072273, 1.2085355219397662, -2.898943325462895, -0.0013198244473552445]]
[[0.19252366805470367, -0.39453152686654114, 1.05976332193571, -0.0014884015063442897, -0.016374563820539804, -0.05234976357235797]]	[[0.07318296119021973, -0.571093355423623, 0.20552675783435714, 1.2085274181092218, -2.898919869156513, -0.001267499091357821]]
[[-0.255590277053488, -0.59331716829607, 1.0630843580471074, -0.003315339691022321, -0.009159101540862854, -0.04659279806374953]]	[[0.07318296119021973, -0.571093355423623, 0.20552675783435714, 1.2085274181092218, -2.898919869156513, -0.001267499091357821]]
[[-0.26055498414810885, -0.620867299827274, 1.0313317965448765, 0.00430887024726098, -0.0074646811642467845, -0.04439611136072357]]	[[0.07320722845699883, -0.5710831523892984, 0.20549705750831745, 1.2086193964502288, -2.8989463601306498, -0.0012462733245642533]]
[[0.06023365569138783, -0.6021274580260993, 0.9159272662485347, 0.0034059492607385923, -0.015363877919128459, -0.05633139713764341]]	[[0.07322086945764796, -0.5710971832132886, 0.20550138001727197, 1.2085897759353244, -2.8989711454198885, -0.0012286160772209172]]
[[-0.011164203752719204, -0.818237018589755, 0.7352036436981203, 0.007633461161311489, -0.005090099033775253, -0.050100150407583886]]	[[0.07320320937374604, -0.5710983532649766, 0.2054833140377864, 1.208626655136446, -2.8989154563692843, -0.0011740885945299851]]
[[0.17941010697796123, -0.8162925414795879, 0.6523378735235811, 0.014227917075057571, 0.0038789868072500082, -0.05405792577941278]]	[[0.0731964654268059, -0.5710959210388125, 0.20545001627183263, 1.2085800353083056, -2.8989497429130884, -0.0012318216871767336]]
[[-0.030069152601459315, -0.9458621785517326, 0.576882585547097, 0.011063210388858016, 0.02153453472594152, -0.04945672602035181]]	[[0.0731989036785207, -0.5711003003201763, 0.20546751207675787, 1.208556536535659, -2.8988911282703165, -0.00108339716316756]]
[[0.6328429989469131, -0.7426720930261567, 0.42718429777229705, 0.002491810401765636, 0.015199194326869425, -0.049547366031570485]]	[[0.07320847425202769, -0.5711123253463541, 0.2054614933521564, 1.2085050528533536, -2.8989630056900855, -0.0010261200666021452]]
[[0.5775616462719172, -0.5953955677474468, 0.3420672163589318, -0.009475543756358397, 0.026298170107749763, -0.055781543296860886]]	[[0.07321456398027655, -0.5711196724818697, 0.20544739933317835, 1.2085774084396286, -2.898893377172596, -0.0009910048519598531]]
[[0.8098894141018059, 0.25657935100900087, 0.12173182571609173, -0.004801851064599471, 0.020486925267533852, -0.05133428164835714]]	[[0.0732200442552544, -0.5711172419585084, 0.205438689960102, 1.2085822804306006, -2.898956112743146, -0.0009723155244225402]]
[[0.916729116216313, 0.2077731725834454, -0.001479846989302912, -0.010470767439319757, 0.02536465221698945, -0.05711508395989627]]	[[0.07319005616825619, -0.5711087544886188, 0.20540078587411448, 1.2085644615337023, -2.898912889800805, -0.0010319626900435175]]
[[0.5512227068656198, 0.2326694392193594, 0.1611274399725699, -0.007579021742472214, 0.038135090881480815, -0.050836444997769265]]	[[0.07321380362783826, -0.571110901705509, 0.20537734263070165, 1.2086216312073592, -2.898902468290136, -0.0010509746739174668]]
[[0.5766305213710542, 0.16686806325474096, -0.03614556276632168, -0.008321650958181378, 0.043465290919438404, -0.050484679902990326]]	[[0.07319456996127496, -0.5711174412481667, 0.2053743341980775, 1.2085162323690282, -2.898945597730263, -0.0010131780777547172]]
[[0.9404657245467098, 0.16118198995989536, 0.08217483177149741, -0.002926528889760971, 0.035565905771165376, -0.04544236580309942]]	[[0.07319456996127496, -0.5711174412481667, 0.2053743341980775, 1.2085162323690282, -2.898945597730263, -0.0010131780777547172]]
[[0.9722791415036928, 0.042179443751152124, -0.0633548298415236, -0.004714502546814572, 0.03842340001918379, -0.05711606882056581]]	[[0.07319443006633297, -0.5711101763919231, 0.20533702618832372, 1.208526216508324, -2.898969703425168, -0.0010860215525925554]]
[[1.1673536913955687, 0.07626336457662641, -0.02821975883942503, -0.00564434014697191, 0.033065346475936216, -0.059046950587276034]]	[[0.07321302340657965, -0.5711087910011251, 0.20533687696231884, 1.208586927140854, -2.898916728781749, -0.0010315825718276736]]
[[1.387952461746495, 0.1874040092726721, -0.0684099188050381, 0.005781509031292684, 0.033480491972652675, -0.055553410215080076]]	[[0.07319690365278608, -0.5711203350631999, 0.2053264482629661, 1.2085901513954809, -2.8989287302440365, -0.0010496395951715002]]
[[0.9101044275640913, -0.18273441499542958, 0.0921291809690901, -0.00021549947903925018, 0.04846480110519395, -0.05684778752226476]]	[[0.07321081796096611, -0.5711164162516724, 0.20531425606213458, 1.2085337517724515, -2.8988864917353143, -0.0009942252762918775]]
[[0.6090090700963364, -0.32335681701919605, 0.12082633523528309, 0.006186676110462069, 0.06037756146351314, -0.060821964535993485]]	[[0.07320069655101534, -0.5711208122172782, 0.2052814947790036, 1.2085254597139568, -2.898917579071782, -0.0010700258616971059]]
[[1.2014336997534967, -0.36554450888044016, 0.017062685656202656, 0.004771692291154067, 0.05340515161927143, -0.05146073513688267]]	[[0.07322920609845794, -0.5711138703857269, 0.20527750997736283, 1.2085687614364293, -2.898924307657337, -0.001014029276236673]]
[[1.2610777155264425, 0.01521355055068685, 0.08039039376446125, 0.010533104597830367, 0.059626075992913086, -0.05828588266271162]]	[[0.07323944230549477, -0.5711181107829555, 0.20523318641403848, 1.2086265072636742, -2.8989153420669402, -0.001106697415157092]]
[[1.539416713005878, -0.09422879437696352, -0.03482130143091952, -0.0027022168072202805, 0.05817904332016402, -0.06429529950672404]]	[[0.07323386969609884, -0.5711092509472355, 0.20522110533811505, 1.2086182987100078, -2.8988933431494868, -0.0011276490048012199]]
[[1.8193688945270474, 0.28545522580951477, 0.09463134944234626, 0.004837429886169222, 0.05051710931811512, -0.0710178665188704]]	[[0.0732275193670047, -0.5711139953344838, 0.2052182529107449, 1.2085972537845722, -2.8988895819233798, -0.0011455697482198064]]
[[1.3273305264513642, 0.2685140022449529, -0.022638534419175554, 0.0037979756711256016, 0.06167478035517609, -0.058007917843203215]]	[[0.07324876370444738, -0.5711025424360566, 0.20523002553625433, 1.2086973509946952, -2.8988845326630535, -0.0010497226788435407]]
[[0.9459586012913317, 0.14008038802022904, 0.27808672303024357, 0.003469247278168004, 0.06816681629188001, -0.05532314966989818]]	[[0.07324099430565016, -0.5711226026331794, 0.2051782238119237, 1.2086080660385445, -2.8989103918275037, -0.0011079363534591134]]
[[0.8736293366847785, 0.04366475527605673, 0.1107268615394625, -0.00531855319792747, 0.07607118677901345, -0.06240645354327182]]	[[0.0732439084154679, -0.571105799916712, 0.2051649193129752, 1.2086412583277408, -2.898845302430292, -0.0011280295455252526]]
[[0.6081320353152259, 0.34890549252878933, 0.17124282517449704, -0.0018679446375721998, 0.08792932008753868, -0.05338443068630406]]	[[0.07326320114454309, -0.571118480134033, 0.20516059965544065, 1.2086761885852486, -2.8988302739504426, -0.001108649095562868]]
[[1.157176343289426, 0.48596143231806055, 0.10638039150647222, -0.002943104498086442, 0.0811256266796977, -0.057599425089282424]]	[[0.07325979816060789, -0.5711157057278139, 0.20514348780497316, 1.2086601721970136, -2.8988894911615355, -0.001144022532485627]]
[[0.8981546642993823, 0.23929164154842747, 0.24784689998055823, -0.008037413072315952, 0.08715072263251802, -0.0573660002447436]]	[[0.0732785876189218, -0.5711102337856717, 0.20513977066470288, 1.208692683462339, -2.8988759568145936, -0.0011443646106882278]]
[[0.46572323022832607, 0.10791420343971417, 0.2889150963060483, 0.003461077940817625, 0.0880268845950017, -0.06052024008705246]]	[[0.07327428415795072, -0.5711055072179886, 0.20510306646422846, 1.208753238792341, -2.898826473846048, -0.0012030319471728686]]
[[1.0042284258138956, -0.2117709225546895, 0.273549245434148, 0.009193937661859997, 0.07595251699334132, -0.06687039375363554]]	[[0.07326587152473238, -0.5711165161136058, 0.20509830670137413, 1.208630753484964, -2.898824532907653, -0.0011666167490359672]]
[[0.7769700252940805, -0.30034811193044963, 0.18114373138304887, 0.018977718120166718, 0.07394700330945675, -0.0647034396230807]]	[[0.07329402535322697, -0.571113295834739, 0.20509263571988165, 1.2088140110491523, -2.898824931123038, -0.0011070424382864839]]
[[0.9907366941740282, -0.7609968105453611, 0.19153107455919044, 0.009189107613029913, 0.07608367833994983, -0.06554289322383697]]	[[0.07328269259317434, -0.5711177689489797, 0.20508164088015968, 1.208731447142262, -2.8988723134860575, -0.0011068019756626402]]
[[0.7017709179733276, -0.5456313116986314, 0.22902918911900835, 0.020684521113152415, 0.10033048189350269, -0.06340354742216318]]	[[0.07329457123093573, -0.5711147732888318, 0.20505721825554613, 1.2088141205128626, -2.8988254327586693, -0.0011245291223874745]]
[[0.798169271280488, -0.6370931153492697, 0.1161260831604294, 0.011052365073779429, 0.09759999004660302, -0.06274200498434973]]	[[0.07330403307502553, -0.5711176500613673, 0.20503297036413068, 1.2087491024855705, -2.8988663286133556, -0.0011612962333576206]]
[[0.5331560310382427, -0.39941750707319146, 0.015281798457495896, 0.0198706051923127, 0.10685481789478322, -0.06749059632743429]]	[[0.07330107732300924, -0.5711104271070772, 0.20503783618815696, 1.2087824643689897, -2.8988508374154303, -0.001086465745332387]]
[[1.3352569408003574, -0.3511079622763947, 0.03186012554058878, 0.016685112425151707, 0.08069379016425467, -0.06906292644167067]]	[[0.0733224482191574, -0.5711138030181317, 0.20502335447434006, 1.2088482464351056, -2.898812173493109, -0.0011637691283191084]]
[[0.5192082844507788, -0.7366153343024523, 0.00060818888777652, 0.010892384995143549, 0.09577180618113709, -0.06585181848458393]]	[[0.07329778324162872, -0.571112508644446, 0.20503119497028297, 1.2087857666045014, -2.8988099687415723, -0.0010508636849241684]]
[[1.2342632595562784, -0.4401010263976178, -0.07639384220712529, 0.026533039620808937, 0.08296512596601426, -0.06479681628863013]]	[[0.07331909519991736, -0.5711204523653991, 0.2050148093717269, 1.2088347104808068, -2.8988287306790568, -0.0010685859878140956]]
[[0.6745143513415485, -0.8892711102790681, 0.33236737732482996, 0.02971171138951384, 0.09197654990391593, -0.07650873340088739]]	[[0.07329190261639013, -0.5711166837300703, 0.20499073672633183, 1.2087847896848016, -2.8988117993646685, -0.0011081265340737825]]
[[0.7920171167989379, -1.2778103105675174, 0.02744779783838983, 0.018464176758171656, 0.08972614748730912, -0.0689085315583598]]	[[0.07332623465924631, -0.5711089196851813, 0.20497927071381433, 1.2087905938259267, -2.898821915153273, -0.0010887287904836754]]
[[0.3390324185190431, -0.7833428222774037, 0.21934839840858708, 0.01801456856557604, 0.10302818522966775, -0.0642556861278511]]	[[0.07332095134673708, -0.5711138605280774, 0.2049842183800417, 1.2088069912746917, -2.8988146385396143, -0.0010695750631727861]]
[[1.207169101372886, -0.33331843324934546, 0.05880242458508296, 0.010597233725102094, 0.08619913185136666, -0.06529268040611796]]	[[0.07329681658123179, -0.5711229767495273, 0.2049911972880077, 1.2087412468692107, -2.8988537289241214, -0.001013339182257551]]
[[1.0552537288137733, 0.013182792052135128, -0.04093226659674079, 0.00935080282381108, 0.09345360605438482, -0.061795783417933986]]	[[0.07329650012498434, -0.5711132952427733, 0.20494252538465516, 1.2087624173375369, -2.898808850724915, -0.0011268439584542626]]
[[1.2450830836377647, 0.09752334623510028, -0.05003857448509933, 0.009317198279133597, 0.09389861808898572, -0.06653235116735935]]	[[0.07332103826567485, -0.5711175173533639, 0.2049365790824993, 1.2088192559081608, -2.898797619657323, -0.0011063818623917102]]
[[1.4024376066738333, 0.048446117486464435, -0.18258597392645104, 0.006057630741799623, 0.08850959890080479, -0.06562035672189728]]	[[0.07329604694409084, -0.571124374632306, 0.20494113594738822, 1.208702687539614, -2.8988587258307583, -0.0010881997090083325]]
[[1.166765304536943, -0.11424462091035836, -0.08875272440213702, 0.005215648754531371, 0.10088227472392189, -0.06845488959968576]]	[[0.07330346634146404, -0.5711284425950524, 0.20493797380727236, 1.2087318939227567, -2.8988316270824166, -0.0009947804385480115]]
[[1.6057616017235063, 0.12281852923017322, -0.26336872942512757, 0.010191106862155207, 0.09563988341663056, -0.07260668506945332]]	[[0.07330109944371739, -0.5711188140560123, 0.20491260488307186, 1.2087713056738163, -2.898830695787208, -0.0011072924957837957]]
[[1.9366686071289716, 0.7105214123295439, -0.32871104707549, 0.015089097087693744, 0.09643119336962619, -0.06599097829046559]]	[[0.07329946379972421, -0.57111775591061, 0.2049098472353989, 1.2087316213559807, -2.8988327699968472, -0.0010340642959992472]]
[[1.8214329147824224, 0.30413113931099656, -0.14303311224754978, -0.0027695581243933204, 0.096166550531362, -0.06521628435976794]]	[[0.07329386688175613, -0.5711219430325556, 0.20489245117697372, 1.2086982972378508, -2.8988483186588025, -0.001108063800869354]]
[[1.2696490730914656, 0.34389676091152793, -0.14279903676797348, -0.003545546332686181, 0.1079726671083283, -0.06662477992702037]]	[[0.0732984951081975, -0.5711342381537189, 0.20490675913756132, 1.2087138685916365, -2.898839306148314, -0.0009958106087018719]]
[[1.6253935376843738, 0.20297928248319286, -0.04210294100818111, -0.005557621194246881, 0.0953496551277112, -0.07402045648444547]]	[[0.07328892966618743, -0.5711243668605629, 0.20487906617889082, 1.2086849561786883, -2.898865246424699, -0.0010321518968957465]]
[[1.42487370286426, -0.016936968906684613, -0.15457350843652695, -0.006768405643765567, 0.0974898840278755, -0.07077532087456535]]	[[0.07328590303123055, -0.5711353553658383, 0.20486173557062337, 1.2086674208670045, -2.8988722258496398, -0.00101438203940212]]
[[1.3586568578322114, -0.0273093234608629, 0.03749402485407247, -0.002281514508379691, 0.09376696596370139, -0.0707227735930199]]	[[0.07328774440633079, -0.571117851104251, 0.20485729046829199, 1.2087066089750744, -2.8988704795940317, -0.001088243413835597]]
[[1.2649039037884604, -0.02178554031914448, 0.051690029924474946, -0.0008071624930998875, 0.09968750952504449, -0.07301793148446689]]	[[0.07330225814694334, -0.5711218656561373, 0.20484836600788464, 1.208736258959104, -2.8988444496935593, -0.0010527183962861768]]
[[0.9385852186773711, 0.03556209915311703, -0.029286863670804034, 0.0011483738456667184, 0.10578046451344662, -0.08093105844140053]]	[[0.07329645819194705, -0.5711063451480392, 0.2048438341056627, 1.2086847331564483, -2.8988664033899263, -0.0010710273750727571]]
[[1.1133678016428972, -0.15861758317194974, 0.019449613958566165, 0.0016004649478431401, 0.10033059562744653, -0.08182159704515639]]	[[0.07330984195162242, -0.5711256787117917, 0.2048386197643398, 1.208766747177954, -2.8988184485694957, -0.001034141970981221]]
[[1.0557883532653856, 0.045301296232247656, 0.04762413220963234, 0.010425436017884496, 0.10033979149140912, -0.08596479642286194]]	[[0.07329803522436097, -0.5711173177239147, 0.20481908934944001, 1.2086565320286953, -2.8988515980425107, -0.0010336776930292475]]
[[1.2547542239089688, 0.060503564016974765, 0.027976921509736293, 0.012227970165421563, 0.09945732471697627, -0.09410085853700796]]	[[0.07329541697078805, -0.5711158826185792, 0.20481094182579807, 1.2087103201150196, -2.898881685446056, -0.0010695554515286084]]
[[1.1928736318175825, 0.22318547190290072, -0.0048912276170124626, 0.021885249521483734, 0.09805655430559941, -0.09306253162578684]]	[[0.07329731035067219, -0.5711154626532222, 0.2047872703390335, 1.2086572863271314, -2.8988534664607, -0.0011280671285186232]]
[[0.9742890897479359, -0.25721668965273475, 0.1389898783598621, 0.010820244413293385, 0.11269455981899855, -0.09850020551527776]]	[[0.07330820183282497, -0.5711178918937814, 0.20478398059962774, 1.2086663054174231, -2.8988735266801937, -0.0010336619855732063]]
[[0.5903947470275075, -0.811022615307256, 0.3438216339798933, -0.0033149928781115515, 0.12176863300448715, -0.10007785411078096]]	[[0.07329467483974551, -0.5711172335705073, 0.20479646306508165, 1.2086347959910513, -2.8988991036113347, -0.001013242361171996]]
[[1.0209334331312805, -0.7825836376096302, 0.3377933408230367, -7.974242887303501e-05, 0.1083234791342621, -0.11260638174947635]]	[[0.07331943171399002, -0.5711213295237003, 0.20476110328213187, 1.208692769435982, -2.898888774639975, -0.0010500306312570117]]
[[0.44943379915352855, -0.15815282476672116, 0.39195022619102643, 0.01951247476687413, 0.1234569815836302, -0.10794683660415437]]	[[0.07331618128550521, -0.571117373331646, 0.2047607077947982, 1.2086958541457282, -2.8987962363981103, -0.0010354736686670064]]
[[0.9713849051613057, -0.5787104391907759, 0.291635034038283, 0.010935644644527134, 0.10772522039957845, -0.10826565881456145]]	[[0.07331319688435421, -0.5711201432839357, 0.20477314497271962, 1.2086285183913115, -2.8989273397807653, -0.0009750126989962724]]
[[0.6239575157902755, -0.5133427047794437, 0.3661543516125209, 0.013609069565083273, 0.11888519323315774, -0.10286858374460175]]	[[0.07332173710860836, -0.5711274354855047, 0.2047604865940824, 1.2086416541407103, -2.898908454469205, -0.0009751639088508191]]
[[0.49028481570080956, -0.8140096095036023, 0.4616003931547038, 0.007120410332850387, 0.11813377237302924, -0.10886578841187694]]	[[0.07330587999320244, -0.5711176544008256, 0.20474502329148841, 1.2085725519087906, -2.898886141099916, -0.000995526171087636]]
[[0.5676464999616135, -0.5114687196821771, 0.3312694855798705, 0.01263974988682888, 0.11509574058118138, -0.11157865256768677]]	[[0.07332566683576576, -0.5711200906819601, 0.20473489372900955, 1.2086496391299464, -2.898827835387578, -0.0009790409767611143]]
[[0.6976124251087543, -0.42347083283862547, 0.12773314282898338, 0.016759901753388283, 0.11438778216922524, -0.11157602611630044]]	[[0.0733133790375952, -0.5711249400975249, 0.20472611717517486, 1.2086770888296954, -2.8988943061015666, -0.0009948331079102691]]
[[1.1431893837550422, 0.05411390092312074, 0.3524157463234875, 0.023563549376787105, 0.1030082832136377, -0.11222164410932543]]	[[0.07331890369894388, -0.5711239845620933, 0.20472503664981934, 1.2086369859101116, -2.8988973062958316, -0.0009577955415232343]]
[[0.9858846517626427, -0.07356578197857011, 0.014101741540182441, 0.017677776374773614, 0.11306479220977814, -0.11080950165455124]]	[[0.07329508209076271, -0.571125054276798, 0.20470725274869, 1.2085940202862593, -2.8988894892289663, -0.0009576271826304158]]
[[1.4482735927649175, 0.07742438315103184, 0.13268086654504363, 0.01695139232792682, 0.10433734740680645, -0.10946587472943162]]	[[0.07331808954365535, -0.5711128686921826, 0.20471042791372301, 1.2086593798299605, -2.8988493796864954, -0.0009601620001225924]]
[[0.7884717008730897, -0.30120264673711483, 0.10689483866732506, 0.002898278565387602, 0.1293957607047178, -0.10688928999040943]]	[[0.07332081763620299, -0.5711304168569611, 0.20471523184475315, 1.2086613333773897, -2.8988076051594978, -0.0008859497817582932]]
[[1.3207608173856316, -0.15116498924997868, 0.14838805964419485, 0.0006634790883950983, 0.1089218660658944, -0.10332230030079166]]	[[0.07330325366171116, -0.5711277808922252, 0.20469589178535366, 1.208610816774087, -2.898881343184678, -0.0009023256877217531]]
[[1.1731797883038155, 0.18143950806162018, 0.10262755439981994, 0.008859408535673872, 0.11690740225223187, -0.1010574112533058]]	[[0.07332293904301239, -0.5711156985151269, 0.20467866694165096, 1.2086551618662815, -2.8988903779143156, -0.000975831538364675]]
[[1.1858605835532008, 0.24204887161795002, -0.015010990708302654, 0.009388009363121598, 0.12156796478147702, -0.10475119260766527]]	[[0.07330477634974902, -0.5711217175111324, 0.20467553640832298, 1.2086248278150966, -2.8989151465104968, -0.0009376494240905001]]
[[1.2743897896320189, -0.22805433162764333, 0.11483247421714896, -0.008582015663866259, 0.11991563451712962, -0.1033365542681092]]	[[0.07331542899287387, -0.5711248328078435, 0.2046646438999092, 1.208641801056127, -2.8988564575869646, -0.0009395790502205206]]
[[1.5309981363504397, 0.22964727208357238, -0.10556060545480914, 0.000657457201825716, 0.11371954289539063, -0.10801697032165336]]	[[0.07327551108840244, -0.5711299453281258, 0.2046499893232639, 1.2085074382541914, -2.8989254824775745, -0.0009394717328481938]]
[[1.3645920444992967, 0.034014965881010606, 0.07671638825989702, 0.00019379456100959702, 0.11575133364594942, -0.10690234209390798]]	[[0.0733104044659055, -0.5711235808492313, 0.20467645761860542, 1.208649218677087, -2.8988763571560776, -0.0008084400465493453]]
[[1.4013122176414887, 0.0639601142377606, 0.04354672275257914, -0.0025119633447654444, 0.10995744360683035, -0.1058377727470425]]	[[0.07327580141775307, -0.5711150015763881, 0.2046465667745418, 1.208520321269825, -2.8989072902581046, -0.0009405315651883241]]
[[1.102690065035149, -0.32391864508149093, 0.04479655302048045, -0.007774148450213687, 0.11269985344722136, -0.09887776557529189]]	[[0.07331495289593681, -0.5711166867851807, 0.20466174522333772, 1.2086502564077375, -2.8988767977474117, -0.000844813010440381]]
[[1.1775104247834873, -0.0280972814191498, 0.057722964085223455, 0.0010032812426156515, 0.11145397095162285, -0.09969969226507437]]	[[0.07330534642301913, -0.5711169006286878, 0.20463803236806954, 1.2085897563349426, -2.89887752941426, -0.0009022338099168796]]
[[0.8402412404798631, -0.17727434374856826, 0.049634166936490566, -0.0008504598322845447, 0.12350629142054544, -0.09957323324600073]]	[[0.07330224002193413, -0.5711283865653352, 0.2046353125817757, 1.2086567878298284, -2.898847975956648, -0.0008277202974456171]]
[[1.5068888634724609, -0.04871229216448869, -0.0999439663447472, 0.00010569508155697932, 0.10196529096846865, -0.10501466172211044]]	[[0.07329647683561287, -0.5711232438462381, 0.2046344495506677, 1.2086262767841551, -2.898821114879974, -0.0008123348638824775]]
[[0.9349852343958591, -0.15117077518614763, 0.06427868501022087, 0.006571802370673632, 0.11385879928182362, -0.09949589421265345]]	[[0.07329400425174137, -0.5711219924912379, 0.20463344626785812, 1.2085925541422535, -2.8988865067068623, -0.0007714323002034382]]
[[0.8698609684928991, -0.051321422535689, 0.01092965264640036, 0.006824136611228153, 0.11860253715406094, -0.09860165670382301]]	[[0.07329895278456673, -0.5711128488910729, 0.20460233511930992, 1.2086153614103798, -2.89889252073699, -0.0008841068177263281]]
[[1.180928482653441, -0.20053376620956725, 0.0314764769179887, 0.0055343640742672034, 0.11002616929768794, -0.10717488554393939]]	[[0.07330848534253472, -0.5711218479078652, 0.20459874231930944, 1.2086627765818423, -2.8988586079710523, -0.000827931476239069]]
[[1.0529416978005255, -0.1005624273799659, 0.0957133370261559, 0.01159373934487367, 0.11907854577667354, -0.10010834933853345]]	[[0.07329691538135198, -0.5711174981828203, 0.2045979798972494, 1.208617647323451, -2.8988512563794173, -0.0008113634416661934]]
[[0.8835923414404703, -0.6510675798585199, 0.24303217207686736, 0.004807927352552824, 0.12348044117119131, -0.09747670018070452]]	[[0.0733018950748894, -0.5711076905522469, 0.2045513090548016, 1.2086592618760312, -2.8988499003969004, -0.0009421910006035895]]
[[0.8312010779374932, -0.3866934199843275, 0.11076348303948517, 0.008373665474930618, 0.12456948634778492, -0.09763733253781065]]	[[0.07331716792688849, -0.5711137197607241, 0.20456777773017396, 1.2086362049695096, -2.8988452606011648, -0.0008861585525386726]]
[[1.0421711474895312, -0.6318920902974048, 0.07082724996767188, 0.0032052116099392514, 0.1188263623627484, -0.1019420768301477]]	[[0.07330673557758649, -0.5711137851826448, 0.20456678353701335, 1.2086841424762151, -2.8988632043121547, -0.000845849105173688]]
[[0.7171343261095536, -0.5053370850897775, -0.004355580228578011, 0.004855451204972008, 0.12199487237113077, -0.098671908281877]]	[[0.07330577131799595, -0.5711112204206705, 0.20455627167259424, 1.2086497647995607, -2.898878021887072, -0.0008657576915269399]]
[[0.66056426252017, -0.23478835912213436, 0.05795023882290429, 0.011179146765471444, 0.1226307037821715, -0.09663639781709238]]	[[0.07330895101854709, -0.5711108724955883, 0.20452568255638665, 1.2086885248752302, -2.8988249162802475, -0.0009433505638834903]]
[[0.7709986697727106, -0.15815142318251785, -0.004332643759238524, 0.01348351587178425, 0.11745667652350097, -0.0957498014632147]]	[[0.07331472773804243, -0.571109282472225, 0.20454027337365793, 1.2086592731559582, -2.8988991584328807, -0.0008274817283007242]]
[[0.8079800659114362, -0.3524317866517428, 0.0057674980386054, 0.00700998146322325, 0.12087568303960891, -0.0996350514322175]]	[[0.07331171231533265, -0.5711181478715043, 0.20454865673593092, 1.2087053837058537, -2.898814934324456, -0.0008121084997838917]]
[[1.2191956079949589, -0.4658921309856515, 0.02765940759548847, 0.004323869072956642, 0.11538445094675895, -0.09617900369271497]]	[[0.07331275083340827, -0.5711141800808788, 0.20452265686014384, 1.2086968508769633, -2.8988452536435836, -0.0008483061108850979]]
[[0.7019426325827468, -0.32804511617157045, 0.14579272505596153, 0.006379961404631963, 0.12471273211982938, -0.09232512738434333]]	[[0.07330797861960082, -0.5711081985957006, 0.2045142266681206, 1.208653401807117, -2.898838033817406, -0.0008689544082227268]]
[[1.388037838606543, -0.4415257510965932, -0.026732972708988965, 0.002018427353353093, 0.11609149916744904, -0.10023501623899173]]	[[0.07331349705994755, -0.5711128051551182, 0.20450670044471997, 1.2086504220919156, -2.8988780200565545, -0.0008675082176684575]]
[[1.3841230143605172, -0.21201385737001277, -0.014966633927148745, 0.0031895062410551775, 0.11825338588872181, -0.09396121806809275]]	[[0.0733203526619893, -0.5711086487747664, 0.20449505882514615, 1.2086887255247212, -2.89887463019198, -0.0008481890880959038]]
[[1.2652723875239993, -0.2853475858408335, -0.17612816760615674, -0.003759346118787539, 0.12050237794669469, -0.09897018639196829]]	[[0.07330206324697902, -0.571097983173455, 0.20448062556659363, 1.208655196193598, -2.8988911644351547, -0.000961401798599932]]
[[1.1622057639356909, 0.11439856773487345, -0.009163479434752014, 0.004417836215822195, 0.1269463163574623, -0.09297770689531563]]	[[0.07331615553557483, -0.5711076162894478, 0.20449288773351876, 1.2087444885450578, -2.898813481485129, -0.0008871741152653384]]
[[1.6474258917630573, 0.33754890118119385, -0.1390591235727867, 0.007305794501362699, 0.11544751183442709, -0.10006632245080727]]	[[0.07330848220471688, -0.5711217868594077, 0.2044928892784355, 1.2086968639418068, -2.8988437679968824, -0.0007731912942312039]]
[[1.1734628052443603, -0.06316523031162724, -0.022648059145682048, 0.003625769821308543, 0.12648236742682942, -0.09951612647525561]]	[[0.07331658046981959, -0.57110875302779, 0.20444940289051936, 1.2086753345670223, -2.8988424997487794, -0.0008862893771598673]]
[[1.3941700250893174, -0.095768215492532, -0.07859687621304629, 0.004351142699445046, 0.12510026883874273, -0.09860316067379822]]	[[0.07330602186821494, -0.5711152826448536, 0.2044632712296709, 1.2086105777779477, -2.8988819148704272, -0.0008669788253300419]]
[[1.3037119445194876, -0.030038207233030523, -0.010590205672358246, 0.005868056413804702, 0.12385277002050378, -0.0947807360481285]]	[[0.0733245926520289, -0.5711042693058459, 0.2044602065798223, 1.2086847349974983, -2.8988631626227366, -0.0008295892933624328]]
[[1.35356878088935, -0.030216883379795445, -0.07009394654409527, 0.008287127948710178, 0.12281016553380172, -0.10436984280319436]]	[[0.07329815681888444, -0.57111412533046, 0.20444612771660614, 1.208610901718406, -2.8988827075205417, -0.0009055357544281286]]
[[0.9480416004865636, -0.12196642133602809, -0.05809367873179718, 0.00806411266446571, 0.13055503259818235, -0.08802401304553963]]	[[0.07332336995907296, -0.5711030616151149, 0.20443096390626145, 1.2086908655206658, -2.898927031656814, -0.0008832417462006751]]
[[1.2818386053482187, -0.10977082928671156, 0.048233984194099536, 0.009485787658344555, 0.1238607747154204, -0.09458093044608795]]	[[0.0733047669112631, -0.5711153311010057, 0.20443249437636815, 1.2086587026731852, -2.898849540157361, -0.0008877141759568733]]
[[1.0716964218385945, -0.2513618160742834, 0.10006964297348597, 0.007868033279089082, 0.12955105182533166, -0.09578557130991461]]	[[0.07329601487829367, -0.5711050302011099, 0.2044125091937094, 1.208650405575465, -2.8988801824457315, -0.0009432952449174683]]
[[0.9378888035427373, -0.4213191208474631, -0.04070809561483163, 0.0016786732849532748, 0.13245238091146397, -0.08670662641059126]]	[[0.07329669270304028, -0.5711067934359406, 0.20442186627134312, 1.2086499400070272, -2.898879105228541, -0.0008864157376036978]]
[[1.07542823044641, -0.23128098173817574, 0.007348955029257679, 0.0045248880153270915, 0.12944084186667892, -0.09386178519050188]]	[[0.07330570520021684, -0.5710987519431913, 0.20441309763331708, 1.208658334875536, -2.898850285621623, -0.0009078974625087911]]
[[0.8266078764313954, -0.41754388278732435, -0.04124815703900153, 0.004088056552171579, 0.13895897327441986, -0.08826932990032196]]	[[0.0732927327771027, -0.5711063453587745, 0.20440453055068364, 1.208652729948302, -2.8988389420231835, -0.0008708308384332184]]
[[1.0409922745067668, -0.2499547451469794, 0.03132502759225502, 0.011731306530249973, 0.13524815695553882, -0.0956951756912109]]	[[0.0733101353018309, -0.5711004951357149, 0.20438732875541266, 1.2086724124457373, -2.8988844716504243, -0.0009627752595309412]]
[[1.661012284405454, -0.13959718115281083, 0.0009102172333519033, 0.009481319171596544, 0.1221166294294386, -0.10324889533590546]]	[[0.0733090821942894, -0.571120072291834, 0.20440920377135524, 1.2087186052990926, -2.8988496992144728, -0.0008497568292281763]]
[[1.2945167629178802, -0.22137188521767037, 0.029368396483965064, 0.0069945963390312255, 0.13666780492303898, -0.09132437954102711]]	[[0.07331846354948064, -0.5711104409752871, 0.2043770924096061, 1.2087492755661722, -2.898825800971735, -0.0009254612523034391]]
[[1.2498819856161725, -0.28738950391757156, 0.038898279687243714, 0.002500037146419387, 0.13506298697642138, -0.0936866228880474]]	[[0.07330655877815846, -0.5711011588883157, 0.20434254243274758, 1.2086945689927104, -2.898838332243312, -0.001038968565743374]]
[[0.9258457459049594, -0.26829004237389836, 0.2106533630956191, 0.00559721770113937, 0.14047330331361593, -0.09007585388580587]]	[[0.07328979470563929, -0.5711054814520784, 0.20435824890206214, 1.208679432983544, -2.898803743022561, -0.0009664659127051886]]
[[1.0923465409495001, 0.28853243796475714, -0.06943933034456552, 0.021386910930018856, 0.13580748787385322, -0.08510337108541315]]	[[0.07332210789848914, -0.5711044848784078, 0.20435515490922274, 1.2086763464445662, -2.898843431816607, -0.0009268528066467575]]
[[1.0085053091438911, -0.6954119409388746, 0.1579688509888103, 0.0033758609250196664, 0.1415358160152791, -0.08602501099726195]]	[[0.0733160226617939, -0.5710869301122387, 0.20432125558033876, 1.2087396367868255, -2.898898081988726, -0.0010549543783026619]]
[[1.358291071586392, -0.26825864548786393, 0.012918897938113813, 0.017426502493228774, 0.13220432936985949, -0.09225899322014848]]	[[0.07330957601888995, -0.5711091893813187, 0.20432963064322218, 1.2087465661682821, -2.8988155056706657, -0.0009833260257744575]]
[[1.177584199398014, -0.36493351740703517, 0.08224795646701986, 0.011106795926013102, 0.14220486812026556, -0.08567716766216148]]	[[0.07331227579837643, -0.5710973272787273, 0.2043233826585445, 1.208711572706834, -2.8988305421481275, -0.0010011586600357737]]
[[0.7546080609473488, -0.48959369835782496, 0.19213320030428382, 0.007863569574213955, 0.14936203995808206, -0.08601241172277821]]	[[0.07329483045318014, -0.5711018916300744, 0.2043188702197179, 1.2086513999686965, -2.898881079138644, -0.0009817235016083474]]
[[1.3899637175127695, -0.3070169169534126, 0.12107127450407364, 0.005619449087839193, 0.13167733501755494, -0.08961273940827677]]	[[0.07332013327737859, -0.571092533924317, 0.2043048797841323, 1.2086872961481965, -2.898867800225173, -0.0010574522494787642]]
[[1.3842408092647194, 0.02326723210248194, -0.05409173097369472, 0.013752331374313378, 0.1354542289744845, -0.08810627474528576]]	[[0.07331294103709735, -0.5711093696952743, 0.2043136604675195, 1.2086460161651342, -2.8988174588824256, -0.0009484267711492112]]
[[1.447556239750318, -0.23540612719971032, -0.0011200162911199846, 0.004717557374062167, 0.1350044929733124, -0.08785314269896521]]	[[0.0733089417696236, -0.5711007241841701, 0.2042974342037021, 1.2086867871154383, -2.898866845993351, -0.0010015363579343511]]
[[1.4624019116414442, -0.36307394174854424, -0.0599461349915035, 0.007435906026751704, 0.13955042511428034, -0.08669527808233603]]	[[0.0733000884530836, -0.5710961886107752, 0.2042690040504383, 1.208704712585754, -2.89886115763705, -0.0010767709920496123]]
[[1.4388757216473582, -0.2046484061490712, 0.04492126018890841, 0.010408751759100804, 0.13912681901811694, -0.08692704211277985]]	[[0.0732985520104909, -0.5710954131782476, 0.2042743204576481, 1.2086471986140466, -2.8988710027839186, -0.0010214987342610522]]
[[1.424148910253442, -0.1934679025404923, 0.00028402113614471337, 0.007408044707683706, 0.1441958874497411, -0.08810832352709125]]	[[0.0733198502474524, -0.5710917758201008, 0.2042665134760841, 1.2087384427236552, -2.8988466952206635, -0.0010579335801889167]]
[[1.0104781193249888, -0.19207521838099056, 0.15537136003351848, 0.008554963893491196, 0.15731546438598748, -0.0799960990605038]]	[[0.07330272330661576, -0.5710908856351741, 0.20426967183281816, 1.208678080123003, -2.8988456567511856, -0.0010407182450952416]]
[[1.329049006410003, -0.17782427519926403, 0.1481800997037474, 0.007527130868645926, 0.14518582231220678, -0.07947019218476908]]	[[0.07329021255340108, -0.5710930349256337, 0.20423383441879772, 1.208699109564828, -2.8988515942571373, -0.0011149905212279353]]
[[1.425789846497159, -0.12497777758542084, -0.014724755816195928, 0.0076076348677827504, 0.13904020906807607, -0.08030525315383047]]	[[0.07331077443848981, -0.5710832703583636, 0.20421854669057288, 1.2086919867942454, -2.8988812657988112, -0.0011518012232112655]]
[[1.434627885032219, -0.3341104296866736, 0.04851258715436317, 0.005907524056481317, 0.14113695748984234, -0.07807298820000681]]	[[0.07329970380554185, -0.5710918182504515, 0.20422694794468393, 1.2086758742596793, -2.898887521392347, -0.0011328363923164368]]
[[1.7940279011510887, -0.008433130472125683, 0.04616323295520552, 0.016891931764184145, 0.1304933701576646, -0.0785499275478182]]	[[0.07331684835556725, -0.5710939981371638, 0.20422366064123726, 1.2087787177882323, -2.898793428389484, -0.001154904417085471]]
[[1.1082397815378011, -0.19016100775102734, 0.047757505328483954, 0.011796635491645169, 0.14501107852151707, -0.07656760979961384]]	[[0.07333858700730252, -0.5710813300157928, 0.2042133297266147, 1.208849543399221, -2.8988155763930687, -0.0011510604350977549]]
[[1.4234381767395385, -0.044281584231860016, 0.0036292883104512477, 0.0172159796422408, 0.13968656648511485, -0.07283541949558299]]	[[0.07331414102651611, -0.5710956794855093, 0.204203824507165, 1.2087757648650004, -2.8988334641010334, -0.0011521624223853732]]
[[1.3917909407750533, -0.08038574559202738, -0.07867548351733868, 0.013927836656797879, 0.14328887771690427, -0.0688046148562047]]	[[0.07329766646437746, -0.5710931439171283, 0.2042125970887423, 1.2087372477310998, -2.8988361868715424, -0.0011333234798970076]]
[[1.2199293777265776, -0.3480845825455718, 0.09468194381407971, 0.011733646104465784, 0.14895095251302204, -0.06252220266077664]]	[[0.07330565427057739, -0.5710954302693868, 0.20420164097580595, 1.2087717639456763, -2.8988218320667696, -0.0011331343781039393]]
[[0.8575792572189929, -0.16930934547486048, 0.16169474148756463, 0.01922355138901946, 0.15942987335065562, -0.05707982473495044]]	[[0.07331825147597064, -0.571087580218635, 0.20420214514545265, 1.2088456524791258, -2.898804372890147, -0.0011522698623360817]]
[[1.1037618586641185, -0.5570443384454753, 0.056676662319305716, 0.006649448592423182, 0.15316690116938603, -0.046184838079570245]]	[[0.0733172903347694, -0.5710985548978951, 0.20419200341671317, 1.2088109134514784, -2.898767730024996, -0.0011721651732726028]]
[[1.230462953171521, -0.7428958534764114, 0.21772500618847418, 0.002411163011744724, 0.15318992865286973, -0.043079970195244545]]	[[0.07329868888361463, -0.5710959524600517, 0.20417258914587155, 1.208772692303279, -2.8988241283085237, -0.0012455914507109808]]
[[1.3642759462694611, -0.13103832982253227, 0.08455133407986412, 0.017814627481081702, 0.15364013019735762, -0.040772062617402835]]	[[0.07330234109143725, -0.5710989169667582, 0.20416949149842153, 1.2088312324390518, -2.8988247482357923, -0.0012067965328909074]]
[[1.2157924997979819, -0.37417354953753296, -0.025629578056283013, 0.01306079233541474, 0.16187273548362077, -0.046578078719860784]]	[[0.07329585912130236, -0.5710951218792009, 0.20414760771859697, 1.2087957841545378, -2.898788039498837, -0.0012099465162525986]]
[[1.3485334599233445, -0.7878521286316509, -0.04775174166460059, 0.00467012730574104, 0.1559232898993675, -0.044549051550214054]]	[[0.07329195548098334, -0.5710847342780316, 0.2041356128720008, 1.2088310462725322, -2.8987750498040334, -0.0012849889712212136]]
[[1.2449809552210929, -0.6539486427815979, 0.04498495035821493, 0.0090784465658654, 0.1571921756925274, -0.04099735031938185]]	[[0.07332309576700527, -0.5710937364039109, 0.20415146117114846, 1.208800789688668, -2.898849208616223, -0.001149524945505143]]
[[1.0509439952942927, -0.7054059339044705, 0.22573056565773458, 0.007062241663629273, 0.1624829774571907, -0.03841129598006388]]	[[0.07329740426556146, -0.5710925287216041, 0.20413855475776563, 1.208787383483214, -2.8988186027888103, -0.0012647679886667949]]
[[1.3018328982996343, -0.8591136137433257, 0.09961885084279774, 0.00534296939711959, 0.1595194534549687, -0.03640971235308356]]	[[0.07329965967638694, -0.5710848683587724, 0.20413101241147216, 1.2087892794536836, -2.8988700668832097, -0.0012642837476897512]]
[[1.3409417921414462, -0.36357376399595165, 0.12076805523493722, 0.013707296790981177, 0.15980865838882446, -0.04588416224584784]]	[[0.07332527549216887, -0.5710873556448721, 0.20411454423827508, 1.2088956240501627, -2.8987865292594446, -0.0012659202427721646]]
[[1.0458966188042031, -0.754224731977223, 0.014088729636503402, 0.0037626532263907025, 0.16663949095484376, -0.04152284212714916]]	[[0.07329139518227142, -0.5710895761559548, 0.20410548215933197, 1.2087624157128956, -2.8988562481183338, -0.0013215579060591577]]
[[1.0873781564068967, -0.5667031173359303, 0.04835585984502822, 0.006632899202574011, 0.16464847628810314, -0.04748579335727096]]	[[0.07329617553199368, -0.5710926659743778, 0.20410097044144296, 1.208834971103981, -2.8987869075124326, -0.0013053346392886606]]
[[1.424198511993247, -0.5004055036139576, 0.14043124418453282, 0.007218443566445659, 0.15836727025702593, -0.04628202903671927]]	[[0.07328588046933267, -0.571090521064361, 0.2040911360010898, 1.2088181071452915, -2.8988460123656044, -0.001320052857994604]]
[[1.3915496561219864, -0.6384233344237324, -0.013190016513089863, -0.00013188914316814015, 0.16214898081157986, -0.044259376645212206]]	[[0.07329065530492924, -0.5710910022409886, 0.20408452683299697, 1.2088084363422456, -2.898824636840915, -0.0013395805774966355]]
[[1.763921730360415, -0.21411948365017808, -0.02820666697624849, 0.009221747828808247, 0.1494583399619504, -0.04579856361598851]]	[[0.0733177117620989, -0.5710930571367397, 0.20406781861525147, 1.2087999464965182, -2.8988023921412203, -0.0013413756514836855]]
[[1.65794331959773, -0.45276781515119047, 0.028328757527154354, 0.0019800822797063633, 0.16187728609067042, -0.04308241476569462]]	[[0.07328907922725185, -0.571083456785736, 0.2040763601398915, 1.2087790909923162, -2.89885142509948, -0.0014133359223576015]]
[[1.2346900218283805, -0.5809474362399014, 0.0015034974188710853, -0.00100503298740226, 0.1684004251025747, -0.045375290869469564]]	[[0.07329022170036621, -0.5710931808968293, 0.20409358296320762, 1.208752273078875, -2.898833883287454, -0.001284029802084363]]
[[0.9563475208162835, -0.4096505704920337, -0.08771895728031805, 0.00975994701951377, 0.17780540740597417, -0.04135665838648558]]	[[0.07329684852896146, -0.5710843949321237, 0.2040559796406271, 1.2087970375761181, -2.8988440508123436, -0.0014142589748703032]]
[[1.6520525095495269, -0.35799607836878533, -0.055543647118007675, 0.010535530929075387, 0.16189374265540782, -0.04651599318524282]]	[[0.07330274290884861, -0.5710844831053979, 0.2040494037378125, 1.2087753330345803, -2.898840594710379, -0.0014331744703550116]]
[[1.1027617924989452, -0.4964151914265498, 0.36859073998246117, 0.0026474812472595532, 0.17399336285073763, -0.041827692759260036]]	[[0.07331098197337967, -0.5710941209742353, 0.20406063654510564, 1.2088695912557137, -2.8987729706623453, -0.0013203719979796096]]
[[1.0042345750901134, -0.027382745037664136, 0.12971366340431906, 0.0024059585184214444, 0.16149098209276205, -0.04600872510142934]]	[[0.07331169088609901, -0.5710893228519648, 0.2040492281482738, 1.2088103578577674, -2.8988255328762835, -0.001412780607333947]]
[[0.7423319756465858, -0.39429764666446304, 0.2548280949766768, -0.008406079033086197, 0.16429140079620516, -0.04711541777279747]]	[[0.07330295741452052, -0.5711007592135986, 0.20403932757685433, 1.2087968506031912, -2.8988441412891413, -0.0014142585136467396]]
[[1.3264319693570774, -0.13633844655582328, 0.24238317003687604, 0.003890768298988212, 0.15933031827404154, -0.04264236117765763]]	[[0.07331917271357198, -0.5710936460971336, 0.20403255883990962, 1.2088396129775776, -2.898800499271585, -0.001413941328452799]]
[[0.9858025014563931, -0.5293353779523279, 0.22277027973378047, 0.009395124200751725, 0.1707507791228495, -0.048027652286608484]]	[[0.07330572902814714, -0.5711081662396281, 0.20401858587829297, 1.2088491457506034, -2.8988220249208667, -0.0013954732689026954]]
[[1.2272503402455963, -0.7166084140951546, 0.3372707358824313, 0.01022866520016713, 0.17420542984790005, -0.04565128227724408]]	[[0.07330743021001652, -0.5710936467837555, 0.2040163840340869, 1.208779769699629, -2.8988517794776656, -0.001432565854586578]]
[[1.251208201671579, -0.7391305940864678, 0.012032109219963933, 0.01044098592517953, 0.16768895653170435, -0.04500685589994448]]	[[0.07328956875535861, -0.5710849578899226, 0.20397567461480987, 1.2087806457088965, -2.898855637163185, -0.0016187633027118509]]
[[1.0721427273661535, -1.0505745551330137, 0.15845101479528426, 0.004074012541302532, 0.1711357754310383, -0.0372826679970976]]	[[0.07331251394432149, -0.5710983111804867, 0.20400692162987333, 1.2088702637617255, -2.898774940773545, -0.0014142899845520317]]
[[1.4359918483159977, -0.5799149267338817, -0.007717258860468251, 0.01127291934773797, 0.16398517739186474, -0.04876472759079097]]	[[0.0733116306473543, -0.5710979956569425, 0.20399328171423986, 1.2088416719892277, -2.898852800886095, -0.0014495981908396781]]
[[1.3520176042901855, -0.9542432437665198, 0.14975861488866204, -0.0006893477309299068, 0.16814176527153418, -0.05000139070750383]]	[[0.0733312038495082, -0.5711033872941221, 0.20400189505248703, 1.2088614579130648, -2.898804797186426, -0.0014320371809181146]]
[[1.2361182578393768, -0.7729724890592795, -0.03330724442560493, 0.0089456248382917, 0.17279783717314354, -0.04575616611893597]]	[[0.0732911023668581, -0.57109915676409, 0.20396856416795883, 1.2087840812377666, -2.898813496728112, -0.001527772028215484]]
[[1.670676628960976, -1.0299277865846972, 0.09417092062406321, 0.0042733717800863685, 0.16218550668514511, -0.04116773847959321]]	[[0.07330450166318507, -0.5711015715405501, 0.20398940211224084, 1.2087853584626325, -2.898863641277074, -0.0014869854134520757]]
[[1.3590259671310236, -0.7484645411814603, 0.11151187850460258, 0.009486168253140179, 0.16744836991482487, -0.04407222425297633]]	[[0.07331544195931296, -0.5710994408826436, 0.20396544203571154, 1.2088453751459538, -2.89881294659629, -0.0014893072935360837]]
[[1.3418114551290485, -0.47168290504674043, 0.026779773650723083, 0.008129985881779947, 0.16437685234852778, -0.04386827639063622]]	[[0.07330233827590278, -0.5711024920010498, 0.20398117549115125, 1.2088102262355038, -2.8988259401819314, -0.0014143878589495313]]
[[1.202540543870116, -0.41681843372782346, 0.06514201389531013, 0.008559845788706152, 0.16395356175247916, -0.04274244220531092]]	[[0.07332303795425371, -0.5711040331006813, 0.20398633459879284, 1.208874331251447, -2.8987870059076988, -0.0014509028025195712]]
[[1.3805109747594857, -0.31087053941275344, 0.05988238584868513, 0.008839769865373062, 0.16094887418473314, -0.04191641170346209]]	[[0.073305578545516, -0.5711078307599993, 0.20397415303867206, 1.2088317356393017, -2.8988310617360544, -0.0014687096056047516]]
[[1.6329180927258329, -0.6707882766219966, -0.07987990339574551, 0.001877405973445767, 0.159151430061439, -0.04763685712300672]]	[[0.07330846380504948, -0.5711032334626049, 0.20397586279308708, 1.2088053989634422, -2.898816238707853, -0.0014708272106352422]]
[[1.260150218201605, -0.15203202227693047, 0.0414575119037783, 0.01609585229168216, 0.16595003902517014, -0.049799283063610644]]	[[0.07329796534098686, -0.5711073133135136, 0.20396488286395068, 1.20879719916865, -2.898845539131346, -0.0014697367555680896]]
[[1.545088938814336, -0.5547960521050566, -0.04893404637166639, 0.00317100192924219, 0.15885563876140618, -0.04537730802208311]]	[[0.07331293576237206, -0.5711085150054013, 0.2039391150199229, 1.2088673606130764, -2.898817474241675, -0.0015265260565124187]]
[[1.4930577009244015, 0.03761325249061498, -0.06821549301625755, 0.01612939735697161, 0.1609078234696279, -0.04480211537393607]]	[[0.07332699687402112, -0.5711166205185964, 0.20397323971808126, 1.2088284343556543, -2.898870466428197, -0.00141314009430502]]
[[1.8291509987399113, -0.38968333309627834, -0.038500852318315223, 0.006933622028703804, 0.1546979742161631, -0.04332721503837183]]	[[0.07329532621175337, -0.5711070798219531, 0.20392650551533117, 1.2088230900616932, -2.8988103327891506, -0.00152736347484989]]
[[1.4511190275577042, -0.4434751233454093, -0.08722366789752271, 0.005193818793044161, 0.1657125979136687, -0.04720273848642024]]	[[0.07330498214385368, -0.5711198548192223, 0.20393530442973132, 1.2087792803435502, -2.8988026657601065, -0.001529009577841943]]
[[1.5342195903079627, -0.3664206144551362, -0.06876301336012076, 0.01145800335650167, 0.1637255935529511, -0.04085401413489709]]	[[0.07330594432777844, -0.5711156130989679, 0.20393055424875106, 1.2088226890157174, -2.898809631196894, -0.0014899276803825637]]
[[1.1413229720431, -0.5146423951454271, 0.04280031125903352, 0.0112748204005758, 0.17252519230748053, -0.04428450039962991]]	[[0.07329653931819174, -0.5711226742809722, 0.20393103476207847, 1.2087454378189149, -2.898867893315458, -0.0015073400887601288]]
[[1.6132715075263526, -0.1663074442358763, -0.1213632616807337, 0.014148053277520556, 0.1645592980956045, -0.047909359753662326]]	[[0.0732942587844745, -0.5711199573512596, 0.20390507410074138, 1.2088103665270205, -2.8988289951703776, -0.0015450091921380622]]
[[1.4349804834217663, -0.6321960362322683, -0.04635327688109314, 0.00565123513664309, 0.16793180921937373, -0.043154505588397916]]	[[0.07329925251631007, -0.5711312495999255, 0.20391723694058855, 1.20875145702753, -2.898786772635717, -0.0014728959342671117]]
[[1.6833184010003506, -0.6284154551436549, -0.043271482589408355, 0.00512332951677133, 0.16114281298737182, -0.03691854057103349]]	[[0.07332001057985141, -0.5711205272902106, 0.20390387117781977, 1.2088241328117755, -2.898862403054733, -0.0015410733042124695]]
[[1.5951626405237167, -0.6109473692237835, 0.28551398007838896, 0.016842117903428683, 0.1687529789595829, -0.04235165330489923]]	[[0.07330409310725172, -0.5711208630863198, 0.20390702159172774, 1.2088438108612427, -2.898762963364035, -0.0015272991268199534]]
[[0.9710016101111226, -0.8201199755525139, 0.40260377686089543, 0.016203148951117546, 0.1794814260728747, -0.03907289055101428]]	[[0.0733121651754187, -0.5711166078835684, 0.2038968415933045, 1.2088358070140333, -2.898792560538399, -0.0015447773832867882]]
[[1.0839773010319231, -1.005386150008889, 0.2449283960503829, 0.008271653031741683, 0.18111806242056075, -0.03766072034834439]]	[[0.07328862540135438, -0.571111700979453, 0.2038950923568565, 1.2087672236614186, -2.8988224085468612, -0.0016011126226899758]]
[[1.374297685329233, -0.383088525456115, 0.2975174084765686, 0.015490674780891611, 0.1720261962421408, -0.04296032845985898]]	[[0.07329382931844929, -0.5711120907456806, 0.20388268010386812, 1.2087510003201862, -2.898881255054278, -0.00161777010110688]]
[[1.272024682927397, -0.15800693106216945, 0.17874622380442756, 0.016149642976198572, 0.16858995283264724, -0.04105543885097938]]	[[0.07330204271101831, -0.5711114200154538, 0.20389024450426835, 1.2088764110869608, -2.8988416096799576, -0.0015809754028224814]]
[[1.1047292462483966, -0.2959107133517538, 0.3563360247461288, 0.00788374293208055, 0.16619826205892657, -0.03785008255409413]]	[[0.07333332850405491, -0.5711092163971083, 0.2039141325691839, 1.2089316559998686, -2.89877914302397, -0.00158192606332394]]
[[1.3525552586405933, -0.3422895778914016, 0.2514686430534524, 0.004201468674214753, 0.1617555978759287, -0.04509398542469741]]	[[0.07330221741864665, -0.5711154501746264, 0.2038805755746948, 1.2088193872443402, -2.898852761589441, -0.0016186271783144653]]
[[1.416013677316064, -0.2042545648666524, 0.40467718960450993, 0.007620129884141583, 0.15956167112315395, -0.04718221863893531]]	[[0.07330069292130877, -0.5711147579333542, 0.20387168966474112, 1.20883281011261, -2.898834301916412, -0.0016187674721771174]]
[[0.8389331244346958, -0.3189048032410493, 0.6037065093029673, 0.003220586203829895, 0.17438897266963216, -0.03947754077165919]]	[[0.07332025055498033, -0.5711157811801439, 0.20388988587727508, 1.2088757556528604, -2.898789260326094, -0.001563820313962837]]
[[1.1122128193574128, -0.6005055696595631, 0.3885254592691661, -0.004470054141887059, 0.17098152792091292, -0.0341971815502984]]	[[0.07331782385435712, -0.5711059237579872, 0.20388584118486458, 1.2088807055460382, -2.8988009582142706, -0.0016005438701078185]]
[[1.4147623306056973, -0.5258593902936037, 0.391483819453745, -0.002707167105996791, 0.16877255532806457, -0.0403570429346799]]	[[0.07330254118436265, -0.5711230664958404, 0.2038812425745169, 1.208775343633158, -2.898844454157602, -0.0015816474362034668]]
[[1.294330694905804, -0.31740324840706546, 0.38311648041027807, 0.0011230463913027844, 0.17040979811534213, -0.042867439177743105]]	[[0.07330633301497243, -0.5711133469489738, 0.2038853254597498, 1.2088279650974216, -2.8988225197220574, -0.0015809054205795283]]
[[1.4635753501577335, -0.4139793841168067, 0.3398748039321487, 0.005506261227496673, 0.16315839928488216, -0.045616650818702774]]	[[0.0733245158333029, -0.5711135195259635, 0.2038741231061521, 1.2088942963258302, -2.8988341416267445, -0.001579157813924382]]
[[1.6236009764842771, -0.4096401343714402, 0.06975818523314284, 0.006691061243041543, 0.15782956714988228, -0.04726261640951574]]	[[0.07330247367999666, -0.5711194234495723, 0.20389900561608762, 1.208779347507571, -2.8988540140476435, -0.001505360682001591]]
[[1.5275245934489838, -0.34993039082085675, 0.27673948549160365, 0.012174026297478074, 0.15823639927390282, -0.04131638893350199]]	[[0.07329029106771957, -0.5711250470152578, 0.20388939468935785, 1.2087975730577398, -2.8988472651559993, -0.0015425396979350501]]
[[1.2991286037411465, -0.7127733038203019, 0.036317364964455735, 0.009310004898704524, 0.16657197753844283, -0.03625722388763112]]	[[0.0733212792937098, -0.571118518552855, 0.20388565035533296, 1.208857598044322, -2.898796419081599, -0.001544164867115589]]
[[1.746454175512882, -0.329047417100219, -0.06704700221670234, 0.017775971612876, 0.15964159295825042, -0.04117974406385448]]	[[0.07331569384796095, -0.5711158835429632, 0.20388225916085817, 1.208832864606512, -2.8988325654398075, -0.0015422101628160003]]
[[1.5253897534521967, -0.6523641726276097, -0.06138449669083692, 0.01041150441263844, 0.16097681789825585, -0.03695777910500156]]	[[0.0733141227007154, -0.5711218505095175, 0.2039027392269132, 1.2088699704770043, -2.898777344750851, -0.0015070987383685004]]
[[1.0037209024664173, -0.8660595203568351, 0.08064851323138202, 0.0060706886355358786, 0.1744141186934294, -0.039935502053964116]]	[[0.0733197544794412, -0.5711267255716647, 0.20389554733552084, 1.2088324525610317, -2.8988318169723026, -0.001504231557377696]]
[[1.2971997604412782, -0.6730520588864888, 0.0056194603360688045, 0.0043583019855701205, 0.1665943881363804, -0.03660769462952671]]	[[0.0733037400008815, -0.5711194412723455, 0.20389230498620398, 1.2088711390407774, -2.898829114330843, -0.0015238797913500698]]
[[1.6439974306174432, -0.544261159794794, -0.03799507769988966, 0.005975411734683328, 0.1561846294650384, -0.036951996748656665]]	[[0.07331762482451157, -0.5711210392521094, 0.20389605115671589, 1.2088838213511768, -2.8988108567656203, -0.0015240870552534786]]
[[1.1928299420313029, -0.4590168846271171, 0.006094718646447222, 0.0065602736688317315, 0.16454218490805034, -0.03369548905279368]]	[[0.07330168500944718, -0.5711207379106379, 0.2038856299143289, 1.2087750747937234, -2.898843753583713, -0.0015438509808831315]]
[[1.455785134213562, -0.8204183990422356, 0.0014059125926182288, -0.009731440693745111, 0.1575158156978125, -0.0367191159512979]]	[[0.07330746613239608, -0.5711264899556263, 0.20387679859325897, 1.2087790247323944, -2.8988026099861623, -0.0015086950990604773]]
[[1.3046408190397663, -0.4512615998211056, -0.14413896166824938, -0.000981348724710826, 0.1585172156589568, -0.03396468889247311]]	[[0.07331949485857639, -0.5711226744522804, 0.20388362856244208, 1.2088539393392201, -2.898836679540853, -0.0015428329483589132]]
[[1.410174287812291, -0.16072249265413918, -0.007693642526973216, 0.0036606924953633546, 0.155912052682883, -0.03454192279188675]]	[[0.07328536130925106, -0.5711185559496987, 0.2038942069671154, 1.2088398055859086, -2.898802288819756, -0.0014696725183363855]]
[[1.321465705602275, -0.24719830031330803, -0.1747561488546395, -0.001132207946813471, 0.15668742212784542, -0.03630033472233564]]	[[0.0733235015981455, -0.5711176707948306, 0.2038776555783057, 1.2088845350319668, -2.8988106691486917, -0.001524909120157692]]
[[1.5966619213893645, -0.2927625571978013, 0.007833632868015363, -0.000888809494960438, 0.15500985771269865, -0.03331195152163771]]	[[0.07331206739305483, -0.5711253341371847, 0.2038635902551607, 1.2089023411894002, -2.898804909135048, -0.0015998843124234473]]
[[1.8528583925237228, -0.2773983316120865, -0.16333184564500108, 0.003968774656720603, 0.14680576362535067, -0.03919085196167325]]	[[0.07330740744830118, -0.5711257562425267, 0.20386341045937587, 1.2088579723606332, -2.8988485580118284, -0.0015428862490522194]]
[[1.094594073238869, -0.17262042832536212, -0.04920525379141591, 0.012296508944816945, 0.1645588644381355, -0.033983584200574624]]	[[0.07334645956924085, -0.5711408218870753, 0.2038927245183956, 1.2088998232072665, -2.898801320401734, -0.0013943828633389424]]
[[1.459526049058081, -0.3716376641919341, -0.12989463344129532, 0.011318420583016839, 0.15738561348420133, -0.02719850425483255]]	[[0.07332082823988385, -0.571129585870805, 0.2038762485060997, 1.2088834287434973, -2.8988102975415138, -0.00148703543601994]]
[[1.2855569633597859, -0.36897317512437067, -0.04869277701261936, 0.01366342950041187, 0.15980785181827162, -0.027618407427330717]]	[[0.07330931554470056, -0.5711342907164624, 0.20387982693301715, 1.2087831408960095, -2.8988637875600345, -0.0014300976019804997]]
[[0.9849439456376923, -0.5634342301821706, -0.02607056199457051, 0.007576075641458943, 0.16822486414897497, -0.03233585901888874]]	[[0.07330518304896252, -0.5711232552169204, 0.20388123986740203, 1.2088706538404999, -2.8988281684573556, -0.001467930531356657]]
[[1.1481833788174511, -0.417968021730521, -0.07643653490118714, 0.012247746826781106, 0.16232129445276763, -0.03198313426277772]]	[[0.07333492751379884, -0.5711291132569402, 0.20386270744903529, 1.2088486982161424, -2.8988244246365724, -0.001468930219962655]]
[[1.1076874867634734, -0.46597320291001154, -0.10734854751957809, 0.016694271799115187, 0.1655054194982269, -0.029053758217245353]]	[[0.07330382250171212, -0.5711230370909749, 0.20387339033849278, 1.2088836752744556, -2.898810668189579, -0.0015057753410905924]]
[[0.8258674121570327, -0.6828551104949588, 0.026600333073078856, 0.012068087079296408, 0.17553952066868295, -0.02693405893281957]]	[[0.07331892430678816, -0.5711332681407565, 0.20388119176421687, 1.2088639074214071, -2.8988572293102743, -0.0014658380786685763]]
[[1.3950532277836099, -0.6643431585857982, -0.03378185268965154, 0.00521663622415261, 0.15915888773070902, -0.03134007043200986]]	[[0.07331909983077915, -0.5711317920915563, 0.2038562125605609, 1.2088581491106847, -2.898796306971279, -0.0015446441326440888]]
[[1.2530208918584602, -0.25336923568645636, 0.004750562622116115, 0.014729750808597564, 0.16109718630509284, -0.03272964566241052]]	[[0.07330936873590833, -0.5711378257956876, 0.2038688302386809, 1.2087965225172954, -2.8988453564799475, -0.001431174415493577]]
[[1.2465635504093833, -0.49912929756316726, 0.04036378097430519, 0.0014554772334343519, 0.15700095687117516, -0.032163487760602856]]	[[0.0733130569346598, -0.5711278990732211, 0.20386576523975136, 1.2089015867139978, -2.898803235189716, -0.0015071702033361877]]
[[1.2081068103957227, -0.4490547796870179, -0.03671122043623279, 0.006108947383066457, 0.16003017625846913, -0.026745790269760084]]	[[0.07332209867589137, -0.5711296145149749, 0.20386955962063746, 1.2088715352437893, -2.898828593817484, -0.0015053222160828464]]
[[1.181087484686629, -0.7642666817487012, 0.0483575422435321, -0.004873539401851673, 0.16174781285875386, -0.023516756591614677]]	[[0.0733246228184247, -0.5711274585136689, 0.20385910197847107, 1.208909886172018, -2.8987743630495175, -0.001526969702606633]]
[[1.225492327558204, -0.24582199145851474, 0.11897467161360135, 0.008316527969107729, 0.16067257572950108, -0.026580435717384793]]	[[0.07331848605145398, -0.571125329081274, 0.20387243871948518, 1.208907124060358, -2.898865550410214, -0.0014852247034492414]]
[[1.5616433569099768, -0.46219247669806796, 0.06022973384206353, 0.0022635572105179497, 0.1521023444800257, -0.0276670155941939]]	[[0.07330853092266199, -0.5711356158563652, 0.2038664627233035, 1.2088659602968421, -2.898817236774569, -0.0014684395281322408]]
[[1.5275050360151727, -0.4962325311461555, 0.08061984567867164, -0.004119021327878725, 0.1550684363812821, -0.03314553051534691]]	[[0.07332068585741175, -0.571137986851988, 0.20386474329156162, 1.2088797463820244, -2.89885069047716, -0.001465748219446715]]
[[1.8879671790295718, -0.501071534585205, -0.030749523753218787, -0.002481842916601071, 0.14719719574007095, -0.02838672661520695]]	[[0.07333207783184817, -0.5711336713449597, 0.2038609727097233, 1.2088931923643922, -2.898832206116261, -0.0014671701243301782]]
[[1.402132716893808, -0.6717547051085929, 0.05243023893302985, -0.0024980580405763175, 0.15901090597595308, -0.025365086554963168]]	[[0.0733186271932818, -0.5711325599327081, 0.20384402250699069, 1.208933765215614, -2.89883032425196, -0.0015606323785066394]]
[[1.230086839315487, -0.6542009624820972, 0.02985674592278221, 0.0007354803172094915, 0.16279151303008474, -0.02317663162139536]]	[[0.07334194933146053, -0.5711274700884336, 0.20384931948043689, 1.2089988395564837, -2.8988406921950713, -0.0015031349119549325]]
[[1.6996680268623745, -0.4000488178828836, 0.06260678773008627, 0.006142493051218181, 0.15217324806574947, -0.030638868774283453]]	[[0.07330752885437891, -0.5711295393389818, 0.20385930119611217, 1.2088532953764046, -2.8988354849126696, -0.0014679190480682452]]
[[1.1213705898774884, -0.34883930934948026, -0.044762161110530774, 0.004815368623590929, 0.16459402569692927, -0.018266769352321736]]	[[0.07331371544302963, -0.5711330547677305, 0.2038493373581851, 1.2088624090834525, -2.898806706128771, -0.0015073809531972514]]
[[1.0437030588969254, -0.5923363557072799, 0.0748161630398907, -0.002225135153266597, 0.16650240720234574, -0.022290972100725975]]	[[0.07331689059874638, -0.5711346710932527, 0.2038586051035588, 1.2088706046810787, -2.898826637497116, -0.0013925986569337959]]
[[0.8373383548399536, -0.5031787354467472, 0.12679143694730075, 0.0038262523764307083, 0.17246803340142908, -0.01782175688133356]]	[[0.073294126115003, -0.5711453946806233, 0.2038671263605571, 1.208765527193834, -2.898819541744916, -0.001432166507839096]]
[[1.0117095380538774, -0.6053424103008486, 0.06822815985699525, 0.0014283455932356526, 0.16644424876957659, -0.018515843432013217]]	[[0.07331541761160641, -0.5711376137350435, 0.2038476255720983, 1.2088803231376297, -2.898799212693794, -0.0015065475513704948]]
[[1.2094349729265053, -0.6170644993099157, -0.10041968728699033, -0.0006454974539819025, 0.1648467461641135, -0.020950334992926114]]	[[0.07329533073712066, -0.5711282020305436, 0.20385691069704454, 1.2088636054979527, -2.8988583638446097, -0.0015042331631523209]]
[[1.023862566278346, -0.1388721237436168, -0.16377190199708908, 0.007987593918616934, 0.16691152688894062, -0.019264364458377998]]	[[0.07332326377021975, -0.5711481986779603, 0.2038685954971095, 1.208893019462541, -2.898830217507564, -0.0013735532739612905]]
[[1.1373981414953982, -0.22976190355608417, -0.23940663754987354, 0.005906557244923283, 0.16175760010150647, -0.017480399045143615]]	[[0.0733143466454831, -0.5711312833420746, 0.20386169507378432, 1.2088663883962871, -2.8988162886020183, -0.0014309056698190725]]
[[1.1638966481337816, -0.35154701618586137, -0.16044299361936146, 0.003887421121176432, 0.16043176323092392, -0.01184561897547888]]	[[0.07333029703605616, -0.5711289360300451, 0.2038404649712664, 1.2088942215648313, -2.898832697918836, -0.0015046810872112269]]
[[1.2111527097231514, -0.2351027738389414, -0.04678465059155495, 0.008261829758358138, 0.1611444266735489, -0.008501709765054056]]	[[0.0733124356250928, -0.57114261406743, 0.20387498030058382, 1.208887815912551, -2.898819357464941, -0.0013923466919474952]]
[[0.768991078586948, -0.46822172451203875, 0.10581236234591292, 0.0011924012613996615, 0.16823297715857144, -0.007136581877754176]]	[[0.07332297324306952, -0.5711353671372739, 0.20383169663136325, 1.2089202828401748, -2.8987959557851046, -0.0015254003624467223]]
[[0.8438307684272119, -0.663475239191798, 0.016053891791171334, -0.0010782817224772312, 0.1658722795736971, -0.006355834149832027]]	[[0.07330471010406234, -0.5711376440983457, 0.20382474993368827, 1.2089110704966464, -2.8988266106913176, -0.001543665083008714]]
[[1.0417901018327131, -0.5027904249601648, -0.0694533701122165, 0.0018620850077491619, 0.1609695181048703, -0.006681290885709966]]	[[0.07333639073193238, -0.5711418659409523, 0.20383493355102278, 1.2089850234039738, -2.898807721199021, -0.00150327412114008]]
[[1.341088514278816, -0.5611674549676857, -0.02622557207798592, 0.0016266016398567978, 0.15585751908346304, -0.0036755547959082145]]	[[0.07329793374558537, -0.5711420099830252, 0.2038498137542631, 1.2088548191012152, -2.8988336938112633, -0.0014123768855446267]]
[[0.9011961916572143, -0.38459500390843576, -0.05505067253836321, 0.01036373029388668, 0.1647605927632554, -0.003321499130480151]]	[[0.07331324472825047, -0.5711481912939087, 0.2038518358521651, 1.208884725893459, -2.8988082357805367, -0.0014119387777548251]]
[[1.5402134133119474, -0.6085264459873219, -0.11802181017322078, 0.0027924330831411714, 0.1529028702204488, 0.004038712430387299]]	[[0.07334268052517803, -0.5711396035073343, 0.20382542062190045, 1.2089871152203202, -2.8988069213745113, -0.0015046612063276594]]
[[0.9621722413749131, -0.6168068690229738, -0.0794540996149869, 0.0017751818776499673, 0.16842032010145375, 0.012418607030593472]]	[[0.07331153966154817, -0.571143745108333, 0.20381783113885044, 1.2088864835185196, -2.898810483093024, -0.0015431903921239926]]
[[1.242816695281698, -0.6743345788883415, 0.03513976603410723, 0.0033775104865966243, 0.164776649567912, 0.013960626721498172]]	[[0.07331651059569197, -0.5711372034971911, 0.20381781962497095, 1.2089737993970016, -2.8987745588052003, -0.0015642619715310149]]
[[1.2553208203654531, -0.5225605659292821, -0.1710013594932733, 0.004146336420970134, 0.16270391720700755, 0.01589809328323779]]	[[0.07330761183189462, -0.5711419727702444, 0.2038375741446693, 1.2089690469200405, -2.8988140643440867, -0.0014861113003507343]]
[[1.3706332702337398, -0.6413884658367504, 0.03733471018004534, -0.00045469465832692624, 0.1592434106924514, 0.02340034316658428]]	[[0.07332425641742414, -0.5711354303425167, 0.20382475853750787, 1.2090466353494096, -2.898756656511967, -0.0015442146338568452]]
[[1.4174179431934253, -0.31528140677584626, 0.03013412313508241, 0.004861515026467617, 0.1563848127990391, 0.02246540680688617]]	[[0.07330123994718174, -0.5711283835379135, 0.20380570557284095, 1.2089640023918378, -2.898805516957603, -0.0015825072463686077]]
[[1.2322342800147301, -0.7073889872352641, -0.10002577397394898, -0.00749410742990618, 0.164504541193871, 0.02915939091577087]]	[[0.07328985060959911, -0.5711463585647021, 0.20382396837939382, 1.2089149929779588, -2.89878534130314, -0.0015267353096548736]]
[[1.4203996945982602, -0.8027875464410972, -0.14655599984160764, -0.010354535086798039, 0.15881820050662845, 0.025715612637839683]]	[[0.07332508787311445, -0.5711477284401303, 0.20384489941023023, 1.209030580078858, -2.8987220622870917, -0.001432642874228388]]
[[1.0882994854606505, -0.740295693332375, 0.11628788215955287, -0.00599885905996303, 0.16720130998777696, 0.02763991970851715]]	[[0.07330588468484009, -0.5711407906973919, 0.2038137861158746, 1.2089794615990845, -2.898798153221535, -0.0015435986908521738]]
[[1.3983614791336532, -0.6925591136652203, -0.16098115341634517, -0.005749381799891637, 0.1597744336777343, 0.025486305130275194]]	[[0.07332473245731796, -0.5711400804781281, 0.20381495718783976, 1.2090405028656734, -2.898745945748401, -0.0015264792891930411]]
[[1.3447976524756224, -0.3392118863109074, -0.040013436613688, 0.0037039310504826256, 0.1622380516359859, 0.022575126359230646]]	[[0.07330267062115077, -0.5711444750066424, 0.20382514516528805, 1.2090234996443348, -2.8988047614602914, -0.0015049994714724899]]
[[1.4772931923107977, -0.3090604768498778, -0.005044913243495464, -0.0005470325971960732, 0.15528980066686948, 0.027440546975145974]]	[[0.07331869037007026, -0.5711430253325237, 0.20380255451025206, 1.2089715086694295, -2.898775168128019, -0.0015455471747277418]]
[[1.2744514836237424, -0.14563440712558384, -0.05063677458580964, 0.0030722065809521276, 0.16453624272030043, 0.023854155625933186]]	[[0.0732823524488715, -0.5711488283032297, 0.20381892131036639, 1.208909478499712, -2.8987759351913374, -0.0015824583379554912]]
[[1.2897857817135965, -0.47953881396253395, 0.027298359665817062, -0.0033512040404744953, 0.1668923240630547, 0.02392395194719591]]	[[0.07333356220258913, -0.57114661929656, 0.20381790989997361, 1.2090977780101784, -2.8987866692501743, -0.0015040851968677541]]
[[1.266209931612995, -0.49841195540602645, -0.10720615293937012, -4.249373361214781e-05, 0.16812887056135395, 0.03045158133154556]]	[[0.07331340927866391, -0.5711453803205239, 0.20380512315899046, 1.2090266492952777, -2.898765474171656, -0.001563038508599762]]
[[1.5286236376717062, -0.523193158889486, -0.08907024572161307, -0.0001525453192574855, 0.16079988974285153, 0.02547854697231188]]	[[0.07329101646945563, -0.5711460904028952, 0.20380922313668776, 1.2089527255702806, -2.8987826186489674, -0.0015269839920945172]]
[[1.4777750806472625, -0.3561249456720562, -0.22986938321910075, -0.003148124542220035, 0.16404079717121905, 0.019005936591661415]]	[[0.07331140540692467, -0.5711521704398751, 0.20380577903586128, 1.209018292567962, -2.8987944572749447, -0.0015236431690858934]]
[[1.4410003013993653, -0.5517039472966146, -0.1291118863478589, -0.003199941164720166, 0.16372574534122436, 0.028296716933115664]]	[[0.07332092782765519, -0.571151833965146, 0.20378574991161602, 1.2090098435135794, -2.8988250691380912, -0.0015785436193022527]]
[[1.581338456576588, -0.3734458551844446, 0.015133765846932634, 0.0017174256105886437, 0.161401031388916, 0.01791887149534752]]	[[0.07332191083581642, -0.5711413917868442, 0.20380273875240007, 1.2091060668897924, -2.8987595146690754, -0.0015992423618192005]]
[[1.4284646937173249, -0.6510807468980705, -0.21083685754816983, -0.003073573567726265, 0.1642201052740415, 0.031501141626549094]]	[[0.07332112550997291, -0.5711426282525445, 0.20378818203822902, 1.209049216445829, -2.8987691778956446, -0.0015437800292825651]]
[[1.209123484576392, -0.41378470375760634, 0.022408891040294948, 0.0012951916956026738, 0.16360874018924954, 0.023540726430909098]]	[[0.07334213589962145, -0.5711504727942557, 0.2038014726595918, 1.2090970215720758, -2.8987870288028925, -0.0015037871787050054]]
[[1.3660899087120248, -0.4709403694500756, -0.025484609481358843, 0.005071040715306507, 0.16584307427552575, 0.01997010484310674]]	[[0.07332999162780234, -0.5711629520073747, 0.20380653047845876, 1.208984135519391, -2.8988082265598796, -0.0015057327013641999]]
[[1.1069747465817863, -0.6548439978660671, -0.024785073058653545, -0.002092955353186862, 0.16905726834516616, 0.025855866106553525]]	[[0.07330329078456409, -0.5711496506612576, 0.20377290470268733, 1.2090019306189013, -2.8988038804048806, -0.0016371276402965384]]
[[1.6297162608906373, -0.3131091887663019, -0.11989653293234231, 0.007812182174025503, 0.15871877079171662, 0.0192193649867423]]	[[0.07331987079462005, -0.5711557711563455, 0.20378243590201947, 1.2090188711121865, -2.89879604671637, -0.0015996806858807606]]
[[0.9684865638949102, -0.20812620878746524, -0.00019640707085157532, 0.01026338077970769, 0.169968210558342, 0.022968727501283384]]	[[0.073311386628002, -0.5711555305534286, 0.2037802664041854, 1.208996900813189, -2.8987919035342817, -0.001580456832243019]]
[[1.0746181878380718, -0.39075522541083063, -0.08122963056188526, 0.004188474809763504, 0.17294934838790738, 0.02160901083178134]]	[[0.07331112392351379, -0.5711514699270485, 0.20376862700026901, 1.2090363523074859, -2.8987892597006373, -0.0016181288288819914]]
[[1.9510569851252928, -0.28686653350729985, -0.2036488216212654, 0.010343876621891623, 0.14645128017190967, 0.01558719087450456]]	[[0.07330969577035698, -0.5711476785619667, 0.20377173296453172, 1.209002127258147, -2.8988043157748886, -0.0016555375857882062]]
[[1.3166973754090723, -0.28786998376493944, -0.03112138362959411, 0.010478092251030871, 0.16386927015065256, 0.022501385365275316]]	[[0.07333029191372042, -0.5711481229154393, 0.2037674399685821, 1.2090319411681754, -2.8987785570299387, -0.001637399415324246]]
[[1.6274544658958296, -0.5693729661919131, -0.048099705570734105, 0.003291497795229803, 0.1587042884680172, 0.018639988735556254]]	[[0.07331677813490799, -0.5711407709692683, 0.2037579014421473, 1.2089941490166463, -2.8988339317935736, -0.0016730161612936356]]
[[1.083628278153902, -0.37413924570059764, 0.08001723488627858, 0.007717510871747865, 0.17108514209682793, 0.021927785533371713]]	[[0.07333301629562364, -0.5711486548646452, 0.203747410860864, 1.2090076419376374, -2.8988159115792733, -0.0016923031772036602]]
[[1.4432837479290324, -0.8030867679221974, -0.01513734418705569, -0.004123949542693087, 0.16715798945049365, 0.024415858205358392]]	[[0.07331163453240193, -0.5711562474900022, 0.2037523719421372, 1.2090149417422025, -2.898786640794231, -0.0016741028979106274]]
[[1.3114048631599502, -0.6392893265179047, -0.1610833605924256, -0.0012324742201867273, 0.1700281685414993, 0.020389535595457284]]	[[0.07332082147751347, -0.5711549085039996, 0.20375219879714457, 1.209005633336891, -2.89881513633423, -0.001617019036969555]]
[[1.1505777039534375, -0.32636561630609057, -0.12214483551822741, 0.006562753112894934, 0.17689010678442285, 0.02063749591799316]]	[[0.07332897368906724, -0.57114998334541, 0.20376314020627623, 1.2091199833944255, -2.898793641706112, -0.0016161972072184377]]
[[1.3731414347328759, -0.6173165925642045, -0.06840345459844628, -0.0008344933044119318, 0.16445817663499906, 0.019401428136022657]]	[[0.07332321328556085, -0.5711576335973012, 0.2037705017592755, 1.209079156642927, -2.898796995776273, -0.0015595224068172438]]
[[1.8563769504426486, -0.45113395673472456, -0.13022923392792435, 0.0014518524682720912, 0.16165249652810948, 0.018034981589989382]]	[[0.07330587392338855, -0.571149396947107, 0.2037515117797904, 1.2090290013134768, -2.8988204760415104, -0.0016549347946847837]]
[[1.5413800043253483, -0.5388263655288191, -0.1884876218837117, -0.0001325694437443875, 0.17841302558285715, 0.017603474246594548]]	[[0.07331394593360321, -0.5711584541208113, 0.2037478063170704, 1.209020098569918, -2.898799224585389, -0.001655432637696069]]
[[1.4936380037598584, -0.49068494063741974, 0.027179318975521092, -0.0044666588764391, 0.18397620410406068, 0.022198360659295664]]	[[0.07332252613267617, -0.5711421597584735, 0.20375242075503813, 1.2089696555466805, -2.898821813392032, -0.0016740372371114368]]
[[1.4857129722969757, -0.2984359424385383, 0.101441091804234, -0.001346205192551131, 0.19136664531753628, 0.023864822163456593]]	[[0.07332085022335227, -0.5711660606779583, 0.2037664668394692, 1.2089990373305783, -2.8988483774521496, -0.0016160687757937801]]
[[2.1639399136338655, -0.3051959736108568, -0.10365240146167018, -0.005132273653189343, 0.1821867949611073, 0.022797889255526088]]	[[0.073333290264147, -0.5711446233821937, 0.2037503155405851, 1.2090830402120765, -2.8988021853986057, -0.0016735233271964272]]
[[1.2745764461435782, -0.6045631022662495, -0.0715856154321102, -0.007044738723405039, 0.1925395304435758, 0.025803020941381462]]	[[0.07332838625597153, -0.5711536183735442, 0.20373188586863206, 1.2090530407238362, -2.8988789108613107, -0.0016701535998784305]]
[[1.4818370679774944, -0.3552205727324397, -0.23092740401342404, 0.007549350384874948, 0.1649169989543342, 0.021468981615889244]]	[[0.07331256905801951, -0.5711500507616976, 0.20374045382877898, 1.209052678839089, -2.898877805642627, -0.0017080753543190744]]
[[1.0182994659640636, -0.8306834541852254, -0.0654814449582834, 0.006682083990710852, 0.16842709505929834, 0.02648288726585541]]	[[0.07333100161758203, -0.5711682724888186, 0.20376308945955898, 1.2090929414518228, -2.8988306579949734, -0.0015783745984541918]]
[[1.3397879216419617, -1.1898519160982353, 0.141603014551347, -0.009777087973210821, 0.1811549634391842, 0.025454564621766165]]	[[0.07332078384587878, -0.5711499074724602, 0.2037416352377841, 1.2090565707962018, -2.898887252417934, -0.001688907034546057]]
[[1.663137627994534, -0.6438328394774288, -0.15084195621025417, -0.00958066060050658, 0.19305590537165518, 0.027366271302749764]]	[[0.0733266478307459, -0.5711466233294875, 0.2037247174346548, 1.2091263922164759, -2.8988600948180747, -0.001782482229013012]]
[[1.3988487804172847, -0.2713448104239563, 0.020958810723172152, -0.007187022574606627, 0.21636510451645657, 0.027756662094251552]]	[[0.07330386063534756, -0.5711498384870584, 0.20370900337745382, 1.2089958058350545, -2.8988873679433067, -0.0017459109219754413]]
[[1.4575803095950755, -0.6314217440163881, -0.02869546554814731, -0.009957784969146996, 0.19941635123573184, 0.02114710651922915]]	[[0.07333523956181716, -0.5711463861859541, 0.20372588071601583, 1.209061616565403, -2.8988994495629354, -0.0017635093607744387]]
[[1.5036309890880037, -0.44582116838769004, -0.08018357585273014, 0.010338035789045491, 0.17323959727328309, 0.02237664700652907]]	[[0.07331100297280772, -0.5711587128487372, 0.20372206167657314, 1.2090787746811626, -2.898892210575192, -0.0017635726299850536]]
[[1.0864466743478236, -0.945563013763002, 0.0012022070608441607, 0.005915701800796674, 0.17762814581149955, 0.027493156598807335]]	[[0.07332890664771329, -0.5711493501494912, 0.20371374458997177, 1.2090616912568168, -2.898899745069407, -0.0017818638379919786]]
[[1.2724312995685991, -0.583860698091249, -0.00909875606519823, 0.0087064728476125, 0.18642298349960942, 0.023893839584604698]]	[[0.0733055181191024, -0.5711473927583737, 0.20371445983135544, 1.2089871005647783, -2.8989171847032362, -0.0017450540121107389]]
[[1.9270262987426596, -0.1953813755905096, -0.10124140375987974, 0.0034238265505392856, 0.19588520737798482, 0.022254570238173947]]	[[0.07333925865923324, -0.5711605261902516, 0.2037201709874113, 1.209091677925985, -2.898872659184892, -0.0017076219777934177]]
[[1.6818212423765062, -0.08022469421597644, -0.12918388682701948, 0.00021095050676123162, 0.2136497258465847, 0.02680188959244829]]	[[0.07334016385571249, -0.5711508781828275, 0.20370159198005516, 1.2090651900995957, -2.8988593369822384, -0.0018023932733822606]]
[[1.6218001529983432, -0.38466547097128223, 0.01929217374074273, -0.0040793275647370425, 0.20247655709184603, 0.02424794655522378]]	[[0.07333287629228534, -0.5711566254856654, 0.20370105252977203, 1.2091352295637585, -2.898881897565284, -0.0017805410055218732]]
[[1.0034366126308394, -0.5125868326206882, -0.02803287869545115, 0.008469980083067888, 0.19612601805970803, 0.032594356795274705]]	[[0.07332912201700456, -0.5711437530481625, 0.2037052396939653, 1.209112144655757, -2.8988257178798325, -0.0017472664434638927]]
[[1.3027216635409342, -0.8765744038642769, -0.023040132143267857, 0.005684590651312327, 0.18037776169406894, 0.020500120284257316]]	[[0.07331892466344904, -0.5711540520749495, 0.20371063349173937, 1.209053149422519, -2.898928226266461, -0.001743256377110175]]
[[1.3460364316409505, -0.44911910364157576, -0.03599339394323478, 0.013942563481037881, 0.18466213833451173, 0.022034759179576785]]	[[0.07334098514460431, -0.57114280231561, 0.203700901049764, 1.2091665057221495, -2.89885721033302, -0.0018391375474539596]]
[[1.8841519309293817, -0.39100795666913046, -0.1559328167523341, 0.008261069397419399, 0.18967516048010907, 0.02388587765594389]]	[[0.07331652759937102, -0.5711579105991608, 0.2036853288920325, 1.2090575957931529, -2.8988901280755095, -0.0018565933338563626]]
[[1.704821186364281, -0.2818213970295881, 0.023768972499244735, 0.006433298331397094, 0.1990281682328283, 0.017355872109596597]]	[[0.07334069715762946, -0.5711455096137009, 0.20366752419029144, 1.2091107953353852, -2.898869652476693, -0.0019333693020439585]]
[[1.615406576001805, -0.580476768534462, 0.0312631717648842, -0.0038925246996544954, 0.19365952148140878, 0.019883945239782826]]	[[0.07333167325846872, -0.5711568469464864, 0.20368650993520887, 1.2090619825670126, -2.8989007731986463, -0.001837346945167681]]
[[1.1804844238278367, -0.8328460047534645, 0.014569467122778623, 0.005495598656614933, 0.18952953823227106, 0.02591230403976248]]	[[0.07333695217713146, -0.5711544856237935, 0.20368393565003576, 1.209057303523701, -2.8988894409475656, -0.001819972078021075]]
[[1.1975375879588432, -0.7962816301834347, -0.0014972184755933306, 0.011076513901250501, 0.18819809671918136, 0.027279016609119577]]	[[0.07331998376550979, -0.571146698051696, 0.20368233933983204, 1.2090328084106394, -2.8989788839541624, -0.001872483613396164]]
[[1.7182350526429402, -0.7395801533509981, -0.07904910970513575, 0.0050866248231470484, 0.1837091806118098, 0.017279060473921543]]	[[0.07334682827013286, -0.5711583996408256, 0.20369036900433649, 1.2091140277984986, -2.89887781276141, -0.001780082421374596]]
[[1.5814942472444513, -0.43554844259789016, 0.0760201443983765, -0.0030410922335350615, 0.2040960285421855, 0.02620144954296126]]	[[0.07332723406326563, -0.5711572321646587, 0.20368659811371337, 1.2090706537443594, -2.8989217933821356, -0.0017796411486818624]]
[[2.0775276275533754, -0.459933016821354, 0.05852492728968867, -0.007745565521312905, 0.20247114152339263, 0.027133255887759267]]	[[0.07330793517387399, -0.5711473248640427, 0.20365107604109595, 1.2090158370826087, -2.898935950792741, -0.0019677377942840094]]
[[2.1251308999296588, 0.01234103306340617, -0.1389254464469659, 0.0036243781853192297, 0.19209100382436922, 0.017763594208310488]]	[[0.07330637207105697, -0.5711621142021385, 0.20369683431988422, 1.2090145477729284, -2.8989330458702898, -0.0018180648391525505]]
[[1.4706725546907133, -0.6481449075579794, 0.06702843593792283, -0.005728402363120305, 0.20021932677337906, 0.02681077458946439]]	[[0.07332325155805292, -0.5711637114851658, 0.20367035180314313, 1.2090653586219113, -2.898860179720745, -0.001838074124472101]]
[[1.5444628566373377, -0.1904358602072569, 0.009946614835787678, 0.007305281947024914, 0.18913356387473357, 0.03045407265322316]]	[[0.0733156901388737, -0.5711469352033722, 0.20364970102344201, 1.2090617280973786, -2.8988509821617767, -0.0019341001681768436]]
[[1.4353437330952916, -0.2505695778820003, 0.13399685065086575, 0.005471560842589984, 0.19742925662562488, 0.028596142620653516]]	[[0.07333939315865105, -0.5711610740534175, 0.20367034686667979, 1.209075283216492, -2.898882216622309, -0.0018368238294895216]]
[[1.6292687728330102, -0.1963845259981386, 0.1234663107004676, -0.004333498124979573, 0.19402530169156826, 0.024850493018190072]]	[[0.07330420475249519, -0.5711665191156128, 0.2036858707103646, 1.2090180836837912, -2.89889276254693, -0.0018198863383419054]]
[[1.6069926677423383, -0.5634589539597157, 0.06665600808308858, -0.011196040354991305, 0.1972281675614984, 0.03115182404838053]]	[[0.07333457985890882, -0.5711551357096164, 0.2036696686644009, 1.2091175198757724, -2.8988391348161127, -0.001876618438904003]]
[[1.6511796725682995, -0.5528360888399109, 0.0009429725382701793, -0.006217786230695188, 0.19032034556340915, 0.02931412624196996]]	[[0.07331408547355317, -0.5711548297448396, 0.2036592253873492, 1.2090187590492902, -2.8988942284735684, -0.0018954492890880087]]
[[1.5819879853888106, -0.8156855768047699, 0.03231376450048949, -0.0053134779818778816, 0.1838288842678897, 0.02981287063881291]]	[[0.07332943791047133, -0.5711475704661227, 0.20366899952503528, 1.2091183204210463, -2.898891804683498, -0.001912359800125134]]
[[1.6857689447070676, -0.4236542558306081, -0.07692794493304973, 0.0035168765551489567, 0.18012781339555645, 0.028858944135565362]]	[[0.07335025862670849, -0.5711642485387862, 0.20367610575209597, 1.2091358939345744, -2.8988819369230843, -0.0017989501631391297]]
[[1.4022571138112911, -0.384376607782855, -0.08602244595777642, 0.0032084741983665482, 0.19231309527324578, 0.03266130047744559]]	[[0.07332216738325328, -0.5711628942809817, 0.2036713219513499, 1.2091231272600098, -2.898901860327788, -0.0018736109002913755]]
[[1.935583843780884, -0.3928349681665646, -0.05294873573663821, 0.00043079098012313577, 0.19099569403979455, 0.021470995181076726]]	[[0.07331367457050662, -0.5711626310089434, 0.2036691288710257, 1.2090320365802543, -2.89892652599426, -0.0018547346293109803]]
[[1.6462339673386284, -0.07695856405375578, -0.2689322233308583, 0.0073872069556491365, 0.20039022952103286, 0.03468512960566998]]	[[0.07332127011673875, -0.5711706343364704, 0.2036713402730626, 1.2090227085546175, -2.8989041869158085, -0.001839464442980602]]
[[1.6036163861141413, -0.7414872489562782, -0.24855900460346642, -0.001674195789444971, 0.19829703788098824, 0.02759085168266495]]	[[0.07333189944272633, -0.5711575734799926, 0.20365862134466042, 1.2091490503763538, -2.8988664833252726, -0.0019309389104035799]]
[[1.184623386047549, -0.9442668367945705, -0.06978209964326114, -0.0051963619181051995, 0.20448386477639385, 0.03458110576199827]]	[[0.07331808994555256, -0.5711642317969009, 0.2036870458039431, 1.2090970892389055, -2.8989368697938533, -0.001797557193746228]]
[[0.9734831299473379, -0.6364649417888621, -0.1855217479860011, 0.0034495477296068167, 0.200551640902898, 0.032284141501997723]]	[[0.07333136416907224, -0.5711560713061802, 0.20365587071298208, 1.2090966501171572, -2.898886778402331, -0.001857192735763868]]
[[2.1980392941038476, -0.14575033712578422, -0.26924720749489545, 0.01139922418127641, 0.17655077481909626, 0.02882341122473966]]	[[0.07332117146731808, -0.5711602254519863, 0.20366793710216402, 1.2090878951294493, -2.8989165527163308, -0.001872848843626048]]
[[1.5976610960088655, -0.7017930540818345, -0.26647837052339374, -0.0018997704959458905, 0.19155857751080846, 0.03058265098531028]]	[[0.07331567293614406, -0.5711625400366057, 0.20368248833019956, 1.2090133594434493, -2.898881290026487, -0.0018197382805566285]]
[[1.4180601984543664, -0.4639023520436329, -0.2597892603680589, 0.006672107127542029, 0.1938565665513156, 0.02789541147852992]]	[[0.07333785790165272, -0.5711569794481413, 0.203665391467244, 1.2091446025896615, -2.898853788746152, -0.0018563076362758172]]
[[1.3113695192181634, -0.47221274992613255, -0.24901820021705168, 0.010651215702755998, 0.19118900152410379, 0.02499209255342384]]	[[0.07333176926964002, -0.5711639397783375, 0.2036725209507732, 1.2091040529655679, -2.8988577391872585, -0.0018572881844655129]]
[[1.7642329332614173, -0.7224831822018629, -0.29880953711178826, 0.004281955599462844, 0.1758535616535476, 0.030704747388762103]]	[[0.07333385091689741, -0.5711593744483697, 0.2036609976501602, 1.2091180363245375, -2.8988915004633276, -0.001892899522707118]]
[[1.5066823050974234, -0.6966054081737574, -0.15571477745378906, 0.0075769098214741315, 0.1878470647854551, 0.03051173555810635]]	[[0.07333760294114149, -0.5711529404672007, 0.20365349195636118, 1.2091315208881146, -2.898873046207143, -0.0018946158723644928]]
[[1.2981675133810486, -0.5830512700237578, -0.11626706495446137, 0.008877637932312, 0.19191274217455906, 0.031310006211758154]]	[[0.07331775156462626, -0.5711612241452861, 0.20365963904356574, 1.2090740973215797, -2.898883249574138, -0.0018570676409524218]]
[[1.8000349437218146, -0.20555140754630286, -0.3948555092120961, 0.010393767478136473, 0.1853475231601721, 0.028806082900230495]]	[[0.07332303540882514, -0.5711651675053008, 0.2036657766298732, 1.209122661937027, -2.898900876307779, -0.0018170983846842689]]
[[2.07433087085236, -0.42019122391041874, -0.26649236747251237, -0.0008509083837641984, 0.1838835925366352, 0.02619199288001197]]	[[0.07332681426430535, -0.5711541940724012, 0.20366711584176472, 1.2091174024481506, -2.898838833155944, -0.0018582930624387829]]
[[1.5108634242953851, -0.25292970278483673, -0.11143691763904498, 0.006337232772837972, 0.19410870593029295, 0.03480142935518192]]	[[0.07332533381408962, -0.5711589945813651, 0.2036732532828088, 1.2090617750663708, -2.898900403708392, -0.0018182757784005641]]
[[1.5322800268822987, -0.3187221422825891, -0.1399806994714122, 0.009622473841158122, 0.19542004106112287, 0.035099151593704095]]	[[0.07331970982045274, -0.5711631124058794, 0.203655514557873, 1.2090623209925615, -2.8989018578125423, -0.0018935081178924574]]
[[1.5577111786545312, -0.08484478431994158, -0.16513627732925756, 0.01270719525229784, 0.19142569925008113, 0.03476921210253792]]	[[0.07331342662047713, -0.5711586792414551, 0.20365072864683506, 1.2090713716844077, -2.8989255514559376, -0.0019675352405394845]]
[[1.7389856471954914, -0.18486205406312395, -0.18916996060375357, 0.006083309574080237, 0.19185550338906993, 0.03249470968448628]]	[[0.07330380046295062, -0.5711587200582379, 0.20366298651075648, 1.209010557867962, -2.8989234433790143, -0.0018935147610841206]]
[[1.6038409260805668, -0.530511963217781, -0.06473859456657939, -0.004243049907366861, 0.1939305476844725, 0.03985903147541623]]	[[0.07331472665043162, -0.5711704056535765, 0.20364680139362296, 1.209051320218997, -2.8988283931093544, -0.0019164548040695984]]
[[1.183053735366232, -0.6461546745412312, 0.06437595892779953, 0.0002945336965627515, 0.20268989818806768, 0.03813565375711965]]	[[0.07330540801817302, -0.5711664202748751, 0.20366443491848069, 1.2090232108526664, -2.8989052368860224, -0.0018946877751919635]]
[[1.5442356736974348, -0.36056005744985997, -0.023064252013528963, 0.005068499499713525, 0.18955003464155898, 0.03984897338321855]]	[[0.0732980244065679, -0.5711657360603696, 0.20366223947639261, 1.209075617342557, -2.8988830248466773, -0.001875257800888701]]
[[1.729874257271547, -0.5399581515770379, -0.13715014417169505, -0.0002121576059851693, 0.18460515756291918, 0.038581785057249685]]	[[0.07331296488667803, -0.5711675679519882, 0.20365226854754082, 1.2090758599476237, -2.89888373703086, -0.001913497600484401]]
[[1.5115122609075136, -0.42238298173285294, -0.09293926789145907, 0.0030864696868525, 0.1901741811885922, 0.036952876732147096]]	[[0.0733030442560615, -0.5711635137697365, 0.20365318239113728, 1.2090715110029204, -2.8988730557955424, -0.001932076675560144]]
[[1.4658584377682973, -0.3091719385078078, -0.07921059171136635, 0.005002379905058252, 0.19497345350779482, 0.040687086135922826]]	[[0.07332516728096672, -0.5711587223800356, 0.2036374254995939, 1.2091503178720489, -2.8988676643997806, -0.002006076454823444]]
[[1.700879820495493, -0.5298694874136424, 0.005744982595404426, -0.0025188154133020807, 0.18787701738656523, 0.04274736811064441]]	[[0.07331465563043915, -0.571163276933186, 0.203661051571549, 1.2090273533647824, -2.8988642558986975, -0.0018958464804572416]]
[[1.7009056930876927, -0.5297878637055704, 0.005611147650948676, -0.0025251704448664286, 0.18787474042273308, 0.04275699941366308]]	[[0.07331461907204245, -0.571152970896213, 0.20362105000000924, 1.2091119728993482, -2.8988708708771367, -0.002007048580245999]]
[[1.413336977249874, -0.5925295429856123, 0.01208221435612052, -0.002828539812661776, 0.19218078585177822, 0.04617067550929371]]	[[0.07331866451909702, -0.5711671146697624, 0.2036522709719867, 1.209106554954373, -2.8988580249693845, -0.0019141014067714413]]
[[1.4563360949722153, -0.8172554286919325, -0.03578498880719566, -0.007959540154234682, 0.1939968355327132, 0.04802980866597536]]	[[0.07332834063490654, -0.5711583873459876, 0.20363606940064427, 1.2091375730127347, -2.89883294651875, -0.001970847163423382]]
[[1.447021405792675, -0.40721955629534745, -0.07816720619449187, -0.000890179105112035, 0.19636902390921895, 0.05834619850243776]]	[[0.07330437982077229, -0.5711671095126726, 0.20363553647510443, 1.209021838751286, -2.8988942190143567, -0.0019507669686234038]]
[[1.8686336734254327, -0.48501289192334784, -0.2686032842471509, -0.004859050899006928, 0.18542283805570414, 0.06857371981766901]]	[[0.07331826101183814, -0.5711695790891218, 0.20364011301851556, 1.20912129247108, -2.898838908989071, -0.001933445974955742]]
[[1.7092189029193423, -0.11115721171741777, -0.2120627844308493, 0.011468486826829508, 0.1891595517751068, 0.07473252107754014]]	[[0.07330811829669859, -0.571158045615578, 0.20362562628502348, 1.2091957269789269, -2.898822664838574, -0.0019897353739106497]]
[[2.2787054040383827, -0.19460730263264625, -0.2729513490506777, 0.010222672620762527, 0.17424593737816602, 0.07963018164764861]]	[[0.07331229787349212, -0.5711658149119576, 0.20363553405073148, 1.209130766584839, -2.898861729079433, -0.0019501889799208958]]
[[1.7224224553031693, -0.40880840261649265, -0.17908673036507297, 0.004989464493109164, 0.1831757066977931, 0.07899418339672797]]	[[0.07330320873989668, -0.5711639718146837, 0.20364650755264999, 1.2091767191904075, -2.898829649234862, -0.0019508261322500413]]
[[1.7362922377015206, -0.7998010015419003, -0.15783691929459626, -0.0028296838010847675, 0.18130003881151557, 0.08145661007823451]]	[[0.0733337203591855, -0.5711658616902746, 0.2036389187286377, 1.2092841844479805, -2.898797742854342, -0.0019509569454484712]]
[[1.240735105542863, -0.5159999966630208, -0.1414448884567969, 0.008889566935050067, 0.1919438664074568, 0.08083862917876622]]	[[0.07332745426578534, -0.5711647792162587, 0.20363674475690177, 1.209201509118567, -2.898844714868833, -0.001930498187387312]]
[[1.056901977130934, -0.7271898719776678, 0.0056824010034795674, 0.0061923800043055255, 0.19689039036651995, 0.08514678976712359]]	[[0.07331008485325469, -0.5711599558559654, 0.20362152553750604, 1.2092150540043818, -2.898828305740808, -0.0020258121248071435]]
[[1.6736117066624616, -0.6947147071304365, -0.24655811318478202, 0.0012537920303432037, 0.18521983708610779, 0.08083958100638965]]	[[0.07333261510804091, -0.5711615256378751, 0.20363551970818794, 1.2092239284114468, -2.8989008438195465, -0.0019465410246648233]]
[[0.9503706128483845, -1.027351900194793, 0.001005387090133025, -0.005691395562860704, 0.19614431041593874, 0.07964650049250574]]	[[0.07331103282312541, -0.5711780986560051, 0.20363492154936996, 1.209200436975526, -2.8988444103901356, -0.0018946091842314487]]
[[1.269111569688875, -0.6482023616848434, -0.1287148176841025, 0.0016498163025288753, 0.19188121622440923, 0.07939969407684315]]	[[0.07333107552938208, -0.5711710892494853, 0.20365273953531032, 1.2092571563250907, -2.8988343483808787, -0.0019310404253010704]]
[[1.5414305490116442, -0.7061668111881343, -0.04778917531350307, -0.0011309317956101628, 0.19188240943057733, 0.07963299888151619]]	[[0.07331635849137394, -0.5711698929072425, 0.20364902122638112, 1.2092046678547541, -2.898856294919136, -0.0019316060401911711]]
[[1.7316107892245567, -0.29172403576421446, -0.34389005604130857, 0.008363438908475046, 0.18736642277878146, 0.07907306996446416]]	[[0.07331177472208719, -0.5711746930211106, 0.2036447371716878, 1.2091303880145816, -2.898821803209326, -0.0019159193827340986]]
[[1.8444192530628918, -0.28702089353064875, -0.34151648685189356, 0.0032641693089600216, 0.17981249362185764, 0.07878053989124337]]	[[0.07332625909288135, -0.5711650218335534, 0.20362223192121737, 1.209230568557989, -2.89882096397601, -0.001987434374242234]]
[[1.812294280220573, -0.1986976097524582, -0.18417505607951648, 0.006536343746554485, 0.18355252889461265, 0.07729897450213845]]	[[0.07328842643895407, -0.5711764415911225, 0.20362803139627672, 1.2090695675611927, -2.8988217198875565, -0.001953468602974078]]
[[1.240748861073017, -0.7302111594978637, -0.2397661146228679, -0.003037364698858541, 0.19606594124478854, 0.07976748020006975]]	[[0.0732990237389524, -0.5711685176527136, 0.20362223192121737, 1.2091614665462154, -2.898849821287885, -0.001987459417915381]]
[[1.4845484385128418, -0.40847665163485647, -0.22903704206764727, 0.0037400708775150032, 0.19082995896073662, 0.0752644649394178]]	[[0.07333404922212475, -0.5711667773720219, 0.20362556888653702, 1.2092312335825637, -2.8988206617727488, -0.00198835911706054]]
[[1.5467733993642674, -0.06376013478154607, -0.158149777393126, 0.017126463313398538, 0.19007660209568927, 0.07814765132898627]]	[[0.0733250624383563, -0.5711585457891358, 0.203593682295104, 1.2092196075881665, -2.8988413914496634, -0.0021185513484886787]]
[[1.4430487395996545, -0.4158076742871806, -0.013298844531620134, 0.005146567670890459, 0.18819120882653775, 0.0799025240236452]]	[[0.07330691239538588, -0.5711704859178959, 0.2036401319171581, 1.2091617006328965, -2.8988484402599446, -0.001932438126502347]]
[[1.7271393809975026, -0.5259387448044718, -0.10134713436426375, 0.002461278667908698, 0.1796365703017832, 0.07475167803713278]]	[[0.07330691239538588, -0.5711704859178959, 0.2036401319171581, 1.2091617006328965, -2.8988484402599446, -0.001932438126502347]]
[[1.5151067458274539, -0.4961617355227198, -0.1411319195167289, -0.0022043134301653056, 0.17940646797562626, 0.07787094503528941]]	[[0.07330840365572774, -0.5711745340674673, 0.2036234976576114, 1.209162090296645, -2.8988495458462826, -0.001989226648061416]]
[[1.2976222062740084, -0.3498790619328026, -0.06527465272469264, 0.007008912439229645, 0.18831555602739294, 0.07755881353613539]]	[[0.07330484419007656, -0.5711658489459692, 0.20362849297493937, 1.2091788169234703, -2.898844577462877, -0.0020832613850926317]]
[[1.4654931779724552, -0.4892504526354596, -0.19408631586564856, -0.0004134447985445072, 0.18441523340297106, 0.0799809236879723]]	[[0.07329256201969625, -0.5711745154197129, 0.20362112152421563, 1.2091744532888826, -2.8988323341160847, -0.00202728609449004]]
[[1.1212349109657787, -0.2844691307403358, 4.941585374573592e-05, 0.005092562215558108, 0.19325919587978507, 0.07898333034554895]]	[[0.07329700803561058, -0.5711795725694727, 0.2036351730292332, 1.2091137861030588, -2.89888172508439, -0.001950272403429656]]
[[1.336206758193484, -0.6073783024849749, -0.022546979159259364, -0.0034820847510204644, 0.18926429993327282, 0.07919249494321083]]	[[0.0733040645698337, -0.5711726121344487, 0.20362897614729814, 1.2091405212671964, -2.8988972515512534, -0.0019874157337417073]]
[[1.6753758554427738, -0.48594453357657896, -0.158172246848954, -0.000980260559309068, 0.1808841234803114, 0.07678974953751581]]	[[0.07329880534028625, -0.5711911916390333, 0.2036191482635147, 1.2091047010264817, -2.8988601285562887, -0.001970378771941797]]
[[1.4501859006842237, -0.3864923188992164, -0.13007633009734695, 0.005313783890239593, 0.1878672052925534, 0.07619970372087423]]	[[0.07330657070555371, -0.5711670457830419, 0.2036076726149286, 1.2091491666307028, -2.8988691049857573, -0.0020432513007509648]]
[[1.5021047257725, -0.07569879125975099, -0.28500604685076625, 0.014212719254799652, 0.1871187227400266, 0.07960313794605572]]	[[0.07331888382712373, -0.5711706386863027, 0.20364351301837239, 1.2091791954093156, -2.898892751750336, -0.0019306660010069302]]
[[1.7291686450399686, -0.5094693080459153, -0.23115307879127656, 0.001964799355123434, 0.1777162532796956, 0.07228870962930355]]	[[0.07328727239271189, -0.5711801722443899, 0.2036339409030764, 1.2091387160058982, -2.898845951081632, -0.001970405521840194]]
[[1.437825919756508, -0.6188540208360724, -0.15283771216385636, 0.001685654152520366, 0.18059879403081774, 0.07436704613773598]]	[[0.07328727239271189, -0.5711801722443899, 0.2036339409030764, 1.2091387160058982, -2.898845951081632, -0.001970405521840194]]
[[1.521525561908942, -0.6206967087429494, -0.11285653010787346, 0.001762351605776355, 0.1749084112964522, 0.07212972415868975]]	[[0.07329770656583946, -0.5711747452784989, 0.20362373610194068, 1.2091927836610352, -2.898876682062643, -0.0020426461398805737]]
[[1.4562361200369516, -0.5551301984227877, -0.16740892025435136, 0.003220504477925615, 0.17264690835922814, 0.06945763529847887]]	[[0.07331836885572905, -0.5711828793214639, 0.2036201530308542, 1.2091612763036024, -2.8988498062215617, -0.0019873443611573213]]
[[0.9625857353046753, -0.5134460203397504, -0.20247069726142095, 0.0061447110517241915, 0.1792106537311841, 0.07809178540970882]]	[[0.07329176687333723, -0.5711862802899743, 0.2035989301097223, 1.209147759450208, -2.898870104092721, -0.002061721787768997]]
[[0.6380641756444047, -0.8753140201981302, -0.15821374304089894, -0.00035665475201836216, 0.18695797776830858, 0.0787688611584679]]	[[0.07329660496467569, -0.5711801608763106, 0.20359273836570765, 1.2091653877168056, -2.898863607875901, -0.0021000732808058756]]
[[1.3533112909371245, -0.7807517621766595, -0.0854181676520824, 0.005828380017750351, 0.16524093905882573, 0.07731097069321831]]	[[0.0732880867967899, -0.57119084028652, 0.20361681636440399, 1.2091102489228658, -2.8988323150516377, -0.0020089611833276223]]
[[1.4252938707399752, -0.8034660299141785, -0.11160352759461689, 0.007568538209377529, 0.16579975322738666, 0.07147929276916572]]	[[0.07329356929656748, -0.5711892128117468, 0.20361012900398337, 1.209185178866881, -2.8988665799482294, -0.0020246442754644875]]
[[1.1304700658108746, -0.42417671237520616, -0.2726607488504195, 0.019461662032096344, 0.1671558656740058, 0.069754473126682]]	[[0.0732786848136907, -0.5711850074796454, 0.20359647545728923, 1.2091205588497405, -2.8989081129327072, -0.002098510845606617]]
[[0.9080586043666767, -0.9264074051920466, -0.2777655449142072, 0.006451911754121131, 0.1716676247681608, 0.06657266240458526]]	[[0.07328739711873081, -0.5711829040157901, 0.20360866975642916, 1.2091374696235502, -2.898848946061806, -0.0020818317333484776]]
[[0.7450338651941182, -1.0070729176280209, -0.1280835712148462, 0.00959280119725639, 0.1713065654756625, 0.0751108590354024]]	[[0.07327851318505517, -0.571190465352278, 0.20362348167426397, 1.2091285177079507, -2.8988764563066107, -0.0019878335846141297]]
[[0.922142556515362, -0.40512047123562706, -0.327300212177879, 0.020165773424817457, 0.15830270613697062, 0.07251214277718626]]	[[0.07323750115739884, -0.5711804412029332, 0.2035987574963635, 1.2090207902710048, -2.8989114912487404, -0.002120188641595011]]
[[1.2490581430364684, -0.5269618883339136, -0.28968950535863247, 0.016947344504254683, 0.1472085866387121, 0.06920857339994788]]	[[0.07325019713004724, -0.5711945277506402, 0.20361705462486385, 1.2089690224177896, -2.8989316556172287, -0.0020623441297782405]]
[[1.1207536075820148, -0.6730990323634595, -0.22754284527837268, 0.011750090227743787, 0.14398729027531032, 0.07036555350697463]]	[[0.07326376607527164, -0.5711791280307247, 0.20360256127274773, 1.2090914783786113, -2.8989335691049445, -0.0021168173355872477]]
[[0.9672525254672358, -0.9107324290989366, -0.23109409179347074, 0.0042071976050733345, 0.14793245161039179, 0.07503443237575232]]	[[0.07325044750031616, -0.5711951643591472, 0.20362490117505444, 1.2090551392861222, -2.8988949530734813, -0.002025233643071704]]
[[0.48841421549523856, -0.8341463822000056, -0.1650580627924122, 0.006490336537642513, 0.15853488982764063, 0.07304787534127667]]	[[0.0732586486451273, -0.5711871286642533, 0.2036031862776627, 1.2091045397829208, -2.8989144086219896, -0.0020798289869730664]]
[[1.2801713916018929, -0.43166313902647524, -0.1721548650580062, 0.011727379224077725, 0.13830025167310794, 0.07053927217376205]]	[[0.07324786614323905, -0.571203228053703, 0.20361984650629467, 1.2090431668780746, -2.8989132543798086, -0.002043440586707349]]
[[1.0806904946111826, -0.11375487947989399, -0.05894777235795474, 0.018510207177030967, 0.14278577562828795, 0.07105961926173789]]	[[0.07325869749972352, -0.5711940637387444, 0.20360364240090673, 1.2089918197807943, -2.8989359122230804, -0.0020995289973658607]]
[[1.0408274479750639, -0.5386107533316549, -0.17197414202832995, 0.0036142429323638564, 0.14216892647941165, 0.07950779452132323]]	[[0.07322503963682692, -0.5712069185657416, 0.20363439109361836, 1.2089458549988326, -2.8989267630254707, -0.001988524719226625]]
[[1.4557535335275298, -0.14572083994055718, -0.15455581517124287, 0.009574260502778209, 0.1356291590573307, 0.06990062970037497]]	[[0.07321086887740316, -0.5711997173353852, 0.20361031754202674, 1.2089571608254999, -2.898950041625318, -0.0020808917713889055]]
[[0.8307350269794176, -0.2651055248410543, -0.09187011642935579, 0.009343159366832443, 0.14779717658836336, 0.07765065771789155]]	[[0.0732328027692167, -0.5712092806633176, 0.20360312024423427, 1.2090395063231512, -2.8989536291380573, -0.0020423050641969133]]
[[1.2899706987699644, -0.38517534556668326, -0.15269209159269037, -0.009144571847997399, 0.1368284082719073, 0.07514310481361756]]	[[0.07322142977430972, -0.5712046898778954, 0.2036176308476374, 1.2089439183183106, -2.898967183039867, -0.002023665776965529]]
[[1.7144514634203263, 0.21358230465292638, -0.3020740382742922, -0.010640691021669507, 0.12987270929071618, 0.07083927803289551]]	[[0.07323758063617215, -0.5711960554034039, 0.20361149483980567, 1.2090497486381062, -2.8989760675333174, -0.002059115378046741]]
[[1.3454272909317868, 0.22626030134572528, -0.08980965043698816, -0.012730589182258542, 0.14613827233785445, 0.07693415714374832]]	[[0.07322007010445024, -0.5712010804662584, 0.20360603636455005, 1.2089442498712204, -2.8989679284578473, -0.0020618353579178695]]
[[1.3492628379359963, 0.4621678780989347, -0.18948144272076156, -0.004188600483533464, 0.1436278773790118, 0.081441496573908]]	[[0.07321836088822992, -0.5711998929236218, 0.20361147704147575, 1.2089231283129271, -2.8989638024941087, -0.0020626230267379426]]
[[1.5491376886211201, 0.2073354959699114, -0.06328289649490078, 0.00563768282006382, 0.1255272071556205, 0.07640632399013322]]	[[0.07319960773553606, -0.5712044235533543, 0.20361503370311715, 1.2088921661536574, -2.898990826425873, -0.0021185545171796536]]
[[1.3830314471763494, -0.12521509438800793, -0.04438378679392037, 0.006052332187021073, 0.12626126122628778, 0.07590304760180663]]	[[0.07322227508219432, -0.5711988298800498, 0.2036103462366082, 1.2089134818411735, -2.898942390387536, -0.002082252218148047]]
[[1.017421911352574, -0.18580668229521274, -0.06209923688579196, 0.006269417810372421, 0.13214482597970173, 0.08149035478561738]]	[[0.07322495748980161, -0.571207411780261, 0.20361532984025663, 1.2089886867609543, -2.898975570541608, -0.0020802882834367177]]
[[1.2403609431540457, -0.24267155836494675, -0.16299142743813963, 0.004373801940768529, 0.12745715880338554, 0.07971692396875994]]	[[0.07322076614356472, -0.5712130428305885, 0.203633449453417, 1.2089823023610586, -2.8989112053369106, -0.00197105506300531]]
[[0.8120736480026551, -0.28577265057668816, -0.19725591322998953, 0.0031501517168634474, 0.13380486417381796, 0.07595129405963628]]	[[0.0732262607636458, -0.5712087318579153, 0.20360746477056907, 1.2089139203243695, -2.898941791749826, -0.0020640090901804455]]
[[1.0381912860591014, -0.41980880874210835, -0.06319646871452894, 0.0015905385735598826, 0.13450678769333374, 0.06483020902436137]]	[[0.07323814501781577, -0.5712112982627138, 0.2035986867380402, 1.2090140759030017, -2.8989392111717502, -0.0020815780006404588]]
[[0.7653272673223601, -0.804799667885974, -0.005286130506363089, -0.001538904618456391, 0.13449655741211122, 0.07736482516677931]]	[[0.07322886029015516, -0.5712123587037308, 0.2035908270158374, 1.2089527350196188, -2.8989397999123385, -0.0021202046835599292]]
[[0.8298767466056344, -0.7263011870572122, -0.015765811202920192, 0.009438747925736894, 0.12262635647000239, 0.07452089977899926]]	[[0.07323320765138819, -0.5711973848488695, 0.2035822060234143, 1.208963786284824, -2.8989622659303915, -0.0021743660819350916]]
[[1.0190540688110468, -0.8913994035305178, -0.09395568537622016, 0.01586896085973504, 0.1229371490999325, 0.06736825430394591]]	[[0.0732373102450396, -0.5712220242464674, 0.20360290164443828, 1.2089611668640685, -2.898909434988637, -0.0021025382915502524]]
[[0.8270853818866086, -0.5831634554683185, -0.21205111057890677, 0.019813487775538534, 0.12877067402550874, 0.07376935875306649]]	[[0.07323032828935012, -0.571208758679248, 0.2035950715676647, 1.2089979680349603, -2.8989471747851066, -0.002138467783071691]]
[[0.46176960051253224, -1.0940717860167917, 0.08531361369307526, 0.007224658935958264, 0.1447722423862865, 0.07283285752145943]]	[[0.07324053063587002, -0.5711978888074385, 0.20359141607821662, 1.20899764099979, -2.8989480919916373, -0.002174274848163198]]
[[0.6218474778410535, -0.8589411867914165, -0.1819883623597489, 0.013552034976068238, 0.13549855995337015, 0.07445274869376202]]	[[0.07321920780132404, -0.5712204897089976, 0.2036207905592382, 1.2089060338401347, -2.898969999864463, -0.0020246496241007454]]
[[0.9201450959073747, -0.6364403167142356, -0.2077356042869375, 0.018140580053349474, 0.12165374297395312, 0.0659013580786078]]	[[0.0732379417385524, -0.5712100052923939, 0.20361224749581536, 1.2090322105758675, -2.8989319812708363, -0.0020999249668737572]]
[[0.5641279147010231, -0.5628258212099086, -0.10325392370761413, 0.023209801924789192, 0.13104528898941387, 0.06731868585367536]]	[[0.07325116518310866, -0.5712262886612597, 0.20360362131447013, 1.2089625844037848, -2.89896011937329, -0.00206134301241401]]
[[1.0200159455558524, -0.8689423080705765, -0.20398843133444566, 0.016854008035921637, 0.12133760131514523, 0.060199235245608725]]	[[0.07325697131336231, -0.5712219442616705, 0.20360653694161723, 1.2089977326781904, -2.898945078954308, -0.002043285271316034]]
[[0.6238189711023043, -0.8643008975065174, -0.17186981314394942, 0.012228170417889386, 0.12959810328945048, 0.07568357535694871]]	[[0.07324982412413092, -0.5712226769839289, 0.20362125149866944, 1.209083462186398, -2.898909301472396, -0.0020429570397072962]]
[[1.0739254519389572, -0.7041656745075724, -0.14782736196760748, 0.012775889721730493, 0.12725555403171113, 0.06779999981090568]]	[[0.07324207772897467, -0.5712347152767594, 0.2036253280508432, 1.2090128332001906, -2.898885731578443, -0.0020076024732597715]]
[[0.7735482968352493, -0.9064915533844309, -0.14981504998540124, 0.008186438470755147, 0.13465731791000335, 0.07690606158541552]]	[[0.07322069175720396, -0.5712245207709595, 0.20360413707917455, 1.2088891437837777, -2.8989783105025264, -0.0020817128065372076]]
[[0.7557391652923683, -0.28456074814746507, -0.19771797944281466, 0.016987570325889018, 0.13150691090877495, 0.07360144174521976]]	[[0.07323297413727586, -0.5712069421931341, 0.2035927243286203, 1.2089500575257819, -2.898929208303031, -0.0021778686665659993]]
[[0.9571406750340797, -0.5235324995577152, -0.0527910981177823, 0.014575030508405903, 0.12325706709862849, 0.07048348308430133]]	[[0.07322617540545848, -0.571216734009919, 0.20360382212779085, 1.208945205400711, -2.8989686681577416, -0.002118349440934704]]
[[0.6678723764167919, -0.5813828060473134, -0.11828535351636259, 0.006293682647652385, 0.13119309721802894, 0.07343647397627663]]	[[0.07323237849311662, -0.571223197066028, 0.20359885745046863, 1.209046019380068, -2.8989657783265828, -0.002134994711942674]]
[[1.1773264101186658, -0.46155633863810225, -0.03795948166283808, 0.0002173441530723269, 0.12583929987444717, 0.07352000436412416]]	[[0.07322417708562691, -0.5712338288322474, 0.2036229422234378, 1.2089406001690046, -2.898955936524012, -0.002043751934606434]]
[[1.6076846715335338, -0.13642394260352075, -0.06452905180185038, -0.0037357179131473905, 0.11418035471904261, 0.06738531439992111]]	[[0.07323026409247128, -0.571235247365862, 0.20359624824076922, 1.2089013365491479, -2.898961077370483, -0.0021190821769304057]]
[[1.5823160405447576, 0.10367618488281083, -0.21107502963506553, 0.003090233813343897, 0.12089516455111513, 0.06717219309943831]]	[[0.07325582483915168, -0.5712328245682698, 0.20359882128426948, 1.209023337357879, -2.89896219368775, -0.002134533592823688]]
[[1.0262838316621559, 0.013012193992707699, -0.022599188765017448, 0.003979527104212774, 0.12730487581205036, 0.07391159752443857]]	[[0.07322302084208085, -0.5712349753703441, 0.20359501735466481, 1.2089533475276342, -2.8989398406568543, -0.0021379186007899112]]
[[1.103502488722089, -0.18302860874655108, -0.2203684800967904, 0.0032560931136211835, 0.12567128805125793, 0.0823236396043483]]	[[0.07321937533027044, -0.5712286144983987, 0.20358666234923783, 1.2089317327636366, -2.89893641067178, -0.0021575070542991805]]
[[1.3521995140626495, -0.13941481256878718, -0.11029223447205141, 0.004781683888605663, 0.11373798177692375, 0.07122721251698338]]	[[0.07324544733072115, -0.5712274938836965, 0.20360495876006196, 1.2089833251135171, -2.898965186965377, -0.0020981812457860566]]
[[1.3891375535965422, -0.1829543278258452, -0.0947376692769673, -0.004073314358190416, 0.11932018075003721, 0.07679805500240694]]	[[0.07321520516701169, -0.5712331689698298, 0.20359932059609354, 1.2089535340600652, -2.898940176570494, -0.002157111570119363]]
[[1.1105109803916846, -0.029643667006264862, -0.16525156540379457, -0.0030969232552471165, 0.11994472588761444, 0.07651868132835798]]	[[0.0732267777323182, -0.5712415828483257, 0.20361797864922782, 1.2089399659571862, -2.89895658509224, -0.0020622778419215394]]
[[1.2096876773948506, 0.02764341968637829, -0.1767405487656898, -0.0028726687722418834, 0.11516906523903223, 0.07420168154907211]]	[[0.07324071302036697, -0.5712407182841306, 0.2036045855956965, 1.2089747943641374, -2.8989429021616058, -0.002099780644142927]]
[[0.7917012892216506, -0.2897340281006786, -0.08508151518789739, -0.0020178965706905416, 0.11757933723059347, 0.0729637140683584]]	[[0.07320340059510125, -0.5712296824703554, 0.20358789919869325, 1.2089161160479758, -2.898996567246235, -0.002248578392070515]]
[[0.8583906100049358, -0.2547320671600332, -0.03747966619317024, 0.009361908624034326, 0.11715814845688341, 0.07193677119454321]]	[[0.0732342284907965, -0.5712315153691098, 0.2036084125411015, 1.2089719620615202, -2.89898283552294, -0.0020977821073256122]]
[[1.0008323377166863, -0.8754285410652133, -0.13381710206787575, -0.002524811486506094, 0.11383515380281226, 0.07285259604620915]]	[[0.07322527819147585, -0.5712335766330056, 0.20358070044728477, 1.2089121595180006, -2.898985243615406, -0.002248305174381558]]
[[0.8731949937044747, -0.3831354685912252, -0.1008768056448692, 0.009188990794424381, 0.11833160439183123, 0.07604278969312642]]	[[0.07324888950448943, -0.5712427608705047, 0.20361600382826825, 1.2089749044410159, -2.898943161283545, -0.002118390115790208]]
[[0.5087735412643132, -0.8843784837143132, 0.09174020872900346, -0.0023353176677702314, 0.13185417116057935, 0.07240937246667228]]	[[0.07321173435000633, -0.571242243557706, 0.20358005263490714, 1.2089024176228476, -2.898961903879109, -0.00217403676020391]]
[[0.7921113792562862, -0.5596507675253631, -0.08380149946283344, 0.00344713217045043, 0.11851283704114252, 0.07110189058134439]]	[[0.07325026003026605, -0.5712465205937242, 0.20359194915403164, 1.2090281107739944, -2.8989230667277246, -0.002211216781235457]]
[[0.5210471351346895, -0.03804824850047475, -0.041938761110751836, 0.017835943481690694, 0.11649835409517803, 0.06702880021658507]]	[[0.07324804778799728, -0.5712439673905708, 0.20358050354802895, 1.2089709046162405, -2.898933663236802, -0.002193087130001382]]
[[0.5929763403125904, -0.3968144846671932, -0.04831012586616511, 0.012779588900122561, 0.11694513556683113, 0.07337970042339732]]	[[0.07323885306164274, -0.5712370747347774, 0.20358772028832234, 1.209016455221168, -2.898992684000403, -0.0021898371284461387]]
[[0.7524810211479127, -0.7403924594714243, 0.039521797692819965, 0.012299001490829055, 0.11837452056937492, 0.07120141183496466]]	[[0.07322855097350862, -0.5712409246442843, 0.203591433848893, 1.2089384305388196, -2.8990509884845066, -0.0021880611265878954]]
[[0.4840680623835779, -0.7390627969043392, 0.03163289297704364, 0.01274454958100333, 0.12330656801023968, 0.06747132228115364]]	[[0.07324908972123272, -0.571239972189804, 0.20359144802212517, 1.2089800452773662, -2.898955624745708, -0.0021916925287429815]]
[[0.5784300935658818, -0.7958078559879227, 0.164140880297795, 0.012272049774086538, 0.12446481098919995, 0.06491075098538242]]	[[0.0732182574612823, -0.5712406544636723, 0.20358009518774822, 1.2089892670009519, -2.898926904936185, -0.002230285572062551]]
[[0.8860453787615976, -1.054906705056868, 0.05949734346634664, 0.002401455032096246, 0.11309992849021056, 0.07024306830618078]]	[[0.07323831983828419, -0.5712459802782259, 0.20358294099644408, 1.2089681075117462, -2.898973956233514, -0.0022097235471086754]]
[[0.6399875239341135, -0.7740591387006632, 0.08315608564748216, 0.008240119790132644, 0.11559923323974097, 0.07382158656833775]]	[[0.07322945176155175, -0.571241282559194, 0.2036051176260562, 1.2088633559077409, -2.8990163083339673, -0.0021526309131446536]]
[[0.6399875239341135, -0.7740591387006632, 0.08315608564748216, 0.008240119790132644, 0.11559923323974097, 0.07382158656833775]]	[[0.07322945176155175, -0.571241282559194, 0.2036051176260562, 1.2088633559077409, -2.8990163083339673, -0.0021526309131446536]]
[[0.35687179310325323, -0.8418453510489898, 0.2353968200091522, 0.006933423403004957, 0.12003646460066578, 0.06564693992779193]]	[[0.07324729350395495, -0.5712474433583274, 0.2036079626803589, 1.2089893288022704, -2.8989762668987735, -0.0021334272922238157]]
[[0.5885112326338715, -0.4556477095611725, 0.19981929299671003, 0.009081312744190093, 0.1151457045490592, 0.06760205027071682]]	[[0.07324084133118719, -0.5712492573560602, 0.20362387326691325, 1.2089373352414152, -2.8989974502670783, -0.0021142452775981067]]
[[0.3604077193453733, -0.6648371488215837, 0.22224369372339597, 0.0012058821815167584, 0.11965667157009167, 0.0733473850049388]]	[[0.07320785504389747, -0.5712551497820996, 0.20360238381746457, 1.208861950812294, -2.8989660968677256, -0.0021931753477006932]]
[[0.6297154234055554, -0.2440357146222783, 0.08961252613697848, 0.005348777206495806, 0.1131638697462897, 0.07395618898574667]]	[[0.07322364643555061, -0.5712707143680987, 0.20360824434238745, 1.2088880980955523, -2.898978896321833, -0.0020974662934093863]]
[[0.7259381565920044, -0.18007243812930845, 0.0049844575691368395, 0.0024643045712614275, 0.11299803635184927, 0.07438107688298266]]	[[0.0732318193968193, -0.571257848471228, 0.20359475109158837, 1.2089542165401796, -2.8989405520999956, -0.002193405177671777]]
[[0.935145285035959, -0.26011620005489755, 0.09585576932365686, -0.0016931020638711602, 0.11077749411701393, 0.07299045128512985]]	[[0.07321359254726983, -0.5712603147306392, 0.20360261131472973, 1.2089277882879284, -2.8989765934994463, -0.002154796157350578]]
[[0.9351379290653381, -0.26014144418028706, 0.0958590257190188, -0.0016913470947436046, 0.11077527208980736, 0.072993864226282]]	[[0.07321932973818157, -0.5712626233680528, 0.20359857063693126, 1.20888436889439, -2.8989696250059787, -0.0021923773655718667]]
[[1.1104540088794748, -0.3131218416442551, 0.0015101020734322617, -0.0028043663945334085, 0.10851375121636632, 0.06984160978916319]]	[[0.07322119862585162, -0.5712608095934141, 0.20361213703139763, 1.2088240626167517, -2.8990196871520104, -0.002153159714630066]]
[[1.0275555570972865, -0.09324572208091658, 0.08414803273212099, 0.002062480381959726, 0.11161149402711641, 0.07145015159323793]]	[[0.07324582854707042, -0.5712537152169976, 0.20359957332740425, 1.2089577806719656, -2.8989510863507024, -0.002153199359231785]]
[[0.8508115948200221, 0.01904150311953351, 0.14064698163697448, 0.0021896960883678387, 0.11155719815930853, 0.07626852157345176]]	[[0.07322726302678778, -0.5712612453855391, 0.20363459319781602, 1.2089231623820966, -2.8989633856576966, -0.0020600465251291167]]
[[0.8217891724615018, -0.4673287228430257, 0.1900377279312059, -0.005855336251757187, 0.10499579445223566, 0.07190422938467024]]	[[0.07321635197858886, -0.5712575972401188, 0.20360191048948045, 1.2089420269012698, -2.8990109487202287, -0.002226424890239617]]
[[0.9604355847062452, -0.31083039056461415, 0.20206168852684353, -0.0016571447001265602, 0.10140546895388203, 0.06990518196089313]]	[[0.07321635359320892, -0.5712643202826326, 0.20361594836635485, 1.2088797378013794, -2.8990093726997386, -0.0021516504219778613]]
[[0.8677064682323752, -0.2643568212472285, 0.1494418081166025, 0.002649991969522196, 0.10108549489320716, 0.07397110425633256]]	[[0.07324469868855349, -0.5712570034239858, 0.2036121775730725, 1.2089759567933356, -2.898995088731405, -0.002151169398175798]]
[[0.6080777624296081, -0.4882271886378084, 0.1988257897385035, -0.004910272783107128, 0.10634062243378642, 0.07377659441049116]]	[[0.0732290981233351, -0.5712568000643122, 0.2036162312964895, 1.2089365979111404, -2.898997827988457, -0.0021152972653752026]]
[[0.9248737065901474, -0.6025146580907291, 0.14416136770773472, -0.009678305915189762, 0.09878906255034724, 0.07551904953162408]]	[[0.07323900713243216, -0.5712634683016428, 0.20361832436411828, 1.2089717518307657, -2.898983087799561, -0.0021136151020168374]]
[[0.29027945152113066, -0.5599707305329833, 0.24880396729346568, -0.010561764022202429, 0.11197253046221226, 0.07469197151656225]]	[[0.07322721334848875, -0.571273489198613, 0.2036352421087837, 1.208949720164288, -2.8989789167810494, -0.002097496694972223]]
[[0.8938068900447932, 0.03078174922911825, 0.16324810303330073, 0.0037631005551073543, 0.09757813434013428, 0.06628806680220552]]	[[0.07322833646830633, -0.5712709815775834, 0.20362400741138553, 1.208949105351132, -2.898928373357982, -0.002136493048064282]]
[[0.6581210450456239, -0.29167805238386335, 0.2429372789224585, -0.0041238415289616415, 0.1016722052077029, 0.07291293271347589]]	[[0.07323550873629345, -0.5712833683206019, 0.20363291034780273, 1.208923063066804, -2.898963734494996, -0.0020787633127852864]]
[[1.024517549948698, -0.6401969682619209, 0.3181162022240781, -0.006388607999561556, 0.09153863608048568, 0.06871035416358447]]	[[0.07323795877863527, -0.5712708586937862, 0.20361853950763248, 1.2088890507415961, -2.898979196270578, -0.002134869602092203]]
[[0.22631529264806782, -0.7994621009884042, 0.4242164587119714, -0.002759005972105301, 0.11046649703674637, 0.07402879930623525]]	[[0.07322923347819532, -0.5712822630721922, 0.20363071214914294, 1.2089274861749386, -2.8989744218990614, -0.0020587078935880108]]
[[0.6639884519996233, -0.4571303744777606, 0.0803463933984636, 0.001085102866969348, 0.10236647662754053, 0.07813103712515847]]	[[0.0732441078546589, -0.5712838444721638, 0.20364196859337563, 1.2089617206727774, -2.8989592768364147, -0.0020219295685468697]]
[[0.6676952151296702, -0.5260543108426371, 0.2248820629976501, -0.0007351175683818628, 0.09877728750402187, 0.07792081767171724]]	[[0.0732386699331636, -0.5712850365236994, 0.20364333021758474, 1.208949276773694, -2.898978159654508, -0.002058380641175864]]
[[0.5440910191165124, -0.650272708239854, 0.2953873979855819, -0.002315047532031253, 0.10043503827692785, 0.06846888036918715]]	[[0.07322487843903647, -0.5712803181547649, 0.2036438628483771, 1.2089233497609935, -2.8990152407777257, -0.002076546783935943]]
[[0.6089390760507833, -0.37439232913373055, 0.19413563035070766, 0.005209013342939758, 0.09460108289345691, 0.06836690094231734]]	[[0.07323884295410839, -0.5712821235547435, 0.20363292103858127, 1.2089712811016518, -2.8989823656598226, -0.0020766770290209222]]
[[0.4431090394330912, -0.8067831666108625, 0.20625565888412237, -0.006212382811508856, 0.097336304314492, 0.06815033365052026]]	[[0.07321169295153059, -0.5712810879063176, 0.2036338194824334, 1.208848217977409, -2.898982454756454, -0.0020974378581743195]]
[[0.5156055394184655, -0.8242262229712121, 0.07902172410973594, -0.0043474559885015515, 0.0973935949690232, 0.0698325081735496]]	[[0.07325236027265093, -0.5712834777223206, 0.20362862566187512, 1.2089485670006528, -2.89897849922118, -0.0020585402870329406]]
[[0.5980728494033993, -0.7153475624955481, 0.19460355091228201, 0.0007351705726902497, 0.09347425589225133, 0.06492778602384147]]	[[0.07323262845051556, -0.5712879881532329, 0.20363093560247936, 1.208949401659173, -2.898978578997342, -0.0020772894310909216]]
[[0.40333038664747417, -0.3511978254740482, 0.2247634327097559, 0.008210687050584219, 0.09564282746772632, 0.0683080288524851]]	[[0.07325467341173396, -0.5712863014529523, 0.20364011511323274, 1.2090223604852484, -2.8989609878311122, -0.002076486955679624]]
[[0.48209323510065855, -0.5336243785132456, 0.16097842739593715, -0.0019543797567408774, 0.1023779760379127, 0.0797842278978317]]	[[0.07324964078844749, -0.5712796004382437, 0.20363806832032721, 1.2089103489519675, -2.898981907837933, -0.00207925111844458]]
[[1.2011282788368869, -0.3402114553254242, 0.021562719647756915, 0.002269910451805607, 0.07865992174062233, 0.07116890952765104]]	[[0.07324893169394353, -0.5713001522535458, 0.2036466032040828, 1.2089741255532094, -2.898940695788079, -0.002003085562308031]]
[[0.6650456501161395, -0.44033917079372764, 0.2183018284095576, 0.0015582716382264925, 0.09071906321383912, 0.07732327752890181]]	[[0.07323864235533456, -0.5712951462068447, 0.2036392953611702, 1.208918243653611, -2.8989523577145553, -0.002060754471899013]]
[[0.7834664727545894, -0.295192880489912, 0.20733338302636997, -0.003009469964536264, 0.09183957537446515, 0.07093884598036632]]	[[0.07323968425842767, -0.571291131947833, 0.2036428130447796, 1.2089783822308489, -2.89895268961139, -0.0020393515430251457]]
[[0.938273783218283, -0.1487457223878212, 0.04832354617334346, -0.006866440500062666, 0.08953139013902225, 0.0760121658206937]]	[[0.07326042664554111, -0.5712894002250252, 0.20363712556078228, 1.2090306422744252, -2.898932105925726, -0.002096498511893399]]
[[0.24195394379257448, -0.4189975254174016, 0.09574722347433018, -0.010990635129060115, 0.10466239098113357, 0.08460932660811879]]	[[0.0732444515229693, -0.5712815447258676, 0.20361186271078816, 1.2088986003242295, -2.8990025903097902, -0.00220813600864251]]
[[0.7022934921422312, -0.19635352266506328, 0.16903192532131964, -0.008209881337185192, 0.09102689598691635, 0.07537744670413997]]	[[0.07323684153077832, -0.571295870911936, 0.20363404188454232, 1.208919148984289, -2.899003626269875, -0.0020574004844854865]]
[[0.8151037106271471, -0.4615592394009661, 0.02183404242539688, -0.010946098159213054, 0.08949444775713677, 0.07952734930091516]]	[[0.07320989431217986, -0.5713076548867582, 0.20365025303571935, 1.2088570190808439, -2.899002451619089, -0.002002511357659698]]
[[0.3277004118262032, -0.33644934640110497, 0.1621133193730071, -0.006939538652332662, 0.09536795945008437, 0.0766957862312614]]	[[0.07325418446017336, -0.571293888540185, 0.2036139372777251, 1.209002953708419, -2.899010397940768, -0.002167830088302873]]
[[0.461658026898545, -0.18127387464759445, 0.17066379302109036, -0.002677596593642001, 0.09055976452430352, 0.07416327934162935]]	[[0.0732277675479487, -0.5713105554923396, 0.20363490739246662, 1.2089181826699362, -2.89900360490949, -0.002038714531969276]]
[[0.47291213857340064, -0.6350763810642648, 0.15347010367291944, -0.014970433944141222, 0.09313882385672079, 0.07529846011079622]]	[[0.0732277675479487, -0.5713105554923396, 0.20363490739246662, 1.2089181826699362, -2.89900360490949, -0.002038714531969276]]
[[0.23703594423338312, -0.21305535223221073, -0.023186626351062035, -0.0037040424431486127, 0.09351488375057018, 0.08427382723999004]]	[[0.07324408132342686, -0.5712962006330308, 0.20362873552515892, 1.2089368415119732, -2.898997440886956, -0.0021130633528526747]]
[[0.7746202905260209, -0.10727826092918669, 0.06249757389179808, 0.002164732110854363, 0.07875100026796955, 0.07822915115961417]]	[[0.07322938345841792, -0.5713025968989722, 0.20363330864038517, 1.2089095985004357, -2.898982590635554, -0.0020964245080608832]]
[[0.572914644490145, 0.06869250530914384, -0.06421064197641638, 0.006088308403112169, 0.08854242730735493, 0.07667379877676461]]	[[0.07325568364643079, -0.5713081056130445, 0.20364375603546664, 1.2089534149290342, -2.8989888359323857, -0.002039804613155563]]
[[0.7406179941406528, -0.17616320782630135, -0.023604968265528006, 0.00041805821769205775, 0.08119559763357882, 0.07462644273264199]]	[[0.07323112991034943, -0.5713038321344406, 0.2036568646140145, 1.2088784458349113, -2.8990071464599727, -0.0020392075126743556]]
[[0.4699632051533413, -0.12552129527751132, 0.08384565039800326, 0.00132733980194355, 0.08322774982473694, 0.075817198718713]]	[[0.07323491382260977, -0.5712975276829952, 0.20362028391197595, 1.2089276137408298, -2.89897517333683, -0.0020973497351404005]]
[[0.655917503451432, -0.017782630731906002, -0.1503487586456139, 0.009883710374531049, 0.08368492503660868, 0.07461674406763613]]	[[0.07324209567548096, -0.5713098893668361, 0.20365810777448518, 1.2089184375282087, -2.89900219075552, -0.0019844308121193823]]
[[0.5809432485817013, -0.8230098661721736, -0.16548092282915963, 0.001121780152967565, 0.09759648017966908, 0.08047297615291656]]	[[0.07325994735121008, -0.571307228907098, 0.20363566271502131, 1.2089618899592447, -2.898960329900429, -0.0020792747276727397]]
[[1.2403204176913933, -0.7669244731125583, -0.13881846322550784, 0.009712350885811204, 0.08266148078797896, 0.07335940207811918]]	[[0.07323101674938205, -0.5713069766411814, 0.20363108836102162, 1.2089268381650287, -2.898975419823504, -0.0020972730106922828]]
[[0.19893398075235486, -0.9077411918269862, -0.0773148714368689, 0.0022834818098544027, 0.10255454393454952, 0.07877793867646521]]	[[0.07323101674938205, -0.5713069766411814, 0.20363108836102162, 1.2089268381650287, -2.898975419823504, -0.0020972730106922828]]
[[0.5071385659644418, -0.48907026746080995, -0.1008452434524215, 0.0013588370077253636, 0.08243161879592695, 0.0772025943809676]]	[[0.07323247490126526, -0.5713040096809431, 0.20365002192373322, 1.20890067820593, -2.899010049420775, -0.0020020230965247074]]
[[0.26797933424666726, -0.4177505429982756, -0.06176783094656104, -0.00409383287492162, 0.08760270341474544, 0.07881127414358918]]	[[0.0732546895889995, -0.5713020813437343, 0.20365234277128386, 1.2089583237285908, -2.8990004765799564, -0.0020768119860208384]]
[[0.44384126772288046, -0.5803395322788009, -0.25117250988976186, -0.007897900203790331, 0.08238858876041877, 0.07384450993417696]]	[[0.07323358660019039, -0.5713007579790853, 0.20363855042504864, 1.2089357703061498, -2.8989458504595262, -0.0020981985190840734]]
[[-0.0007021904725517669, -0.2930242892315583, -0.1528192717259035, 0.004188409079607117, 0.09271290320241715, 0.07621919252843774]]	[[0.07324627874652415, -0.5712987166052234, 0.2036249186498191, 1.2089588033472185, -2.899001648715005, -0.002133327672294116]]
[[0.33137678370957524, -0.5110374526367512, -0.1347388140402189, -0.0013430373468849566, 0.09001902369593393, 0.07570698171081776]]	[[0.07323648275021655, -0.5713017507445153, 0.2036410811623917, 1.2089795638375649, -2.898953797108871, -0.0021156183993086934]]
[[0.5744963224779611, -0.15044116569360516, -0.21883910505407345, 0.0004644527248321567, 0.07886782258910521, 0.0757160290988531]]	[[0.07324265170369491, -0.5713080548134888, 0.20364253370175084, 1.2089235782942245, -2.899014625521697, -0.0020584835706340837]]
[[0.44412925765410405, -0.43009561833253906, 0.05136346249477799, -0.007734560189070039, 0.08153804764199332, 0.07793830444553114]]	[[0.07326820329273886, -0.5713034242418973, 0.20364803521676567, 1.2090227139529761, -2.898960331291965, -0.0020588917676954356]]
[[0.2888656922303353, -0.5170618107210405, 0.09215901735043085, -0.015589773092346139, 0.08449150824725402, 0.07560561247988641]]	[[0.0732424386451302, -0.5712985526509131, 0.20364518633473278, 1.2089447350236036, -2.898967497447435, -0.002078825024603039]]
[[0.46292917040043075, -0.17698132645352313, 0.06221986250269157, -0.0004346931328256462, 0.0844469427814751, 0.08043618546820096]]	[[0.0732250994113386, -0.5713101754133613, 0.20365588788287967, 1.2088744041828967, -2.8989955649174255, -0.0020229855850215713]]
[[0.1567214925783283, -0.8172934148272021, 0.0061440126652581774, -0.015227092354063103, 0.09837200954685318, 0.07991967772916606]]	[[0.07324130293199994, -0.5713078682444623, 0.20363443298929265, 1.208970478145125, -2.8989830262607663, -0.002096810222686551]]
[[0.7678544963232273, -0.3639084767535529, 0.12342178623746379, -0.0025487845111118387, 0.08529386766768013, 0.07145652703054552]]	[[0.07323835030046957, -0.5713033810898814, 0.2036286539908297, 1.2089496737717322, -2.8989796186698924, -0.0021343652027960443]]
[[0.6669433005753955, -0.4671698830336826, 0.0219146909224059, -0.001697614481981309, 0.08860486057920919, 0.07814327198524564]]	[[0.07324796022289302, -0.5713032429437368, 0.20363057817270436, 1.2090107580756495, -2.8989803834611743, -0.002153369565941411]]
[[0.5277222335134363, -0.5836308463766765, -0.11019988401054678, -0.004708057849473014, 0.08954728219566103, 0.07643055171746711]]	[[0.07326791344060656, -0.5712992701544083, 0.20364322109707161, 1.2090101646234683, -2.8989788935422878, -0.0020765231260451034]]
[[0.4276847855691498, -0.637961807633536, -0.061590661201502105, -0.008220403717732416, 0.09232069959113068, 0.07899712960991961]]	[[0.0732511612182169, -0.5713048120001634, 0.20364779077421652, 1.2089321863899112, -2.89903733570974, -0.002057330840490802]]
[[0.6097685337225587, -0.12007678112368361, -0.008643897944223489, 0.003190411895402215, 0.09117174100436291, 0.07924875646669957]]	[[0.07323765689994653, -0.5713083109221214, 0.2036413035489739, 1.2089750940805064, -2.898943131926216, -0.002135499620991569]]
[[0.5839211049256268, -0.18029534417703563, 0.09977444088280313, 0.0003230230891052843, 0.08859795047449534, 0.08045778773488726]]	[[0.07325567860983252, -0.5713012903346397, 0.20361502687180494, 1.2089983429036086, -2.8989994224598004, -0.002170682939384909]]
[[0.5511080543325028, -0.4248046841903345, -0.09170842880691059, -0.006446915510622375, 0.08868850428012828, 0.08392935759360914]]	[[0.07320910808051853, -0.5713146372742659, 0.2036233698248059, 1.2088544850856537, -2.899045572259046, -0.002152637900278508]]
[[0.7407482914328277, -0.7557504500656524, 0.08131405224628002, -0.01105604976316487, 0.08612620146457961, 0.08026794028252222]]	[[0.07324811867765707, -0.5713001369207602, 0.20362719060225415, 1.2090327966398584, -2.8989846401841315, -0.0021519950531290206]]
[[0.21218384960989875, -0.44360881874922337, 0.02022856807110419, -0.0021046025234977006, 0.0926777348694939, 0.08557048272898984]]	[[0.07322774133134922, -0.5713037009862041, 0.2036138317801351, 1.2089114211974998, -2.899036107020368, -0.002189505512988104]]
[[0.4682038897056732, -0.18405770210287498, 0.06279618846351322, -0.0018455729833544501, 0.08580993680636614, 0.07901333452347617]]	[[0.07322495037522116, -0.5713009829359844, 0.20363077305671112, 1.208913991854814, -2.898944068342752, -0.002192837526108616]]
[[0.5983979776839623, -0.26816041575229993, 0.016817139258634185, -0.009062746977749052, 0.08598210593481838, 0.0836774406421542]]	[[0.07324050667502342, -0.5712988967853407, 0.20361001791716052, 1.2089294213083588, -2.8990286259662668, -0.0021904226594292235]]
[[0.11848736577408786, -0.2973765082465374, 0.11375732567525389, -0.009788142444011036, 0.10031720979458672, 0.083259914369048]]	[[0.07323219101879339, -0.5713032839705076, 0.20364207288438813, 1.2089182617677716, -2.8990035788305515, -0.0020402002573492047]]
[[0.31154905478773626, -0.294053700062082, 0.10860819995383687, -0.005370830760179877, 0.0939578577985753, 0.08097883016486301]]	[[0.07323511896675451, -0.5713015235823437, 0.20363322390643068, 1.2089234592529166, -2.898965092194235, -0.0021535351199370384]]
[[0.5886481786131753, -0.07546425834908643, 0.09278586464873718, -0.0017122446868113594, 0.08734654676060974, 0.08132552616860012]]	[[0.07321421764296186, -0.5713125976328255, 0.20362912660726362, 1.2088319675877666, -2.8990419874153304, -0.002152479114626653]]
[[0.7904086478179431, -0.1347762834423264, 0.008562348173964307, -0.0010609483145300955, 0.08103669614140041, 0.07160654360069771]]	[[0.07326046316358308, -0.5713018930475899, 0.20363084163992035, 1.208953650524311, -2.8989912124707438, -0.0021532798430636824]]
[[0.059881686426381336, -0.4579240807313053, 0.0620341859670796, -0.00920629049089064, 0.09735533723872444, 0.08326855821019079]]	[[0.0732511272113476, -0.5712994069870242, 0.2036262697095001, 1.2089845403963897, -2.8989658767496853, -0.0021718707799307287]]
[[0.5078440249330163, -0.41951547348337703, -0.12577582822327169, -0.005983393362703704, 0.08820867152217107, 0.07567896093704142]]	[[0.0732268277761456, -0.5713114830980154, 0.20364397998104417, 1.2088967872883374, -2.8990007655496304, -0.002096109597849505]]
[[0.6300869185565007, -0.09881274415280883, -0.19853942901957344, 0.00225871481469115, 0.08442778145004314, 0.08185178906095797]]	[[0.07322836454461674, -0.5713121920787699, 0.20364489976879918, 1.2089184699684414, -2.899004251031463, -0.0020775457611220574]]
[[0.6717899207312186, -0.15140476692478355, -0.10291196554595816, 0.00831715890693778, 0.08229172359766519, 0.07354148884782266]]	[[0.07324292190681994, -0.5713122609011375, 0.20361792649476895, 1.2089708597904667, -2.8989841249993957, -0.002153131771067464]]
[[0.4931146014110358, -0.7170139048115383, -0.15283004126256194, -0.003214020327854214, 0.08331828220340146, 0.08313776951641182]]	[[0.07325537552204733, -0.571297118063023, 0.20361818121169656, 1.209003224733626, -2.8990110844570998, -0.0022073157417829377]]
[[0.4149549745836858, -0.516459647929338, -0.026897534809747443, 0.007152266748300808, 0.09178142412216617, 0.07679869326549445]]	[[0.0732172220174346, -0.571311651557073, 0.20364921095246813, 1.208904305329046, -2.898971831438929, -0.0020979958545648317]]
[[0.9597222379164396, -0.4392012039658065, -0.22903757492307272, 0.004499940426347063, 0.08032056565955328, 0.08061353835193029]]	[[0.07323492971509538, -0.5713073716327064, 0.20362650275190264, 1.2089066420773018, -2.899024575748676, -0.0021902217674198816]]
[[0.5823666514891602, -0.6135250481015535, -0.03747158066809014, 0.002910916157970553, 0.08764260048056405, 0.07817265231116809]]	[[0.07322674876554554, -0.5713079988991204, 0.20361891249476255, 1.2089023848940454, -2.8990142752635113, -0.0022274198388559413]]
[[0.26484169909571276, -0.647531599336764, -0.062110219879860505, -7.348109750465737e-05, 0.09544315063083811, 0.07479505644220075]]	[[0.07326342687785894, -0.5713029304458288, 0.2036334438712054, 1.2089983118081569, -2.898999301162513, -0.0021701155328774356]]
[[0.39214105885444256, -0.29098069638515467, -0.12415809226101136, 0.0029135384623526703, 0.08976300610330298, 0.07509788255431242]]	[[0.07324248103806394, -0.5713145076268348, 0.20362843867497452, 1.2090018347789513, -2.898959037192161, -0.0021907097551370556]]
[[0.903220665782918, -0.45614678547057097, -0.17643980034702791, -0.00399111255774201, 0.08076416670136988, 0.07534629753051385]]	[[0.07323476331161856, -0.5713069082187899, 0.20363317329944375, 1.208941071100804, -2.899009810462349, -0.0021716156189407446]]
[[0.5394485022031359, -0.14954145007505895, -0.24224195303334942, 0.004686767585833328, 0.08362972122038077, 0.08443330464638824]]	[[0.07321729516355302, -0.5713051988338089, 0.20361367457484722, 1.2088807595593327, -2.8990108709947293, -0.00224851928866538]]
[[0.43142168508968703, -0.3687438754332861, -0.0723658999765136, -0.004786621701364305, 0.08994033830929046, 0.07573203039565277]]	[[0.0732367293343968, -0.5713059120363896, 0.2036241221141741, 1.208957875917843, -2.898952407696339, -0.002230266311985913]]
[[0.5885747164871044, -0.5346249127236723, -0.12710199391209545, -0.009373296235850245, 0.08607777911946439, 0.07898059317322627]]	[[0.07323985722985395, -0.5713108684234823, 0.20361554104830298, 1.2088929422544534, -2.8989915815482923, -0.0021919303314225373]]
[[0.18712038676211978, -0.2151088370042561, -0.003310276683079284, -0.0007413966097924926, 0.09393084427315443, 0.08462510264168972]]	[[0.0732308185311755, -0.5713133564927071, 0.20361691011583594, 1.208901409006118, -2.8989630334894536, -0.002230210840172525]]
[[0.26228830863164626, -0.4742225074729131, 0.06601094993408546, -0.004473805099561967, 0.09198664210840193, 0.08282349407121208]]	[[0.0732423591055181, -0.5713073048505422, 0.20364918955761732, 1.2089584427236877, -2.8990008624122097, -0.0020957344383358265]]
[[0.24865295852777758, -0.4637150460001238, -0.06322773314099277, -0.0031366529774492155, 0.08879266496730548, 0.08232408241530918]]	[[0.07325315414959832, -0.5713048937278967, 0.2036186299671362, 1.2090194843673205, -2.8989525455432363, -0.0022290484564471535]]
[[0.745352621836787, -0.4864122713322462, -0.12530070440647267, -0.006098813110122607, 0.08150276699074421, 0.08371261670721979]]	[[0.07323176779350318, -0.5713124894030349, 0.20362359613883818, 1.208905821009228, -2.898973671288887, -0.0022107074501444782]]
[[0.543687710862854, -0.1974117406779341, -0.051733700972783216, 0.004896125220026609, 0.08711121395049624, 0.07546163031994525]]	[[0.07323819972743241, -0.5713161381468859, 0.20362294054769425, 1.2089238215939915, -2.899017386245319, -0.002189573562443826]]
[[0.18181204676109164, -0.312607595439119, 0.08560560436319066, 0.0030133202353253286, 0.09791307926241427, 0.08170453877664696]]	[[0.07324257451613994, -0.5713044390314669, 0.20363225472480498, 1.2089984873705162, -2.898999688661919, -0.002188860993130482]]
[[0.35392531069067495, -0.5568594787529584, -0.037538307793205036, -0.003984376082640163, 0.09361140961824246, 0.08300102172097279]]	[[0.07322687426461884, -0.5713274337783785, 0.2036192394284448, 1.2089018918300032, -2.8990136093790393, -0.002189355612440893]]
[[0.5028521514097508, -0.3797465019530512, -0.026960432510577753, -0.0016549503867376789, 0.08752275072281779, 0.08046698823496432]]	[[0.07323667573230612, -0.5713187895995696, 0.20363176287505247, 1.2089833992629773, -2.898965521556436, -0.0021349544062548727]]
[[0.25878717586938194, -0.3912213143534756, 0.005360553414497467, -0.0011076243226946295, 0.09292452527933122, 0.08147138816766201]]	[[0.0732452067825788, -0.5713218666148497, 0.2036156744411612, 1.208984895329526, -2.8989672971107048, -0.0022460912111704734]]
[[0.11204932471046566, -0.5231104606548442, 0.16664233453141133, -0.004461459987754143, 0.09635518361553785, 0.08287094792808142]]	[[0.0732298442019952, -0.5713074359618351, 0.2036110278112885, 1.2089585874268567, -2.898954148570814, -0.0023227147920472503]]
[[0.46332945561008243, -0.4375497183656123, -0.05702046113156464, -0.005667975709727803, 0.0895188399811552, 0.0821044294207057]]	[[0.07323868075861038, -0.5713078356481542, 0.2035908027876241, 1.2090329302752245, -2.898936181234563, -0.0023227713700940257]]
[[0.7642106227957071, -0.3904291793999617, -0.06361504699247172, -0.007152519231229219, 0.07972274629560543, 0.08545209759466478]]	[[0.0732384020009678, -0.571316766945123, 0.20360957287115944, 1.2090455093596997, -2.8989687415492633, -0.002282892306463337]]
[[0.46847374981849127, -0.08168163958427413, -0.05647078389534682, 0.00581772431953146, 0.08933781084259888, 0.08411688300109328]]	[[0.07323497294568465, -0.5713211343600019, 0.20360528983784784, 1.2089234332513015, -2.898967569978809, -0.002266473684903858]]
[[0.39194966078655413, -0.12616666786527325, -0.027800386820708803, 0.007549298220660514, 0.08706333454615586, 0.0768797415162576]]	[[0.07326264273500394, -0.5713132917358003, 0.20360288918205843, 1.2090774352325537, -2.898995051897566, -0.0022997342945718425]]
[[1.026179959523102, -0.7531654331266846, -0.08927988109009427, -0.012776642119341541, 0.07516283534342308, 0.07963220358031946]]	[[0.07321548389196578, -0.5713228694871986, 0.20361195814248761, 1.20891058475577, -2.8989854581132835, -0.0022472808826404156]]
[[0.11412740002380015, -0.46986549520074533, 0.019870313766278822, 0.0035285251581951838, 0.09646275701680934, 0.08566893229275684]]	[[0.07325331561607681, -0.5713087553240014, 0.20362341755255536, 1.209015185401524, -2.8989421767230987, -0.002266893559072092]]
[[0.46555832503420924, -0.18639225403668425, -0.1517812621878687, 0.004211679579189408, 0.08840978588932005, 0.07979176963798866]]	[[0.07324479395177694, -0.5713118818735308, 0.20360344038703837, 1.2090065000500156, -2.898921276101532, -0.00232406173226595]]
[[0.780655857356878, -0.19009040677903416, -0.03998131462447043, 0.004809527532877007, 0.07581845434837506, 0.07687701966566758]]	[[0.07321491674781776, -0.5713146110392187, 0.20359574731524416, 1.208868347927258, -2.899030164089133, -0.002302183324073148]]
[[0.4404140699514058, -0.15279381271059997, -0.19707158631868946, 0.0015731548674321957, 0.08669139855304703, 0.08178370065169525]]	[[0.07322374409004974, -0.5713312512683479, 0.2036315343720372, 1.2088938735188872, -2.8990432476288635, -0.0021895322511282967]]
[[0.26933486921965544, -0.6863668787912769, -0.09300765519377731, -0.015630523810559592, 0.09009921782495105, 0.08391680862143892]]	[[0.07322033965834188, -0.5713167903828682, 0.20360581368700428, 1.2089454942417546, -2.8989717622291273, -0.002285451465828449]]
[[0.726457031679901, 0.1741242517122582, -0.05584800451024411, 0.0065443703203473536, 0.07884953113249847, 0.07637910880108567]]	[[0.07322894969828088, -0.5713173640492991, 0.2036083825873683, 1.2089155932273432, -2.898997463777319, -0.0023028805898117014]]
[[0.1914900426604106, 0.011219769004712513, 0.013250696000145355, 0.008892175052341071, 0.08818939743171086, 0.08436168140997416]]	[[0.07324592253724836, -0.5713204081373856, 0.2036145723336012, 1.2089896001404272, -2.8989786445635324, -0.0022639168917600577]]
[[0.8478488869389531, -0.18987748537826143, -0.30853595425357594, 0.0015767733942702727, 0.07754086365333573, 0.08000436950393483]]	[[0.07323712846177122, -0.5713167297260208, 0.20361625183832982, 1.2089537169679287, -2.8989936385599275, -0.0022647583522774476]]
[[1.0163956566081331, -0.5260317881204972, -0.2192952524291371, -0.005117447245999648, 0.07654429054330743, 0.08213093388675682]]	[[0.07324581734959702, -0.571320178295654, 0.2035999882355811, 1.2089554663654731, -2.898994123974176, -0.002320132926331314]]
[[0.5406618869023334, 0.039252782052925594, -0.16267571529953537, 0.007895732325516311, 0.08554854811724666, 0.0780592096022937]]	[[0.07322953246722505, -0.5713189256991775, 0.2036031739857678, 1.2088982839388298, -2.8990046721838802, -0.0023019381614301933]]
[[1.0155070233779346, -0.11035699515722758, -0.18590108787957405, 0.007246307365956439, 0.07271187394197216, 0.07856830337303197]]	[[0.07321701336975156, -0.571326951727149, 0.20361718659044686, 1.2088585364692435, -2.899006660421841, -0.0022269621633573514]]
[[0.9343388730983138, -0.4068219132620179, -0.20351799467800233, 0.005050491846599801, 0.07597400033314128, 0.07615781839074977]]	[[0.0732471661372982, -0.5713203834278644, 0.20361551748131468, 1.208942596897739, -2.8990119357764885, -0.0023018426457595068]]
[[0.9019444292908123, -0.26495226907184927, -0.10068202453643853, 0.006111428154516083, 0.0724631283356973, 0.08033670968768059]]	[[0.0732436826409424, -0.5713245170817561, 0.20362478774581858, 1.2089234919415461, -2.898965809969172, -0.0021908692037453086]]
[[0.407276490804948, -0.5133470063232846, -0.10563814985383206, 0.0016542438071458984, 0.08868866344228793, 0.08112613724685987]]	[[0.07323603773192057, -0.5713205937000176, 0.20362007060521137, 1.2089625498307455, -2.8989640931957332, -0.0022650417432891617]]
[[0.3728511882954306, -0.8445343013746154, 0.05604951339152865, -0.013575825486257548, 0.09021814650989109, 0.08608644771417492]]	[[0.07323513478520641, -0.5713271048792661, 0.2036139296333583, 1.2089759861059515, -2.8989968416067966, -0.002244523359066826]]
[[0.4137173306596509, -0.40223459321094057, -0.0448468421844754, -0.004345880986319169, 0.08593589340975963, 0.07817381634982903]]	[[0.0732275774417859, -0.5713259415476892, 0.2036180955899906, 1.2089584458203602, -2.8990033649266924, -0.00220729155476082]]
[[0.6872532178789573, -0.05837413950981163, -0.10358604713184441, 0.004059684556507612, 0.0744948981913946, 0.08618224341147379]]	[[0.07323862249631646, -0.5713329443865415, 0.20359938716105372, 1.2089980839225885, -2.89900153693709, -0.00226419970001511]]
[[0.37914675495803213, -0.5211275938505032, -0.09085036713032353, -0.00983485311107963, 0.0830360223663292, 0.07821240455525802]]	[[0.07325051209980249, -0.5713360731710619, 0.2036110206181018, 1.20895003118755, -2.898981395132566, -0.002227930366079225]]
[[0.6105798381435443, -0.4445013059104011, -0.0132069778975919, -0.0050563820352605565, 0.07690777742892262, 0.07822595830647289]]	[[0.07323998405473123, -0.5713244031986081, 0.2036112331589493, 1.2089371844002557, -2.8990009131841448, -0.0022835593849848544]]
[[0.294739588485435, -0.5901552185970557, -0.004443940497777276, -0.008237885903406857, 0.0821186398027191, 0.08479472086986628]]	[[0.07323720967517451, -0.5713291386654109, 0.20363171566073585, 1.2089454523399699, -2.8990229085516472, -0.002245196612359385]]
[[0.5503974183680492, -0.43540403617231277, -0.11830005745212194, -0.006621371155886825, 0.08403729914432725, 0.07950297940845556]]	[[0.07322536961628373, -0.5713234860024576, 0.20360785395997674, 1.2089026537241616, -2.899015342748846, -0.0022827274259986457]]
[[0.9521795939179394, -0.5798691934386995, 0.0005377723553731313, -0.009695092873055804, 0.07267575042072436, 0.07876782959519171]]	[[0.07321230652831585, -0.5713301595497101, 0.20362147886359822, 1.2088983706370307, -2.8990049833909213, -0.0023219085690856732]]
[[0.46586986480848397, -0.441619455758925, 0.011189052471019773, -0.0009275289149088053, 0.0824291369056104, 0.07349597089304019]]	[[0.07323205955124903, -0.5713256839337145, 0.20361150854121612, 1.2089671992743345, -2.898975505136587, -0.0022833462977426425]]
[[0.6513547140584162, -0.2767647279169218, 0.009214432215956903, -0.0003416219073483634, 0.07334748528713925, 0.07491215595145481]]	[[0.0732365594819046, -0.5713309086654819, 0.20361824278973506, 1.2089405552637538, -2.8990111933921234, -0.00222720457122609]]
[[0.5599999285665502, -0.43969060376986235, -0.016763972949303523, -0.006467542272559065, 0.07925849229724699, 0.08666185037699273]]	[[0.07322579584327535, -0.5713368554968115, 0.20361001755069474, 1.208963791238015, -2.899016557614395, -0.002300329312541806]]
[[0.3379277144108007, -0.32073131378252373, 0.06094858742914953, -0.004713544862665717, 0.08340851644415351, 0.07930566930114687]]	[[0.07325242311741018, -0.5713344412927484, 0.20361790968280832, 1.20899399162794, -2.8989896379415727, -0.002263128195340098]]
[[0.06577990717793594, -0.5194448104140525, 0.07190321202946434, -0.006026245381371281, 0.08891000100530669, 0.08188070510118955]]	[[0.073227643478241, -0.5713384501520501, 0.20360553452580277, 1.2088821973529262, -2.899064265568254, -0.0023378694420450982]]
[[0.32220510505616684, -0.08844111846055495, 0.15852842488518512, 0.005475679335888613, 0.08038725216435129, 0.07674580198828607]]	[[0.0732714595168359, -0.5713348507887156, 0.20362795275496565, 1.2090538429787108, -2.898938406397014, -0.002246740863891215]]
[[0.552306752415854, -0.165155873245974, -0.12399359023967094, 0.0038221587403290125, 0.07609536999156459, 0.07946492138141295]]	[[0.07322240551463936, -0.5713312969376199, 0.2036024515343337, 1.208924567566868, -2.8990195664184237, -0.0023024422097203635]]
[[0.52358891157101, -0.6959928300997118, -0.11157447218074769, -0.00893119051748964, 0.07882678337152196, 0.08386649002463169]]	[[0.07325408117485674, -0.5713299899749988, 0.203605279210434, 1.2089635380274544, -2.8989648688549043, -0.0023218085462290363]]
[[0.4072173824454508, -0.4159302546126574, 0.07996791758624128, -0.0036125142907089125, 0.07914303044293172, 0.0796286566163442]]	[[0.07323984480123345, -0.5713362374065453, 0.2036112244487805, 1.2089117704771026, -2.8990377723694016, -0.002281297753414902]]
[[0.03198889525553103, -0.4915614829047168, 0.07741148878288966, -0.007659745004715578, 0.08752903833953435, 0.08202426414030012]]	[[0.0732303309748268, -0.5713334802860884, 0.20359998955918698, 1.208942372133601, -2.899013671492907, -0.0023753222570471193]]
[[0.4186611614096392, -0.3481069356864503, -0.11981872482641204, -0.005938139379497082, 0.0799829158287702, 0.08724510346760836]]	[[0.07322166388796539, -0.5713326844938391, 0.20361868756789459, 1.2089018822500937, -2.899015593089163, -0.0022828367965433576]]
[[0.7199975986047642, -0.14432405043270963, -0.02026985092788273, 0.0007284557306188044, 0.07268013041503507, 0.0804210856542251]]	[[0.07323814208935023, -0.5713316720653709, 0.2036132188407057, 1.2089456953968145, -2.899023651740776, -0.002281214520054997]]
[[0.49945045516800757, -0.353177194212443, -0.03520521695016086, -0.0059086865719832765, 0.07532903978810279, 0.07576106617832785]]	[[0.07321649021897121, -0.5713345515295197, 0.20362793939387813, 1.2088200068971138, -2.8990625461700317, -0.002281468065778734]]
[[0.3692324151233227, -0.4140685367309617, 0.22348666318397292, -0.0050405594471659015, 0.07374992391972715, 0.0806512959572833]]	[[0.07322369043448243, -0.5713381524373153, 0.2036036125666026, 1.208902099686884, -2.8990163303119156, -0.0023195108625009633]]
[[0.12856978314230472, -0.4273952494715395, 0.09217953338967445, -0.007846127694578278, 0.08092130856848706, 0.08125908074594661]]	[[0.07322579849353295, -0.5713438048726674, 0.20361076415257837, 1.2088854485888358, -2.8990232034338237, -0.00231950834922534]]
[[0.7010767368849119, -0.4287358931145442, 0.0018415543544452293, -0.00708903481766282, 0.07060727708628822, 0.07749742021199796]]	[[0.07323062165264466, -0.5713430581682045, 0.20359686671901783, 1.2088868328160658, -2.8990756589584814, -0.002355975819619296]]
[[0.11746937509479799, -0.8489549429103209, 0.04129264372703697, -0.017966271585659624, 0.08460058565422532, 0.08138181334791367]]	[[0.07323662403319885, -0.5713379393316987, 0.20360451304217406, 1.2089153574637632, -2.8989974710652735, -0.002301948578540421]]
[[0.0019236625680695285, -0.476059019964992, 0.0011660994889796078, -0.005174798706891595, 0.08208739989566326, 0.08400043024563536]]	[[0.07323916193622244, -0.5713380066057725, 0.2035991354334145, 1.20894147240152, -2.899013620037343, -0.002356973376575988]]
[[0.059029574213459196, -0.550478905036277, 0.14019520125252533, -0.0066578289130880056, 0.0815772103501282, 0.08141882012343418]]	[[0.07324666091780135, -0.5713423208614463, 0.20361169206888863, 1.2089198423030578, -2.899008431820893, -0.002301428188232099]]
[[0.5156818090174509, -0.2867083454609165, -0.060706306760335275, -0.00036438276871802316, 0.07121028487365819, 0.07933447807216217]]	[[0.07323900153276904, -0.5713409531590997, 0.2036095810634376, 1.2089720047786894, -2.898987522172545, -0.0023381325452704704]]
[[0.5410274680341123, -0.6696239294909314, 0.13464888675391934, -0.009539338635165939, 0.07006328466573439, 0.0819330967789638]]	[[0.07322852604402051, -0.5713511008333125, 0.20360453028423964, 1.2089197844169923, -2.8990085020402963, -0.002300526729523483]]
[[0.4200112200975664, -0.3215651866158043, -0.0018673558062047972, -0.0021075289940772693, 0.07373258079603959, 0.07810093930651431]]	[[0.07326952549923209, -0.5713474270810581, 0.20362271403317375, 1.2089947694327543, -2.899040937644257, -0.0022413026947596276]]
[[0.42716661134382816, 0.0008477621272843794, 0.05113531054862489, 0.004586505008732034, 0.06827313620399039, 0.06131626427199181]]	[[0.07324011859983325, -0.5713472726076892, 0.20362364165635582, 1.208880394678792, -2.899011069024425, -0.002262928101499869]]
[[0.29444792903068095, -0.4774410240709904, 0.03246937016683205, -0.010540498017527343, 0.07559971320742087, 0.07740809112788065]]	[[0.07323110260884587, -0.5713423042990835, 0.20360936400444146, 1.2088810507910164, -2.899012525786558, -0.002339281934151021]]
[[0.4977563774498118, -0.4767152734535752, -0.06056554977861888, -0.006330312351385155, 0.07239788219417259, 0.08295675440610523]]	[[0.07323683947050237, -0.5713508622726594, 0.20361334753366933, 1.2089236367986362, -2.899019758045423, -0.0023009408923238277]]
[[0.4737551165325152, -0.3061949056782354, -0.10671122367642967, -0.0010342464587940886, 0.07197269861833216, 0.07248160485896082]]	[[0.07325643737679254, -0.571352026753785, 0.2036171127914928, 1.2089331440759101, -2.898989881118585, -0.002301469531517696]]
[[0.45026282079717156, -0.40168337812879057, 0.06756286595007895, -0.0008979149519242197, 0.06824986955133336, 0.06859296512421988]]	[[0.07325780337341017, -0.5713522597568884, 0.2036249765615571, 1.2089546840293426, -2.898992983746777, -0.0022634471656918847]]
[[0.46619950290348144, -0.5200450765689902, 0.0718630542118519, -0.0072169522176567455, 0.06615873639060296, 0.0685833970778406]]	[[0.0732444961007165, -0.5713556156758797, 0.20361949450734246, 1.2089360119603478, -2.899000817193201, -0.0022633699087976854]]
[[0.4490246197276099, 0.041999887660888, -0.10891372709484148, -0.0022313147487528356, 0.06415314931283782, 0.07327417950635173]]	[[0.07324281494916579, -0.5713477838044061, 0.2036109933204483, 1.2089764838853658, -2.898998546305404, -0.002338558038500951]]
[[0.8110938849919116, -0.08406443988298773, 0.02807356322457476, -0.0027033917589393656, 0.05744458288713225, 0.07964921444117778]]	[[0.07322733897663404, -0.5713479180998695, 0.20361545256587638, 1.208867977450494, -2.8990300418177273, -0.0023007921172649827]]
[[0.5002509165711255, -0.5339304947879913, -0.11836243819596562, -0.008962828283892981, 0.06421901712671213, 0.07346806321944029]]	[[0.07325070614167425, -0.5713653065121566, 0.20363241111982278, 1.2088757688333591, -2.8990513472590504, -0.0022253471810530345]]
[[0.4418244886792858, -0.21801328560163866, -0.02163156789759169, 0.0032108021743329183, 0.0630710271340841, 0.07495171974534096]]	[[0.07323086914909273, -0.5713573672434135, 0.20362720265236134, 1.2089016147612195, -2.8990155563662126, -0.0022830314940674164]]
[[0.5747434349352439, 0.05910094324827908, -0.06912916212889948, 0.005209046649039397, 0.06092206233459571, 0.06957765614014948]]	[[0.07323843511283834, -0.5713516620601848, 0.20360778937533686, 1.208894912160115, -2.8990463521855943, -0.0023564371227953957]]
[[0.41143904422769034, -0.274572555268696, -0.12219440481587678, -0.0033176495760474517, 0.06564038700387631, 0.0815862145366351]]	[[0.07324956157045708, -0.5713622195076764, 0.2036357505761366, 1.2089281922544557, -2.899029095328956, -0.0022057158878186155]]
[[0.6992764509987953, -0.2751548977721246, 0.0791510878442231, -0.007372761880963152, 0.058324081815219024, 0.07309818335427237]]	[[0.07324108344681131, -0.5713622231639991, 0.203620020453398, 1.2089067699483633, -2.8990262811628593, -0.002281197830917411]]
[[0.001595559630551191, -0.5666038579566295, 0.08393151505352227, -0.01086681791786693, 0.07330194724747563, 0.07674834930313078]]	[[0.0732302238968676, -0.5713523452092192, 0.2036002464466817, 1.2089250378846954, -2.8990212125029142, -0.002393483183999581]]
[[0.2520720114614148, -0.2646008077655777, 0.23304666331278065, -0.0019831194411919495, 0.06390794219236098, 0.07409861590369926]]	[[0.07322396016968856, -0.5713647487329914, 0.2036269658700593, 1.2089102718937312, -2.898985696483229, -0.0022636789942353844]]
[[0.8112936336735144, 0.16100157221739841, 0.04486227007875583, 0.0072284939166217185, 0.04965617720730908, 0.06997723726746866]]	[[0.07325273769988094, -0.5713586298322328, 0.20361759110164007, 1.2089370870601546, -2.8990015294890834, -0.002319496622979178]]
[[0.5007043160142026, -0.6885382064752171, 0.1935536707322209, -0.014857710196966172, 0.05722415767830202, 0.07772940054186732]]	[[0.0732262361015396, -0.571364132083172, 0.20360540798905613, 1.208868102544944, -2.8990307888478575, -0.002338510329828019]]
[[0.3996912444847193, -0.41015860543341504, 0.15849187196391734, -0.010575125342283477, 0.05536329075947023, 0.0732853961041371]]	[[0.07324194994576066, -0.5713617814752076, 0.20361997036943394, 1.2089108134192559, -2.8990380255275436, -0.0022807552806694883]]
[[0.4186125953734314, -0.6221475325201309, 0.35541781480237816, -0.013877264005358516, 0.05466279984716586, 0.07424693700091113]]	[[0.07324587379097902, -0.5713634351730296, 0.2036436318293337, 1.2088612807298331, -2.8990180959361855, -0.0022269092144165067]]
[[0.024578957144913982, -0.39535724654024884, 0.4021458043779819, -0.005138785268009597, 0.06094743934184561, 0.0783020408843199]]	[[0.07324111074967689, -0.5713561721323771, 0.2036138472845697, 1.2088811486754867, -2.8990641508115678, -0.0023184972710156614]]
[[-0.30265595323395444, -0.5848407943242359, 0.4950839355160901, -0.006785959476391455, 0.06876761090822249, 0.08131107273161789]]	[[0.07321978687790485, -0.5713577715861151, 0.20361045239392356, 1.2088536994836807, -2.8989976720298603, -0.00232124047966452]]
[[0.3547493219434952, -0.22019189427132335, 0.2643911302093042, -0.002991406995553121, 0.05097626200423418, 0.07252944254635232]]	[[0.0732306966609784, -0.5713664501573824, 0.20363153442890458, 1.2088970801339671, -2.8990558199502727, -0.0022425566761981753]]
[[0.27548682029432553, -0.41294117515411494, 0.040698982238965, -0.008827759484656864, 0.04976263400959297, 0.06703519100229682]]	[[0.07324942730476629, -0.5713626599512468, 0.20363700107842891, 1.2089277894133892, -2.8990300554072084, -0.0022435160950621635]]
[[0.27294261094838446, -0.5315640471204877, 0.15961835019815915, -0.011962317803785889, 0.05050985193700569, 0.07383823603869243]]	[[0.07322244936460606, -0.5713703637358711, 0.20363386976221454, 1.2088881828937175, -2.899032403480377, -0.002206567768877999]]
[[-0.10479784989182767, -0.6222804799981305, 0.27359580945719175, -0.011101915617320726, 0.05825367331160456, 0.08060078824514783]]	[[0.07323337667207964, -0.5713579289540489, 0.2036367016683748, 1.208910181734302, -2.899038227486208, -0.0022800206966948596]]
[[0.4524305525395873, -0.5980686516813591, 0.30219439484269794, -0.011046143197743895, 0.04451531209008647, 0.07502039225042763]]	[[0.07324068717466073, -0.5713584476938243, 0.20361640322387775, 1.208997696854638, -2.8990030606216344, -0.002336919350638595]]
[[0.18971851997638525, -0.15350810297648065, 0.1545556375522696, -0.002800002861729222, 0.044440887058300654, 0.07069030816814134]]	[[0.07322668543703821, -0.5713647156592138, 0.20361574733570637, 1.208894042786342, -2.8990974976428685, -0.0023157780822222478]]
[[-0.025753501933250572, -0.4799742626229691, 0.22712501830618662, -0.003984704729363204, 0.050236270731733194, 0.07257054537392447]]	[[0.07323195723818789, -0.571369848222667, 0.20362828528408733, 1.2088633154742898, -2.8990702907011032, -0.002261820100089975]]
[[0.0673583814796532, -0.3549970831227539, 0.1269750708810462, 0.0004751968172623938, 0.04538883491709937, 0.07413227837514573]]	[[0.07324406192705499, -0.5713811064160705, 0.20364162387150492, 1.2088745187530323, -2.898999604393446, -0.0022262261290743944]]
[[-0.5179841503751849, -0.5364817375092977, 0.21222131051113124, -0.003491924911690328, 0.05887295371157042, 0.07269198295611513]]	[[0.07323873333102045, -0.5713757352151698, 0.20364263985512404, 1.2089225024935448, -2.899017565857637, -0.0021861634692886237]]
[[0.4828893580807744, -0.4252572836579711, -0.054559058102110834, -0.007980143343258285, 0.032024188784128216, 0.07388862828433505]]	[[0.07324149798165741, -0.5713762400845962, 0.203659527030759, 1.208931924778514, -2.899040280554456, -0.002203830813446034]]
[[0.17297303155363258, -0.44196228314970654, 0.2215291785646801, -0.0012131958324260346, 0.03362303804094328, 0.07865495143949426]]	[[0.07322255966847202, -0.5713740705800033, 0.20364570448262692, 1.2088491681706859, -2.8990360348865942, -0.0022243818507924453]]
[[0.1381183475143969, -0.3080833284536223, 0.12623264787989608, -0.002841596300221603, 0.03833347911963204, 0.06927791364342521]]	[[0.07319995788207677, -0.5713750726376083, 0.20362829476766517, 1.2087751349773113, -2.899054943588348, -0.0022642914279106057]]
[[0.0052469206986875405, -0.38065034053167934, 0.15014510781184015, -0.0020504653081155587, 0.03642890213203899, 0.07075581528175662]]	[[0.07321270969459436, -0.5713824696501723, 0.20365379656586452, 1.2088012355140227, -2.899067301000082, -0.002149870240355314]]
[[0.3680159271048449, -0.5988684308704179, 0.07238522933699801, 0.00044978211678936737, 0.029018281901868538, 0.07442310534197474]]	[[0.07323446077752468, -0.5713732180352451, 0.20362655140948283, 1.2088682536435063, -2.8990823120919793, -0.0023169788634571247]]
[[-0.12867127219213115, -0.9406210833479041, 0.1816942378415689, -0.004398999166159892, 0.04384834387984305, 0.07530017567381303]]	[[0.07320466858148296, -0.5713739529575468, 0.2036363472127651, 1.2087932197656033, -2.899098704066613, -0.0022236701986628198]]
[[0.056634745996953284, -0.8418103197289237, 0.013486170838502771, -0.006075297191688082, 0.042824183301163304, 0.06580384285355663]]	[[0.07321989048764592, -0.5713791606852829, 0.20363014701702858, 1.2088068449386742, -2.8990808805919692, -0.002261685018974688]]
[[0.09531061360347194, -0.13760230775168336, 0.08728428474643661, 0.00136488730206661, 0.039931776032131876, 0.0727611971399425]]	[[0.07322106842897828, -0.5713701595848466, 0.20361943259808052, 1.2088844997902473, -2.8990234751729385, -0.002319071381501233]]
[[-0.5448960031727719, -0.2896773355487889, 0.2400483376947688, -0.00554043317617825, 0.05308954114085091, 0.07624269891504024]]	[[0.07320204672131188, -0.5713704044404744, 0.20362464890264295, 1.2087894376897454, -2.899089445242661, -0.0023185846663913556]]
[[-0.12596633864355927, -0.42467716416577267, 0.08514125458626351, -0.013383737963386742, 0.04121026564674188, 0.07286957830198336]]	[[0.07321695441055774, -0.5713782662838663, 0.20362082330500736, 1.208798018717711, -2.8990594862149193, -0.0023198981180191595]]
[[0.2145490117559462, -0.33864037336297415, 0.11624120825201795, -0.010278420114555526, 0.02762736331863339, 0.07659468621789137]]	[[0.07321030691450744, -0.5713761483183336, 0.2036398535374791, 1.2087850381206955, -2.8990769385717656, -0.0022817833896621683]]
[[-0.3007920094482176, -0.2577556671953338, 0.087959981085832, -0.00673333683390118, 0.04283208528086494, 0.07982149864278963]]	[[0.07322131658970611, -0.5713631343100334, 0.20362662563327477, 1.2088074442310308, -2.8990819026392964, -0.0023187429466454833]]
[[0.12009261423108974, -0.47165504690078364, 0.19361819868825317, -0.014072613388345543, 0.0355243081597201, 0.06976567432684704]]	[[0.07320407163399957, -0.5713818918896992, 0.20364461822921215, 1.208797149807069, -2.8990573761866485, -0.0022074652614588624]]
[[-0.22560440715587327, -0.5248582461191325, 0.08255262371157125, -0.02048302101103859, 0.04380054474124958, 0.07558656633003243]]	[[0.07321782207960464, -0.5713763796653786, 0.20364107234113837, 1.208820128336479, -2.899061889825451, -0.0022626033109357773]]
[[0.05264077627026231, -0.18436456621938624, 0.055286561892276966, -0.009603812512952153, 0.030358914606863352, 0.0676159068261495]]	[[0.0732249619912953, -0.5713764226384519, 0.20362771771465418, 1.2088024212134652, -2.899070099853567, -0.0023000082344043406]]
[[-0.23818066065107504, -0.4847334059239083, 0.4322689868341221, -0.009152425576695435, 0.038709846158141555, 0.07344548683354084]]	[[0.07321492621830938, -0.5713651881032482, 0.2036210044679106, 1.208790589289437, -2.899090159127558, -0.002375353242857494]]
[[-0.24602032431809595, -0.6452504479234905, 0.3285167843858135, -0.006261919988668423, 0.03746927832719162, 0.07681262891435707]]	[[0.07322100460647464, -0.5713658637877983, 0.20362219590712813, 1.2087691025227565, -2.8990852577322657, -0.0023572540829415486]]
[[-0.051046668173874404, -0.35167033918937407, 0.20555011348877458, -0.0011180841521735967, 0.030709150170443497, 0.06658878047598098]]	[[0.07322849032633433, -0.5713701411213176, 0.2036352872817519, 1.208850469183907, -2.89903714519868, -0.0023002461169993314]]
[[0.025386386106593883, -0.6097531371854141, 0.24513957257286506, -0.0055908067647592406, 0.0334287596528695, 0.07391533948919157]]	[[0.07322890571329088, -0.5713833971684679, 0.2036362204506788, 1.208841750492976, -2.8990654760343806, -0.0022240749847752396]]
[[-0.44907660229989144, -0.7801586581923468, 0.2568232561992201, -0.010005182276432167, 0.04752613329135488, 0.07594289758788286]]	[[0.07320642909705742, -0.5713650707620755, 0.20361202519969954, 1.208837725831739, -2.899057177926524, -0.0023759149483286606]]
[[-0.2041724860857676, -0.6733544093771902, 0.23178976009225033, -0.007937311100179537, 0.03959713147195251, 0.06934579732282548]]	[[0.07322041581027003, -0.5713764435078628, 0.20362771889994438, 1.20881240075564, -2.8990922907649908, -0.002298690356449998]]
[[0.029788372722584527, -0.46566873961902877, 0.16462330684983903, -0.0016482145289661212, 0.029884674785469252, 0.06562212056278738]]	[[0.07321723144744385, -0.5713749181017165, 0.20361055876997958, 1.2088384344381595, -2.8990572147556777, -0.0023944314080218175]]
[[0.012239459254842044, -0.7285701962804979, 0.14251699317762448, -0.005683967994655486, 0.032962050846579195, 0.07024179282995513]]	[[0.07322318454922057, -0.5713818234104332, 0.20363273415033833, 1.2088756796751636, -2.8990004109363112, -0.0022821156980638345]]
[[-0.19579922281470574, -0.7715963503767751, 0.17649977935477715, -0.009236205808918575, 0.039305336984534006, 0.07345674260468409]]	[[0.07323924209579602, -0.5713729789327119, 0.20361175127227923, 1.2089294041681002, -2.8990322886072915, -0.002374990281770959]]
[[-0.24520919448696343, -0.8684793315138843, 0.18826690104046936, -0.015254371073755907, 0.043947215415730136, 0.07654386289928852]]	[[0.0732358501317361, -0.5713795032939355, 0.20364032164874668, 1.2089156031095638, -2.899047998723405, -0.0022423800491058596]]
[[-0.041523324451141486, -0.6402244933721384, 0.31229250298391503, -0.008535536639439595, 0.04072596193799398, 0.07491557636423056]]	[[0.07318526832285575, -0.5713856273515204, 0.20362558309410714, 1.2087675999770933, -2.8990859113577527, -0.0023569515563417877]]
[[0.2995119428198815, -0.39693652146305947, 0.2198698371055905, 0.00043609489231468714, 0.027860627461663102, 0.07859026594040247]]	[[0.07320444523081951, -0.5713796025190404, 0.20362083284061622, 1.2087680142567583, -2.899084920890578, -0.002319116560646283]]
[[0.09123677391976676, -0.7786170485561954, 0.2728109660674342, -0.0066392293709573325, 0.033138199068417376, 0.07085696754644336]]	[[0.07321751503186165, -0.571387751558839, 0.20364745017309605, 1.208776610074299, -2.8991058836060226, -0.002242746220744684]]
[[0.2940769892236084, -0.8034329555607266, 0.2185455654505632, -0.008554457025260927, 0.0228757723800124, 0.07037608482799011]]	[[0.07321758100017706, -0.5713879288606666, 0.20363273050112712, 1.2088118630177018, -2.899091285313169, -0.0022431279770849916]]
[[-0.2962836878441081, -0.8125291615292523, 0.3124945299730695, -0.005795341908627169, 0.04085669246457081, 0.07925336118327767]]	[[0.07324415278960489, -0.5713759441303004, 0.20360192687984296, 1.2089082928467332, -2.8990794347295963, -0.002354355044246461]]
[[-0.4425657809761252, -0.5747743533769654, 0.48170330496457003, -0.0024978137663883224, 0.03690398780845705, 0.07361735489097015]]	[[0.0732096381571096, -0.5713968381079402, 0.2036410313000403, 1.2087971307205367, -2.8990577388133114, -0.0022264608805491587]]
[[0.3652210182193443, -0.4022742913285528, 0.37418266756034696, -0.005192528080661512, 0.017618993881542123, 0.07516462842760538]]	[[0.07322847829093485, -0.5713702309977476, 0.20359926189783092, 1.208851471058918, -2.8990396900440407, -0.0024318800625833564]]
[[-0.46198061898809445, -0.6012126589543785, 0.1508302717700277, -0.014277103497580913, 0.04220911848183011, 0.07998135553508759]]	[[0.07321777902376322, -0.5713831252474711, 0.20362671135121962, 1.2087762881265436, -2.8990559871484525, -0.0023398673499681164]]
[[0.26526266720551833, -0.29788015863677425, 0.16930997305384526, -0.005170606939179933, 0.028672737079132725, 0.0696704890385884]]	[[0.07321697325929422, -0.5713775330949268, 0.20364243357324202, 1.2088331408829982, -2.899044339903694, -0.002300359978588291]]
[[-0.11989396066806984, -0.6843343474957579, 0.18485339036251755, -0.014335579308812367, 0.035416863772729394, 0.07409853244332928]]	[[0.07321037590617914, -0.5713824105410064, 0.203632466791821, 1.2087770002817912, -2.8990556718288594, -0.002339131883697776]]
[[0.02830575921181229, -0.2524241713007454, 0.15578065502759544, -0.007536995410977949, 0.033255359652903965, 0.07612271572765529]]	[[0.07320497783730245, -0.5713774996780948, 0.20362649650601694, 1.2087547927914126, -2.899103829669058, -0.0023185751981777223]]
[[0.03403613647633577, -0.26827407485566473, 0.07854253137727635, -0.009923078637238084, 0.03356090071187256, 0.06769430322022538]]	[[0.07321141056043726, -0.5713818246450841, 0.20360996881481636, 1.20878183236852, -2.89906747188918, -0.0023759456304722434]]
[[-0.15805994819203684, -0.23156658878166653, 0.22537556354138807, -0.006130417124552215, 0.03696773291464398, 0.07031149785462451]]	[[0.073220820969994, -0.5713776001700313, 0.20363006144712711, 1.2088302562249524, -2.899086438090676, -0.0023743896899383254]]
[[-0.37457209041828765, -0.43019459757783574, 0.22278309939778135, -0.007703795090452097, 0.040405800149507634, 0.06959459584719498]]	[[0.07321249991534294, -0.5713846945291938, 0.20362790396090613, 1.2087468124384602, -2.899080778101895, -0.0023204564865222156]]
[[-0.10932543460855101, -0.5820686910226271, 0.02658088941560194, -0.009896365387788646, 0.03333380675548935, 0.07464387125581577]]	[[0.0732167828238437, -0.5713770584781981, 0.20361956284013477, 1.2087808967334004, -2.8990670339499323, -0.002339165245125719]]
[[0.12436468344865126, -0.475510035692077, 0.17915642253738406, -0.003224279718909921, 0.029450588879315884, 0.06999195963475276]]	[[0.07320917100782626, -0.5713976991238215, 0.20362234575987082, 1.208803477963943, -2.899122224427885, -0.002316688615949372]]
[[0.014209088174825718, -0.4755267479315737, 0.1603827211893278, -0.009419688793894617, 0.036002903341670264, 0.07101048699356094]]	[[0.07321384438251292, -0.5713781166612928, 0.20359302823187056, 1.2087784308565979, -2.8991101990235757, -0.0024678451897577522]]
[[-0.502857066535499, -0.8428300059578355, 0.08840421355226055, -0.017098120830455497, 0.045622942860075934, 0.0738099045503042]]	[[0.07320583896456977, -0.571386719004373, 0.20362909895391446, 1.2087452795031166, -2.8990810276373273, -0.002301662454714667]]
[[0.294304216821217, -0.7143618135675482, 0.0810229188730571, -0.013903207289948536, 0.031062998287932887, 0.07053329359664665]]	[[0.0732091189861392, -0.5713852454251623, 0.20361454798611514, 1.208828674597437, -2.8990867996582037, -0.0023559767554150205]]
[[0.03708892467225322, -0.7922001655943546, 0.23336077080114595, -0.01301835902734615, 0.03201105753422419, 0.07363917420760427]]	[[0.07322143437002118, -0.5713792273570912, 0.20361665094736905, 1.208847368359598, -2.8990789680568443, -0.00235521158674225]]
[[-0.13409251270635003, -0.6381455603131778, 0.27139284400537583, -0.009202126144210261, 0.03452502820340771, 0.06673985002531121]]	[[0.07320532547060998, -0.5713784673279616, 0.20361291649755475, 1.2088076122417903, -2.8990827054941164, -0.002356669168178682]]
[[-0.33639446466897494, -0.5883654519878664, 0.2747609953269184, -0.004176698827043784, 0.041342866503112086, 0.07133101343080073]]	[[0.07322633208315964, -0.5713889147660044, 0.2036362715740826, 1.2087988467074806, -2.899110766970672, -0.0022993003124842787]]
[[0.0820294436779731, -0.6333855891006075, 0.1649301582369952, -0.006483181549888868, 0.028173953162456036, 0.06705616770511202]]	[[0.07323428457935169, -0.5713788398503441, 0.20360332836734557, 1.2088085117160434, -2.8990830580125877, -0.002393300169773709]]
[[-0.4539009605521662, -0.19015449745567142, 0.11404982614959701, 0.005814889083219241, 0.04124473090667332, 0.0707041953230779]]	[[0.07320399149387474, -0.5713939779531917, 0.20363078777384508, 1.2087372061649218, -2.899110699072246, -0.002300527520653592]]
[[-0.3219079338419558, -0.42828242414427964, 0.1435750424009448, -0.00315638114051503, 0.03774764810998079, 0.07084828188550389]]	[[0.07324046813448713, -0.5713884751758281, 0.20365200472325945, 1.2088328144368394, -2.899094916371116, -0.0022244425778799918]]
[[-0.14845184305856363, -0.7885167346254217, 0.18181313229162552, -0.009569216637026425, 0.033883430438482395, 0.06529845670752164]]	[[0.07321012767977483, -0.5713913460349187, 0.20362173815995765, 1.2087383393001294, -2.899111446355731, -0.0023565585352036474]]
[[-0.28318746758916213, -0.6609253250842458, 0.25560272621450536, -0.008774363477671606, 0.03874739647283045, 0.07174464761124569]]	[[0.0732268118800826, -0.5713778691857169, 0.20363031082513158, 1.208807274454178, -2.899081865921044, -0.0023176243572004956]]
[[-0.6360624519782221, -1.1147315275672547, 0.21135110455337194, -0.018952234802583963, 0.045969125993714235, 0.07248278698677851]]	[[0.07321891160674183, -0.5713949964366422, 0.20362002229243067, 1.2088080996286568, -2.8990823496644857, -0.002355727880841255]]
[[0.03393858543495351, -0.25039938747920243, 0.18083500285436985, 0.002789551873852405, 0.03123951252296638, 0.0721011419311284]]	[[0.07322032825958154, -0.571383205584527, 0.20361335779581427, 1.2087165270165885, -2.899107535332475, -0.0023759623283700635]]
[[0.017403021639962213, -0.8332812538996371, 0.1668551036429629, -0.016216673627523444, 0.03396605598481186, 0.07015266094666323]]	[[0.07321282434438911, -0.5713923377221177, 0.20363629764401758, 1.2088066267315332, -2.8990295856250086, -0.0023027956976553105]]
[[-0.017603909237398796, -0.7683634594526805, 0.11945492199278517, -0.013879952333329958, 0.032782667331541115, 0.06555394349431705]]	[[0.07320940364597656, -0.5713730827092331, 0.20361482836308803, 1.2088559043667695, -2.899050355285239, -0.0024136291788622076]]
[[-0.06509315632123724, -0.5644038105979323, 0.15827567129015946, -0.006813124380998549, 0.029656118735612212, 0.06995262053690172]]	[[0.0732211882513026, -0.5713888714448775, 0.2036195524544758, 1.2087987336715071, -2.8990595347736745, -0.0023382382212741586]]
[[-0.20013792870498875, -1.1073047032712762, 0.1435582006610976, -0.021962897967453945, 0.03552462428368725, 0.07458554370251974]]	[[0.07320284573056954, -0.5713875607873417, 0.20362383879805523, 1.208725653974406, -2.8991296462344955, -0.0023552094183982375]]
[[-0.21771501595321607, -0.536341194409759, 0.3396298528247944, -0.004833555462966134, 0.030921391673270494, 0.07326818606761053]]	[[0.07322043333082862, -0.5713834351728009, 0.20362794331203715, 1.2087340710789787, -2.8990989686043087, -0.002319740384923352]]
[[-0.11450395969626337, -0.466604526459235, 0.29503300441901315, -0.0039073164638879655, 0.030278024090924803, 0.07858785867784286]]	[[0.07323101526530551, -0.57138574667815, 0.20364082251889742, 1.208864286863063, -2.8990709652565103, -0.0023181625138705463]]
[[-0.25593202145477273, -0.13224968844220153, 0.34770386345707804, 0.0011350683112274357, 0.03607869884123269, 0.07736986991699574]]	[[0.07320712646896801, -0.5713901885664208, 0.20362622396730562, 1.2087287870987093, -2.8990882739241997, -0.00231962101640089]]
[[0.16244614180500494, -0.39028939452611733, 0.09572425589443571, -0.008773464714701343, 0.030191518889670088, 0.0641471481626907]]	[[0.07323094383209196, -0.5713856766248679, 0.20361953387028542, 1.2088307222939338, -2.8990878157635245, -0.0024491358021622215]]
[[0.29770579761346977, -0.34817845747099685, 0.03096628917473197, -0.008389632803452531, 0.022461523757881997, 0.0693057676078979]]	[[0.07322540810346334, -0.5713776712312123, 0.20362217979930786, 1.2088028410014935, -2.8990711394238673, -0.0023564256823316683]]
[[-0.34726928347572994, -0.7073383693229006, 0.3211446550993002, -0.016871709753409587, 0.04213626848397809, 0.07141036985900699]]	[[0.07321656701765393, -0.5713900608571755, 0.2036339005907858, 1.2087459878549045, -2.8990298246761577, -0.0023417745528201642]]
[[-0.41098182782495846, -0.653423292371681, 0.3299559937680406, -0.010247890209781074, 0.04277766426494751, 0.07518850221359483]]	[[0.07321833401025307, -0.5713867268788408, 0.2036114950523676, 1.2088005767728527, -2.8991129676775054, -0.0024301070470949355]]
[[-0.28459487514474546, -0.37135036237649055, 0.0999218091290585, -0.0043498741424143825, 0.036955194818783565, 0.06817935930926484]]	[[0.07324946965017172, -0.5713936126382411, 0.2036314456903118, 1.2088691409013932, -2.8990829991976663, -0.0023735802896666645]]
[[-0.14086028514982102, -0.05934023993826722, 0.1194007332372506, 0.001373049125807142, 0.028712122384844642, 0.06205672721133017]]	[[0.07323407052510088, -0.5713973508481315, 0.2036249839627649, 1.2088597413800075, -2.8990603502104553, -0.0023361697336819172]]
[[0.096701838199658, -0.21476952572050645, 0.03289275835669318, -0.0009977904392244417, 0.02725125352549957, 0.0695659682735398]]	[[0.07321960199516633, -0.571403739505877, 0.20362956926085665, 1.2087631861976957, -2.8990738439878867, -0.0023193438980430026]]
[[-0.23478537729900173, -0.1613131845882826, -0.017069565808984676, 0.002929599092044863, 0.03634917640566321, 0.07113431686990465]]	[[0.07320207107651687, -0.5713889132577569, 0.203610504093883, 1.2087559426239085, -2.8991049766653676, -0.0023929677773852033]]
[[0.34192727874834467, -0.1601548507198451, -0.22845284379529157, 0.0009531217568934311, 0.023034487678235765, 0.06227623040320037]]	[[0.07322814428076638, -0.5713870700383177, 0.20362860019646764, 1.2088266441028683, -2.8991270093834443, -0.0023909084207172147]]
[[-0.41061203996990114, -0.9478987339482313, 0.05248435870706172, -0.012196143316795232, 0.04549448259271836, 0.07194794428312723]]	[[0.07323442691796826, -0.5714017686374343, 0.20364411124920398, 1.2088543992128897, -2.899047468251095, -0.0022626098862100065]]
[[0.084073619174975, -0.3454486026202419, 0.07678624152317899, -0.0005314321250898604, 0.03248317928386438, 0.06406857729955152]]	[[0.0732167311543696, -0.5713891664787349, 0.20363528688335225, 1.2087910325052267, -2.899089803921144, -0.002374624632118374]]
[[-0.3442010951743596, -0.5313496863793857, 0.1092402725694776, -0.008218658599934365, 0.03753988687570347, 0.07461186485125262]]	[[0.07325138002692161, -0.5713863872755395, 0.20362981624267887, 1.2088594178978218, -2.8990612451878217, -0.0023743095959536577]]
[[-0.051848062103391476, -0.19827019725885658, 0.315006977134867, 0.003439477931245275, 0.022047955301186473, 0.061343125708327284]]	[[0.07319552764583356, -0.5713838180255806, 0.20359784761586777, 1.2087832521794906, -2.8991219058085633, -0.0025045126249549233]]
[[-0.14329270127813132, -0.40717533860441024, 0.2764343309960242, 0.0006666256240941831, 0.029643130510117792, 0.07148024912781915]]	[[0.07321995165949188, -0.5713909952105687, 0.20363097088530913, 1.2088172413712266, -2.899104322619852, -0.002354892488050549]]
[[0.006996153091877358, -0.24793398444873668, 0.15499538646637168, 0.004179331215974445, 0.02489172424414051, 0.07253567774870248]]	[[0.07323083884821417, -0.5713887036652868, 0.20362175005008232, 1.2088427083237028, -2.8990679246985094, -0.002356371192376293]]
[[-0.3556346799078761, -0.5267789397065612, 0.31601105813238384, -0.0012398094124700318, 0.03445252421589102, 0.0755989378265852]]	[[0.07322598895851627, -0.5713984198753016, 0.20361809165400263, 1.2087691877946491, -2.899086297536967, -0.0024129414429408056]]
[[-0.34508646705399193, -0.45239117237321824, 0.065191506721904, -0.005503813750329833, 0.03998235937104032, 0.06650565051947642]]	[[0.07323364236764507, -0.5713997695835774, 0.20362046962268898, 1.2088027438419215, -2.899071494009145, -0.002375517035811174]]
[[-0.3273559866844168, -0.6714929528689928, 0.024830493876846615, -0.011806574597057135, 0.0416420616533609, 0.06311726643003007]]	[[0.07321384725210218, -0.5713918067155561, 0.2036152497325993, 1.2087430472978362, -2.8990718324051814, -0.002432773974851929]]
[[-0.10177316046912403, -0.3436362361272257, -0.03876329928842307, 7.671493584504238e-05, 0.03136849011467843, 0.0614028568962599]]	[[0.07319149957032231, -0.5713988249817744, 0.2036280885434018, 1.2087384410805297, -2.8991117704592564, -0.0023737164152955203]]
[[-0.23919172564436897, -0.7268188696562635, 0.0243432312494157, -0.007652231192238885, 0.035959101443298114, 0.06753589055429403]]	[[0.07320196767153364, -0.571397607047734, 0.20361472651114587, 1.2087177877865252, -2.8991599237120567, -0.002409299768066022]]
[[0.022168994826486002, -0.2007715035608436, 0.0109799158290123, 0.0030212127250952084, 0.027068441120783923, 0.06272210612588515]]	[[0.07325516312911129, -0.5713964617027182, 0.20364170094893488, 1.2088587370276778, -2.899059851883253, -0.0022998382016042236]]
[[0.4868566772752299, -0.3495545260719937, 0.056275776103612014, -3.825655058879718e-05, 0.017879465601684616, 0.06372264650246148]]	[[0.0732309042234257, -0.5713978662657275, 0.20361930693074637, 1.2088392577119067, -2.899108845921711, -0.0023912383902924056]]
[[0.18112400395389608, -0.369011044112754, 0.1603712767744838, -0.005404336048182537, 0.023977664080247256, 0.05856051686360427]]	[[0.07323069325904932, -0.5713918267797311, 0.20361745897070818, 1.208802542082942, -2.899070840105086, -0.0023381828558872663]]
[[-0.06275660872882238, -0.5812594681909258, 0.1788478146693108, -0.008540839527293013, 0.030394143402862055, 0.06446037913412973]]	[[0.07321167660718843, -0.5713991002101361, 0.20361691458047015, 1.2087506906625463, -2.899094441441652, -0.002431483300898297]]
[[-0.4651423061656956, -0.24969860432921503, -0.07143863783614349, -0.0029508590517182444, 0.03700728649138103, 0.06154804427834762]]	[[0.07321116706601534, -0.5714011290036616, 0.20361147595834783, 1.2087295279842103, -2.8990903627957003, -0.0024318951000701426]]
[[-0.054898611134350295, -0.7379858515542778, 0.09997337002799697, -0.013018690023117821, 0.028903360083141677, 0.06405917776688216]]	[[0.07322369865606373, -0.5713888508507712, 0.20359288589766864, 1.2087914639459176, -2.8990929720333463, -0.002524211214916601]]
[[0.34208966277580843, -0.2947490927799065, 0.026900432707283487, -0.002423441206763693, 0.02412224897229808, 0.06019041551430504]]	[[0.07322429626398715, -0.5713903318000452, 0.2036231328102811, 1.20877385771944, -2.8990973794018755, -0.0023931311043593794]]
[[0.3754916643066419, -0.5053234063292645, 0.15078193788087138, -0.011682501377169264, 0.020579547323284503, 0.06529301862970915]]	[[0.07320438145672432, -0.5713986060498857, 0.20362925620381178, 1.2087162591207299, -2.8991071464173928, -0.0023559808417584014]]
[[-0.22907806906252648, -0.5444411684958381, -0.0850003828552158, -0.012745896585753891, 0.035206494949950685, 0.06329446118155198]]	[[0.07320320889496518, -0.5713865607383463, 0.2036291457347379, 1.2087370611864705, -2.899061016556539, -0.0024153355559993427]]
[[-0.1737829132513637, -0.41847630224368404, 0.3620831462932024, -0.006174418151076683, 0.033654978495642064, 0.065772947890318]]	[[0.07321326209697265, -0.5713964775950351, 0.20360785438808443, 1.208743826861619, -2.8991248659776176, -0.0024863787908577556]]
[[-0.2879520457660466, -0.355143657720424, 0.3418341276139046, -0.00299563260265656, 0.02910569867058515, 0.07190303616752922]]	[[0.0732296974027964, -0.5714014722112953, 0.20360851026061916, 1.2087614189558682, -2.8991166622819393, -0.0024481899665912757]]
[[-0.2164379035722959, -0.3844990807045521, 0.33199804069998684, -0.004573436322839658, 0.028158884586774534, 0.07022207401476573]]	[[0.07321268590859772, -0.5714051844335052, 0.2036163839740781, 1.2087120529175839, -2.8990971891953614, -0.002412617528553626]]
[[-0.3347301571818564, -0.3000194710229066, 0.09519233392672036, -0.0037507050481391437, 0.03344742905179738, 0.06626011768289745]]	[[0.07321462562321779, -0.5714000298695678, 0.20362598913982394, 1.2087774942443847, -2.899108363403061, -0.002373743943817442]]
[[-0.27140976113227927, -0.723595454689539, 0.15524582466715353, -0.016293911707410357, 0.033149136828058375, 0.0669553663874578]]	[[0.073229371100878, -0.5714005623540878, 0.2036218714684529, 1.2087438618328852, -2.8991231176099532, -0.002410668507778293]]
[[-0.12064426894044306, -0.5639905605716871, 0.09731498593258277, -0.013076475903282663, 0.030284875738064793, 0.05725549476610706]]	[[0.07322683705974876, -0.571400659225914, 0.2036204874576682, 1.2087343063080365, -2.899100003690581, -0.0023752253045556384]]
[[-0.2224080141947669, -0.2773068089018121, 0.07133134212410641, -0.005080718574104283, 0.03221552946933766, 0.060603612198798326]]	[[0.07320785793067157, -0.571398993272079, 0.20363696032770395, 1.2087891718545818, -2.8990384159724853, -0.0023770915216016477]]
[[-0.0576008934647671, -0.4773513782981641, 0.09875918315642739, -0.009841073172490753, 0.02612996440224894, 0.054878713757458474]]	[[0.07321151449807926, -0.5713986479995514, 0.20362359809603398, 1.2087505531823168, -2.8990940698945202, -0.0024126786551448326]]
[[0.04909265412323502, -0.46203582862639336, 0.19562003611787374, -0.007859926856179754, 0.026199108529529506, 0.057040060888503864]]	[[0.07321304789871809, -0.5713957978542056, 0.2036280981072779, 1.2087595604162502, -2.899115820876629, -0.0023728958241120784]]
[[0.21000775365049357, -0.2906839686369407, 0.006100309498542968, -0.0019008728174583558, 0.022530003384002132, 0.05963361277239431]]	[[0.07321072261545872, -0.571403280525186, 0.20362049218172049, 1.2087072468458948, -2.89908549715681, -0.002376453256364709]]
[[0.51279956472492, -0.37117843510985754, -0.03791303496250455, -0.005140711669262008, 0.015769234472127858, 0.049036652384651824]]	[[0.07320366519677679, -0.5714002027084816, 0.20360237880041804, 1.2086781344673887, -2.8991130198153074, -0.002488118003438869]]
[[-0.3846658011255921, -0.7291297993683596, 0.1041716173427104, -0.013957426911071482, 0.03651430648615754, 0.06259947019895248]]	[[0.07321523678221697, -0.5714051325001819, 0.20361782160778635, 1.2087554813700478, -2.8991061936583042, -0.0024477903200264134]]
[[0.20175879281305972, -0.2562746187010217, 0.16885676856653348, -0.004210852812744331, 0.024885581617905578, 0.048759860396577995]]	[[0.073207565793518, -0.571400271752058, 0.20361815237916753, 1.208708659852436, -2.899137878018171, -0.002411250154847073]]
[[0.14121033730716476, -0.2706367292993664, 0.2948670733106063, 0.0021075155448998482, 0.01901935301220159, 0.05851668226121453]]	[[0.07322523977557424, -0.5713965145642345, 0.2035945576279723, 1.2087354938321049, -2.8991028098701053, -0.0025247320905915083]]
[[-0.09144116201556202, -0.4663025117787436, 0.3585209209348777, -0.0006510449157497121, 0.023366051979980845, 0.05829909338414525]]	[[0.07321368845367968, -0.5714009983403757, 0.20361281828066624, 1.2087549850709967, -2.8991068583216615, -0.002467436297267104]]
[[0.28245519601850844, -0.4035058128494838, 0.244071584312745, -0.0027558959524728926, 0.015654913410213443, 0.060545845102380334]]	[[0.07321605884938566, -0.5714073208264133, 0.2036278610845874, 1.2087546342592792, -2.8991061146777417, -0.0024302031117161846]]
[[-0.058064509864341196, -0.2060742268691501, 0.19835345930252224, 0.004584663981604746, 0.025834502426941908, 0.06230333742967471]]	[[0.07322148472894767, -0.5714088741122814, 0.203614715589432, 1.2087465531521344, -2.899082770509889, -0.002411588487126208]]
[[0.15860494572107808, -0.29938907218571664, 0.21910298302487052, -0.002541512649220399, 0.018936502445970532, 0.05650468326814131]]	[[0.073214832295021, -0.5714075963981249, 0.20360565764069866, 1.208733583837013, -2.899102335456572, -0.0024671243622478344]]
[[0.19429277477034076, -0.5270190335649494, 0.08292065912832222, -0.007022494475297415, 0.020730585652506316, 0.05718924455931123]]	[[0.07323360931266204, -0.571403074204159, 0.20363904833157537, 1.2088327207905882, -2.8990459563829405, -0.0023741742110408057]]
[[-0.14745502185752435, -0.3449212091815137, 0.16559814222204688, -0.007664950852904143, 0.0251997007961557, 0.06085788696268686]]	[[0.07323579658003983, -0.5714055964760532, 0.20361352426986673, 1.2087166773547642, -2.899108481706381, -0.0024296615502728196]]
[[-0.046020343207403586, -0.14793598619616194, 0.014699640751791532, -0.003211354795543072, 0.023097168749232413, 0.05507708542139396]]	[[0.07321344758040592, -0.5714058930378414, 0.20361232366555637, 1.2087218137862714, -2.899171877834563, -0.002445362788771305]]
[[0.20087350549556943, -0.31961612231911474, 0.02591318287619858, -0.007623339074423578, 0.018485054082150655, 0.048651217058596326]]	[[0.0732175005404546, -0.5714180963825515, 0.20362524756003042, 1.2086759627668653, -2.8991121093237946, -0.002412423497958814]]
[[-0.05600081613934663, 0.0024318166267237977, 0.060957236084892695, 0.0019572901770258493, 0.02118214999003923, 0.048811841158895836]]	[[0.07323577719390169, -0.5714177237777779, 0.2036209465185877, 1.2087082679356087, -2.899137467798249, -0.002391761137540556]]
[[0.14961554674354455, -0.1634191581597177, 0.02459659217906908, -0.0001815068904500762, 0.02068377629143177, 0.04738500966650561]]	[[0.07322786315775355, -0.571403531327597, 0.2036032083828443, 1.208716602224416, -2.899110186655932, -0.0025050814071853975]]
[[0.12018706953253727, 0.0725161231612863, 0.007058758570957974, 0.0031014434454466454, 0.020704938172618825, 0.04428517812358991]]	[[0.07322583716146709, -0.571410225250087, 0.20361804635620753, 1.2087257953676287, -2.899130640149374, -0.002410674702112444]]
[[-0.06765547087679726, -0.2999866681021942, -0.017670230866036068, -0.007709779195194805, 0.024757707970143775, 0.04590865139612949]]	[[0.07321472279252776, -0.5714073550910923, 0.20359105977863906, 1.2086987566519887, -2.899118099020328, -0.002523527909400238]]
[[0.4891597668964872, -0.22726525823346713, -0.08962831823436186, -0.008838719246192358, 0.0063883983625126735, 0.04297674368841627]]	[[0.07322840815547504, -0.5714136371525089, 0.20364422218011857, 1.2087102287205878, -2.899147887820503, -0.002315758265958113]]
[[0.38977263262533224, -0.38700330605809785, 0.2144738945629526, -0.008046163068370464, 0.009800363214100561, 0.034786757808117165]]	[[0.07320076115978097, -0.5714046273148795, 0.20361541402658379, 1.2086147756947092, -2.8991656344958674, -0.0024856595830316233]]
[[-0.04678333154961285, 0.14837770431924596, 0.13289355077301346, 0.004022072842941768, 0.02317982143393091, 0.031742986459150455]]	[[0.07322878892524944, -0.5714093739734625, 0.20359468245072296, 1.2086570813450612, -2.8991212800200454, -0.0024676802987082273]]
[[-0.16187149215135666, -0.5393363099765156, 0.0311273628983507, -0.013955829689657327, 0.019924819711183466, 0.021228385435486708]]	[[0.0732086817460911, -0.5714066588477966, 0.20362568822534413, 1.2086812218554908, -2.899136299098905, -0.002410354422081477]]
[[-0.3303011839513188, -0.6060748845915981, 0.1736323931401848, -0.015140700001449698, 0.02448208843005458, 0.013283981320459944]]	[[0.07322174064680922, -0.5714231251775997, 0.2036154743267628, 1.2086188481976932, -2.8990838763271953, -0.002396009554624382]]
[[-0.24794308961079653, -0.2333628726768249, 0.16239072530888485, -0.0022352063182649665, 0.025526161129849907, -0.0014608355881902348]]	[[0.07323059893906768, -0.5714161869130097, 0.2036264307574301, 1.2086268250336654, -2.8991971866347854, -0.0023905357539674606]]
[[-0.3442027283863396, -0.31209902911100446, 0.23203579598098284, -0.0048206243738969905, 0.02354677830306956, 0.00456351047471511]]	[[0.07322077418577777, -0.5714166059684789, 0.20361067804343166, 1.2085678519195113, -2.8991976150249648, -0.0024669614094111228]]
[[0.26563229629136154, -0.5325604272590583, 0.241264202091236, -0.008149894255044289, 0.006736398731786861, -0.005503914176225802]]	[[0.07322146016975109, -0.5714183932509187, 0.2036197575404018, 1.2085860682514005, -2.899188788059357, -0.002410457175586077]]
[[0.044515117412194494, -0.603613636225144, 0.2101167476563146, -0.004722438104942963, 0.016896055760680137, 0.0009197343922652196]]	[[0.07322828521751984, -0.5714079891056748, 0.2036224009159362, 1.2085738629912564, -2.8991550178958496, -0.002430982559413553]]
[[-0.06686198536243082, -0.3526594671101061, 0.14706732262942712, -0.0030470350302795463, 0.023247578939951382, -0.003078024881130857]]	[[0.0732092529342164, -0.5714184792502877, 0.20363861148268114, 1.2086033946918342, -2.8991285797580266, -0.0023755018150834195]]
[[-0.17939217814270728, -0.2437074705497208, 0.19193770271313706, -0.0016412697183587014, 0.020964396829212875, 0.003176488814420856]]	[[0.07321828934405732, -0.5714168506233732, 0.20363210517659908, 1.2085784882901578, -2.8991663431876207, -0.00244874412479548]]
[[-0.19765385299610994, -0.023107821806380074, 0.012400148272153666, 0.005194922609831532, 0.020233760962751722, -0.007761066990341534]]	[[0.07323547085850872, -0.5714135237151957, 0.20361636966051486, 1.2086272671128557, -2.899184515796895, -0.0024090924800659304]]
[[0.3581784848728225, 0.16037828079845218, 0.05585136326272378, 0.008105878055720626, 0.007098610192920947, -0.009136705041664797]]	[[0.07322484689602309, -0.5714212512071608, 0.2036368895665327, 1.2085694478830604, -2.8991426453197655, -0.0023747184889879335]]
[[-0.08334418712536923, -0.31845735380058104, 0.14256983587164757, -0.0034692029206675355, 0.014457451216964066, 0.0028417431569166176]]	[[0.07322616403189902, -0.5714145494206304, 0.2036161692384948, 1.20865319235317, -2.8991491400737703, -0.002467583631377763]]
[[-0.006113214593873914, -0.232614453755982, 0.01454900020388977, -0.0023555403560476616, 0.012915444821012059, 0.002523142023591006]]	[[0.07321938556993764, -0.571419721197903, 0.203642343963509, 1.208542625792291, -2.8991796332837234, -0.0023739787034383216]]
[[-0.0727349798830658, -0.1772631056425258, 0.10409193054039187, -0.005491936841138112, 0.014572186251726113, -0.004468837766322906]]	[[0.07323746145491143, -0.5714100967226041, 0.2036271434060131, 1.2086484870977763, -2.8991375960189014, -0.0024682852682275237]]
[[-0.26527688781517117, -0.026329909641315638, 0.0841806731420517, 0.0006614827762415412, 0.01764508208079026, -0.0039189192765055475]]	[[0.07322204313648975, -0.5714199567885714, 0.20361426272670277, 1.2086213088801987, -2.8991741401711466, -0.002410560761960985]]
[[-0.16347975448187452, -0.48520801108489586, 0.14253544190051984, -0.011784244708575744, 0.019076023473156106, -0.0014309803149528866]]	[[0.07324257733646318, -0.5714080533376767, 0.2036249073513312, 1.2086265151301983, -2.899133427659476, -0.002449503547602017]]
[[-0.14436987560424278, -0.18908659951423548, 0.16173061705183633, -0.003958103140229125, 0.016382606114645544, 0.0022451218925238713]]	[[0.07323126182459629, -0.5714260704492673, 0.2036426104260276, 1.2086118603808444, -2.8990983365474214, -0.0023394465145520965]]
[[0.2350068284490472, -0.2768146020836601, 0.03888360344369815, -0.0022876524769377825, 0.008755582000817136, 0.00032872033570645695]]	[[0.07323239246588838, -0.5714156433491295, 0.20361063515304345, 1.2085965853144043, -2.8991592881851025, -0.002468370194650786]]
[[0.21100113446242066, -0.5446915379497306, 0.10212755558718188, -0.0020494588547847895, 0.015456497825395273, -0.0075416990244893895]]	[[0.0732212844976662, -0.571421299688412, 0.20363015689603475, 1.2085308786264226, -2.899198387062546, -0.0023917744278577815]]
[[-0.11363947676836336, -0.3636864283874836, 0.2653687404850765, 0.0015526329478754673, 0.02103595961928567, -0.00010128051396924305]]	[[0.07322354436089083, -0.5714239832525416, 0.2036268385623689, 1.2086046804165957, -2.899180991051812, -0.0024110273721315288]]
[[0.2405052571843227, -0.2646356888292883, 0.09895259668172678, 0.003835815754920837, 0.013154018164548607, 0.0006565849733321323]]	[[0.07324748638238075, -0.5714177519535469, 0.20363683718911788, 1.2086649453657676, -2.899128645887266, -0.0023736913666452426]]
[[0.14417481421825667, -0.45510175292779725, 0.13740583276281654, -0.007194729980657267, 0.012495834684288035, -0.002917395296072572]]	[[0.07321329072451956, -0.5714156081700149, 0.20363734157279761, 1.2085527975668255, -2.8992022026601707, -0.002392309700204503]]
[[-0.6231768602486244, -0.7420306144126401, 0.25350964044678914, -0.015408225467026726, 0.03249848185163322, 0.006530383227635555]]	[[0.07324356085257896, -0.5714140857806538, 0.20363201459617747, 1.2085700574987064, -2.899143967833725, -0.002450279779299879]]
[[-0.06854884900246574, -0.5611875957045163, 0.18852689674790418, -0.011166417658917058, 0.01576002110823613, -0.0018498868674402737]]	[[0.0732364781510258, -0.5714141984091485, 0.20363062561903622, 1.2086043574762257, -2.8991289476642588, -0.002413626101891162]]
[[-0.4930555836548076, -0.48220031891455023, 0.37256288173154445, -0.010597401680029097, 0.0259646448318434, 0.006790904033654304]]	[[0.07322877497171124, -0.5714214638308893, 0.2036312982361742, 1.208600544628837, -2.8991689640985903, -0.0023732601653519998]]
[[-0.45887537262477357, -0.2787878924690246, 0.22717471938576905, -0.004994726212989102, 0.02618886319013019, 0.008918913297205365]]	[[0.07323068326800246, -0.5714144552678562, 0.20361607872545728, 1.208661193361193, -2.899119468694715, -0.0024691850576377345]]
[[0.09196758945017572, -0.19745873780538417, 0.031157168530645707, -0.006227386136435043, 0.007968801928449391, -0.0018002932516285603]]	[[0.07323283011368507, -0.5714255139982212, 0.20363705729397724, 1.2085740494780375, -2.8992049829960576, -0.002335365785851993]]
[[-0.0860504094100441, -0.15504252125521065, 0.13418260211258967, -0.008389355227544037, 0.016724984075500673, 0.003194653472314046]]	[[0.07322540507382809, -0.5714194228909947, 0.20362103447561314, 1.2085400206206833, -2.899169480029174, -0.002449697396828814]]
[[-0.21825858293555636, -0.40097013126417524, 0.14820840288112608, -0.01032726466816752, 0.019158441435736123, 0.00409349718207208]]	[[0.07322412561909224, -0.5714222162631662, 0.20361105492911113, 1.2086098142265354, -2.8991934261648487, -0.0024854573389461025]]
[[-0.18704683775575512, -0.1325488657963291, 0.2089932194358408, -0.004322234038675885, 0.01763071501181917, 0.0001877166690052117]]	[[0.0732320024147794, -0.571428143087652, 0.20362389412551402, 1.2085434170326754, -2.8991288827760266, -0.002432792804746402]]
[[-0.6558550706141684, -0.31315297969952605, 0.18291235607990655, -0.003158432672979961, 0.029686486602420303, 0.002410444089891458]]	[[0.07321773023042694, -0.5714153523148673, 0.2036227482089994, 1.2086303621610512, -2.89914482782026, -0.002449974694521211]]
[[-0.12995356913947634, -0.14023922083447124, 0.07067299585717297, 0.0022424330287446545, 0.021722303375218, -0.0023143061814489023]]	[[0.07321261823464825, -0.5714207831380272, 0.20362103212051258, 1.2085611762146826, -2.899173620612785, -0.002449121963184665]]
[[-0.15021986603420323, -0.6537199606152012, 0.08114373025644339, -0.008289531505724873, 0.02219019779181568, 0.0016064472710006735]]	[[0.07321630008773176, -0.5714271089263568, 0.2036293711631877, 1.208565691263198, -2.8991846972305932, -0.002429784244959606]]
[[0.0562545161858021, -0.5094249920224182, 0.13103298305963854, -0.01080049207322574, 0.011678885851369562, 0.007564639736164369]]	[[0.07325576591495213, -0.5714139933230954, 0.2036131546526684, 1.2087089757699658, -2.899139129508877, -0.002485384191336206]]
[[-0.26841948159931833, -0.41056494883593464, 0.07593358380206652, -0.006994868747487273, 0.022792709057036856, 0.002783532039497335]]	[[0.07324198150568365, -0.5714289545876171, 0.20363433421593685, 1.2086041845866824, -2.8991289042211537, -0.0024121332752573012]]
[[0.02811794548518254, -0.6037158937887233, 0.27818453388275854, -0.011616504574953227, 0.015798542909402837, 0.005091140561042599]]	[[0.07323733341446496, -0.5714219671491748, 0.20361224616216345, 1.2086230710287436, -2.89917455505663, -0.0024673328829129316]]
[[-0.4242924788872083, -0.6330909687722046, 0.22300401369043396, -0.008983218607975213, 0.021859154213653198, 0.010325105419153581]]	[[0.07321678719245081, -0.5714162359735386, 0.20361607872545728, 1.2086079740583922, -2.8991416657326416, -0.0024691907909021216]]
[[-0.45334094301792854, -0.4093776001800521, 0.15427007777575782, -0.004852844589610602, 0.02498675289793273, 0.005528907595364368]]	[[0.0732285909047753, -0.5714209712106036, 0.20364563790608164, 1.2085832804867604, -2.899176104449022, -0.002374380815431947]]
[[-0.18932878420996463, -0.13014413289642823, -0.006173579694889976, -2.9468099201550996e-05, 0.020056264626077312, 0.009653827859789485]]	[[0.07321209394529471, -0.5714227726103501, 0.2036155455700288, 1.208608459923179, -2.8991410515067484, -0.002449742521693376]]
[[-0.1719717098590422, -0.6738954948140781, 0.11476317930888505, -0.016049591138493087, 0.0170528952502062, 0.00967089064572288]]	[[0.0732360784296452, -0.5714152412128455, 0.2035972248058913, 1.208610686168067, -2.8991935080014075, -0.0025041443748110783]]
[[0.20122581373530934, -0.40978393713081496, 0.050965549535218806, -0.011296466172772428, 0.0049050024779286015, 0.012138285309822179]]	[[0.07323724737809902, -0.5714217892229061, 0.20359743434611854, 1.2085716513292493, -2.8991972319069776, -0.0025242000617544443]]
[[0.30389563568770617, -0.1824659717543432, -0.003959237499303757, -0.005705707978767654, 0.004076265116363164, 0.0025173856959960503]]	[[0.07322757547335156, -0.5714286386517525, 0.20361721734191857, 1.2085353729923596, -2.8991584871940845, -0.0024502086261679705]]
[[-0.02648119691950651, -0.1277499619808321, 0.06119553260139108, -0.0016434405332020228, 0.015804332518119614, 0.007347415524951134]]	[[0.0732376448138982, -0.5714296402931617, 0.20364219645794795, 1.208595713176252, -2.899157432322428, -0.0023735077993826143]]
[[-0.2796741109784311, 0.21244445130758494, 0.06592539683661101, 0.006506988330846136, 0.01596878125857503, 0.0061618546433331815]]	[[0.07324202988855692, -0.5714188339494892, 0.20361654852746913, 1.2086698507762874, -2.8991425373956545, -0.002486655327282317]]
[[-0.12275734726460259, -0.3411607173455538, 0.11107199213060727, -0.004383240033149677, 0.017924621134856735, 0.005481163267820717]]	[[0.07320248038083982, -0.5714229223681258, 0.20362104517295404, 1.2084784018020254, -2.8991693767776088, -0.002450829516999774]]
[[0.2857920120181524, -0.17768679120586067, 0.06053962210809353, -0.004131972728333258, 0.010940123399668822, 0.009025310042239937]]	[[0.07322320714506567, -0.57141358061839, 0.2035993435848035, 1.2086096435550255, -2.8991418119073558, -0.0025057579743273137]]
[[0.05059242524083908, -0.04997942570796764, 0.026503116263201197, 0.0028124475621138746, 0.012373497505586953, 0.007036837569540138]]	[[0.07322143286794008, -0.5714252647419858, 0.2036201237119091, 1.20854299529538, -2.899180769712258, -0.0024310480958114845]]
[[-0.24400529387275, -0.11786205758963328, 0.03801176682282001, -0.001101514516438095, 0.020057002735070592, 0.012155836224410202]]	[[0.07324725843137697, -0.5714205889462788, 0.20362561500711412, 1.208695374127825, -2.899104324913725, -0.002431658914553604]]
[[-0.12192625707119364, -0.2130252002124433, 0.13736327995217296, -0.001997511365827217, 0.016895649962802704, 0.008208973239026284]]	[[0.07323560006949678, -0.57142424440427, 0.20362151267920978, 1.2086137735887925, -2.899152025906867, -0.0024677254432482368]]
[[-0.023395937016507197, 0.005562658579486712, 0.13833052126640383, 0.0022508977333230073, 0.013814962906809353, 0.001124155646942592]]	[[0.07323172876706, -0.571426024796586, 0.20363056374574706, 1.2085700689358174, -2.89919533343072, -0.0024103519367917707]]
[[-0.11995932617273214, -0.18096239730980396, 0.07282167308660857, -0.004444115418549573, 0.017594602815867187, 0.00864984806995069]]	[[0.07321309071957127, -0.5714254465107947, 0.20361893711766782, 1.2085738691155474, -2.8991554363018577, -0.002450387413592112]]
[[0.08367725145780541, 0.037574119795878026, -0.10550658002561468, 0.0033012980050896885, 0.013399540753145683, 0.004040479277111381]]	[[0.07322132394120526, -0.57142149339496, 0.20361655447203864, 1.2086007362595321, -2.899171369917032, -0.002486573210869008]]
[[0.01511179937983984, -0.03485699779608107, 0.04510991990180443, 0.0006861086890164979, 0.01158294094052048, 0.005679188244143195]]	[[0.07322398237715343, -0.5714321356689648, 0.20361428959106403, 1.2085431950462557, -2.899181445870415, -0.0024671636434696704]]
[[0.18833368835236153, 0.22560535343555732, -0.1075004368853083, 0.0048071434781548315, 0.00915088003304665, -0.00098071313629433]]	[[0.07321974841138183, -0.5714242116269448, 0.20361912531635976, 1.2086081704257088, -2.899142307293387, -0.0025059635576325]]
[[-0.4374717265751701, -0.5507885264796561, 0.18740672471929049, -0.013531822845823167, 0.02365862936690736, 0.002695034456357434]]	[[0.07324801640444734, -0.5714193132963771, 0.20360319522235767, 1.2086135334877102, -2.8991533895101824, -0.002524677700816807]]
[[-0.3545975478755765, -0.4381181800576851, 0.1218737922950779, -0.008457774063908597, 0.02329940214335603, 0.009249978278509598]]	[[0.07321139207154695, -0.5714242865468177, 0.20362441653761842, 1.2085347739481789, -2.8991587878824094, -0.00245116829045952]]
[[0.2622310394647005, -0.19375879011922154, -0.07023874965517109, -0.00749257482694761, 0.007783061317115908, 0.0018097292345921772]]	[[0.07322143734522547, -0.5714320663616186, 0.2036276562364634, 1.2085690838195333, -2.8991440030801634, -0.0024308679156074954]]
[[0.12397574036418285, -0.2917055688842993, 0.04760801405366164, -0.0034537428335848505, 0.005098711703709019, 0.008450577527367775]]	[[0.07325258675592468, -0.5714279147637531, 0.20363551603574695, 1.2086524179052216, -2.8991476342709794, -0.00239158511665833]]
[[0.0746012202745267, -0.37435064793400685, -0.05620968912989509, -0.007426168900768483, 0.015158926582175564, 0.01011052850446889]]	[[0.07321842410206554, -0.5714172297426018, 0.20362533207042988, 1.2085613443207688, -2.8991739143469495, -0.0024678238447200284]]
[[0.09172261859567259, -0.10358969898918141, -0.12874772118275196, 0.0020052510878320134, 0.007224566431649633, 0.0034018951774664524]]	[[0.0732340643244276, -0.5714201442072295, 0.20361655096178716, 1.2086139672622145, -2.899152399867666, -0.0024872780696960804]]
[[0.04303839022961467, -0.11383684894404768, 0.053472846047415645, -0.0007835253853459819, 0.011701231782550772, 0.002930351042090706]]	[[0.07323583163710395, -0.571418009361618, 0.20359285996747412, 1.2086928178508984, -2.899147209377597, -0.0025422000973004447]]
[[-0.12208270764841533, -0.03139926191724227, 0.13969841126601193, 0.0017972891154896357, 0.01548471425233086, 0.0038951038325953894]]	[[0.0731976284501592, -0.5714222951247356, 0.20361316771284105, 1.2085050824973498, -2.8991849357255233, -0.002487155158426686]]
[[-0.3852007760454872, -0.09614764129445671, 0.015733859569730637, 0.0010811408916899575, 0.02036750511618235, 0.0075544220466992554]]	[[0.07322815156164642, -0.5714199318260386, 0.20360868771248683, 1.208618995790328, -2.899164577367815, -0.0025239909204540114]]
[[0.0983703433222847, -0.20079718562188695, -0.1205368788500065, -0.005816780559261661, 0.013115529653879182, 0.006109208384233501]]	[[0.07322074541005918, -0.5714269019637513, 0.2036148311943758, 1.2085567883836446, -2.899163181853156, -0.0024871460145688244]]
[[0.16733986041584614, -0.03976856284176421, -0.09187141066946469, 0.00012922879191202066, 0.00922753048297813, 0.007159042937500047]]	[[0.07322503587100491, -0.5714218634564001, 0.20361656163072903, 1.2085703092559243, -2.899144780175683, -0.002488392236458238]]
[[0.22970729675890883, 0.03373119001736338, 0.03900980551379995, 0.004197943486053656, 0.01336876643049378, 0.005888758352564462]]	[[0.07323344228384944, -0.5714286437333698, 0.20361054177212157, 1.2086000890890818, -2.89911904587658, -0.0024695352518851964]]
[[-0.01117578480618299, -2.2383276694957696e-05, 0.06977582290211598, 0.004219388555516662, 0.010561818535404565, 0.008861605113030668]]	[[0.07321083342200504, -0.5714194439244157, 0.20361198474999959, 1.208487938786544, -2.899192433214597, -0.002505745028349878]]
[[-0.152070489928723, -0.3019978582935531, 0.10319771204874087, -0.004882376343644456, 0.013926750249979919, 0.0053081068367907104]]	[[0.07321175565409578, -0.5714409563633374, 0.2036368092007944, 1.2084868693643351, -2.8991903345276255, -0.002394240054521159]]
[[-0.08030103926895345, -0.09448710505087568, -0.01004811198263364, -0.00037348815791766066, 0.010892978798804236, 0.0038742787862804987]]	[[0.07325281872666355, -0.5714163938679522, 0.2036143625789945, 1.2086611142883674, -2.8991194116278907, -0.002468309178025118]]
[[-0.35858945368236267, -0.5354708931725684, 0.2522834435898464, -0.003092985149161691, 0.020861922255478796, 0.011608838153869159]]	[[0.07323754112150929, -0.5714294323405459, 0.20363533731871106, 1.2086135785602388, -2.899151622324498, -0.002449110871008241]]
[[-0.19660239902372523, -0.4384273909347922, 0.01584717693372253, -0.008918010195096356, 0.018341678489857023, 0.008567889731214955]]	[[0.0732307362988604, -0.5714214053188909, 0.20361655806955872, 1.2086341980726063, -2.8991052590446813, -0.002489101320561335]]
[[0.1443560541363316, -0.08614294406578452, 0.008635452934114402, 0.002692057800975589, 0.012195149694467652, 0.002446965746931982]]	[[0.07323534125912301, -0.5714235851752074, 0.20361363990828038, 1.2085967822879844, -2.8991599310747116, -0.002505236677968452]]
[[-0.046023488866550416, -0.15164008725983139, 0.033093982202917246, -0.0024993127769951835, 0.010887929916540277, 0.0066238286850052374]]	[[0.0732538073819928, -0.5714258679648644, 0.20362528075718575, 1.2086518754256976, -2.899097209027175, -0.002468872057937534]]
[[-0.04602931714512583, -0.15163903159857578, 0.03309071332965415, -0.0024985158674551335, 0.010887821559038138, 0.006624307422792346]]	[[0.07322276182590504, -0.5714124557967254, 0.2036058342821152, 1.2085926235368678, -2.89914954458955, -0.0025440269301407886]]
[[-0.049551134572441036, -0.304402465521203, 0.14736229419566407, -0.0024130712370648384, 0.012142856182330254, 0.008493388244469519]]	[[0.07321089827865132, -0.5714197220837658, 0.20359048939213054, 1.2085576004651692, -2.899165006383033, -0.0025814612859016146]]
[[-0.20600360896512004, -0.2311839997559777, 0.030757681562088485, 8.948113551103185e-05, 0.017035515220559707, 0.009296948588207773]]	[[0.0732387720432566, -0.5714170232378016, 0.20361316771284105, 1.2086267177773533, -2.8991341783913613, -0.002487126280359556]]
[[-0.1770181338498681, -0.2045912174050344, -0.0504395913493193, -0.0010150779890082933, 0.016625238245234056, 0.011930050640967626]]	[[0.07323605955678573, -0.5714186371138799, 0.20360867946500347, 1.2085882322346433, -2.899190141927896, -0.002523464810206217]]
[[-0.2646600767326625, 0.08708910869444335, -0.03852919313713591, 0.001962496432927707, 0.01518847686360902, 0.008436983220410912]]	[[0.07323933481322367, -0.5714185843282736, 0.20361536443374872, 1.2086095218215778, -2.8991415990281113, -0.0025065885939905444]]
[[-0.38793921665201303, 0.13847984329426, -0.20483849132373144, 0.00553148016142636, 0.020406110535600257, 0.00627667825741225]]	[[0.0732151566254696, -0.5714187566651754, 0.20360411688423408, 1.208496367315123, -2.899163794357828, -0.002544468938096189]]
[[0.16420686180124222, -0.17865359650705198, 0.007136214140440763, -0.0006009392869260367, 0.008900561644335316, 0.0008744709582947741]]	[[0.07321888889101864, -0.5714341380319828, 0.20361648984248903, 1.2085832790751452, -2.8991784630499886, -0.0024859323983644427]]
[[-0.22699900017557692, -0.6186958203969914, 0.047685579638104846, -0.011892927900693106, 0.016327768176436424, 0.003113708584974108]]	[[0.07323617538454827, -0.5714292157996548, 0.2036197869692727, 1.2085572720213504, -2.8991624865117553, -0.0024676638573609988]]
[[0.10988697196422675, -0.25273498905704816, -0.025367550572413435, -0.0035930796154209554, 0.011444441550012042, 0.007991942156929369]]	[[0.07323617538454827, -0.5714292157996548, 0.2036197869692727, 1.2085738646000854, -2.899155579338539, -0.0024676693633222777]]
[[-0.08841635680477603, -0.0015638430389154495, 0.0912481755377698, 0.0031515796095626545, 0.014005299425662827, 0.007442194667312562]]	[[0.07323127144592956, -0.5714161352578206, 0.20360411213138968, 1.2085579913810025, -2.8991639128182145, -0.0025432561283819455]]
[[-0.035504751303461785, -0.016557668960305805, 0.0766762423412188, 0.0005573236877506474, 0.014603708879698923, 0.005028020865921535]]	[[0.07323000687230301, -0.5714249587360919, 0.20360001455361576, 1.2086356286149997, -2.8991579415329682, -0.0025428075406258707]]
[[-0.0625898272517597, -0.2367467297173158, 0.02086052946760159, -0.00593995103581707, 0.010400530088078131, -0.0006259494590044555]]	[[0.07323844825617297, -0.5714263400114826, 0.2036079841858091, 1.2086126502186034, -2.8991003984102943, -0.0024518935254040294]]
[[-0.35450100832118703, -0.48814987326200787, 0.10077517943706865, -0.006838303024345263, 0.017350606769493893, -0.001066106604161546]]	[[0.07323658495973169, -0.571430314809275, 0.20362866171250474, 1.2086264046431774, -2.8991336730858484, -0.0024684377234076614]]
[[0.006712418644703705, -0.2709790848540622, 0.006062019541396593, -0.0023649792186700453, 0.012557217574581007, 0.004092358666271473]]	[[0.07322691831876764, -0.5714235148752678, 0.20363368192873743, 1.2085917860261863, -2.899147717647042, -0.0024496310940344884]]
[[-0.30789286486644873, -0.3041480087776937, -0.0034827939892668135, -0.002843281040568914, 0.01856450186824811, 0.004793464322505007]]	[[0.07324843186370453, -0.5714238381684339, 0.20360815921412007, 1.2085921536721007, -2.899148800363671, -0.0025057289310464227]]
[[-0.6069395166648017, -0.658624559800541, 0.07699228771218423, -0.010512729457352618, 0.028661869276855233, 0.012616105645203456]]	[[0.07324879527545533, -0.5714247945522339, 0.20362409302661094, 1.2086265675325067, -2.8991339802120257, -0.0024862833763414547]]
[[-0.45784995773943166, -0.3590801541989031, 0.030631725221698627, -0.0050449783778854385, 0.02264528686913298, 0.0011043174862266955]]	[[0.07324565653845357, -0.5714354495234862, 0.20363562024673632, 1.208625906702158, -2.899132630732763, -0.0024129464235060644]]
[[-0.14239041811901357, -0.1385632680603247, -0.027333718717448354, -0.003023620049159329, 0.01600302872939532, 0.003935189556574388]]	[[0.07321603626967117, -0.5714110168142685, 0.2035742855084605, 1.208544670510088, -2.8991845644341496, -0.0026368793690934255]]
[[-0.16783156962027881, -0.5094709474371253, 0.09995274675609889, -0.013167034305186022, 0.016627679180307026, 0.006899829267785996]]	[[0.07323294937611383, -0.5714239779499545, 0.20362032850583234, 1.208535651473621, -2.8991590097573607, -0.0024876279845887656]]
[[-0.13967646985117577, -0.40985142809663977, 0.10533853987884097, -0.009517976366869036, 0.016089117830751638, 0.006190453795099248]]	[[0.07323157992015038, -0.5714203409680775, 0.20360869489488737, 1.2086051164010074, -2.8991309705539208, -0.0025258212897343152]]
[[-0.2247828403392977, -0.31524093318658164, 0.17425646925835137, -0.0032826843539661543, 0.014242683773084887, 0.0009876741788016137]]	[[0.0732215433444842, -0.5714193740817266, 0.20361299975770109, 1.2085270675331439, -2.899138051631631, -0.0025457294739006328]]
[[-0.06325348012091164, -0.25939615068673183, 0.011263806119372706, 0.0016236018966313609, 0.009079338127832896, 0.004791325406504817]]	[[0.0732289247447119, -0.5714220038203845, 0.20362581032404672, 1.2085495045928094, -2.899192477221908, -0.002485805586037587]]
[[-0.2644369942502216, -0.23005132609904863, 0.00901968203840305, -0.0023533521418828817, 0.01962531112612318, 0.0036323761408257617]]	[[0.0732289247447119, -0.5714220038203845, 0.20362581032404672, 1.2085495045928094, -2.899192477221908, -0.002485805586037587]]
[[-0.32892922024048654, -0.11863495290901736, 0.01571483337649579, 0.000557329646907391, 0.01853477747877032, 0.00782164009011217]]	[[0.07323120768178795, -0.5714281254269842, 0.2036185992019539, 1.2085839966889782, -2.8991781129083862, -0.002485067669524948]]
[[-0.02018802846471723, -0.023787233682759895, 0.04066481654139169, 0.0026976533165481934, 0.014230565151764664, -0.00365372672469468]]	[[0.07320762375136969, -0.5714334423549103, 0.20359829939196106, 1.2084834960027373, -2.8991820701616957, -0.002543884536368333]]
[[-0.06366663892630112, -0.18483155522487554, 0.06546619877028141, -0.006973683404887657, 0.012417253442279445, 0.005278823570747023]]	[[0.07323017309643776, -0.5714254217959737, 0.2035933425755332, 1.2085846028391143, -2.899179605351011, -0.0025614089555761072]]
[[0.2263222459063754, -0.4320373092462555, 0.021422136744573366, -0.005622702635572856, 0.00910224518307344, 0.002455865944786276]]	[[0.07323559234189284, -0.5714276521756847, 0.20362528194875862, 1.2085918585505926, -2.899148065739731, -0.0024675827672581098]]
[[-0.3185821863895315, -0.4277648178309677, -0.04366518578088808, -0.0062665234830836716, 0.014884403192135812, 0.0038587290850765573]]	[[0.0732505394886017, -0.5714294896655848, 0.203615311669484, 1.2085920941384105, -2.8991487639419864, -0.0025057319323474425]]
[[-0.27870732600422093, -0.37461456308084107, 0.13001651857863197, -0.002905151181446102, 0.018063028557259785, -9.462364182305804e-06]]	[[0.07323439050844247, -0.5714278766115424, 0.20361073950460148, 1.2085358867919656, -2.8991597137585075, -0.0025243031090986722]]
[[-0.2882427944070344, 0.04533571223789164, 0.18952547297749503, 0.005910069184146878, 0.015534171107854147, 0.003946780581895623]]	[[0.07323379456912586, -0.571429604301879, 0.2036264756381413, 1.2085480381057883, -2.8991400907253215, -0.002450066564378133]]
[[-0.5393492297731672, -0.43906217517713936, 0.16005911976157167, -0.0053111940112801955, 0.022708197768418564, -0.0017869319631129673]]	[[0.07322705409069646, -0.5714239498852035, 0.20359744742966904, 1.2085923545240944, -2.8991492688387956, -0.002525969739617194]]
[[-0.18398124017399814, -0.5845854986784174, 0.026784813704374917, -0.013226903815168915, 0.011779235184614099, 0.0033380434923674473]]	[[0.07322155613715504, -0.5714359025044529, 0.2036028821696631, 1.2085824583674787, -2.8991275093982942, -0.0025264446156555895]]
[[-0.0882642038904787, -0.4225007535215416, 0.05853406719370695, -0.00564499662719316, 0.013929467708475557, 0.0017902358216645437]]	[[0.07322155613715504, -0.5714359025044529, 0.2036028821696631, 1.2085824583674787, -2.8991275093982942, -0.0025264446156555895]]
[[-0.46787797865382863, -0.20745426336246472, 0.03701909620793146, 0.0022409570951736502, 0.02224397010295181, 0.01169412281429754]]	[[0.07323762178581836, -0.5714297346583801, 0.20360616747953003, 1.2085620972513833, -2.899174249361464, -0.00250513744608642]]
[[-0.11623100414825387, -0.3352062649826818, 0.19437129261255087, -0.00477397679282685, 0.013151961674322237, 0.003460943046178499]]	[[0.07323277072608926, -0.5714236037652014, 0.20359097204833165, 1.2086056491019797, -2.8991323965492954, -0.002600667897555467]]
[[-0.3350353823834415, -0.2726871616263383, 0.20116263315960442, -0.007153788308263727, 0.018223905047930096, -0.0008740236325774923]]	[[0.07324034984815778, -0.571428077646743, 0.20361860874480348, 1.208565607099443, -2.8991335863950836, -0.002487483483719417]]
[[-0.0048562182997129374, -0.12218947116151109, 0.11126464435239641, -0.0038111587912535135, 0.01157195076315697, 0.0011484475443658661]]	[[0.07322708832858894, -0.5714240572488284, 0.20362050256772413, 1.2085572325396279, -2.8991641255487575, -0.002542805100629239]]
[[-0.19398256909838002, -0.2829002822933778, 0.11183569010570894, -0.007143562074267605, 0.013897291411158313, 0.0034833301873886755]]	[[0.07322131366194164, -0.5714351646811664, 0.20363105029593842, 1.208581750346157, -2.899125679580025, -0.002432140586727749]]
[[-0.06732730388881131, -0.6650145165630597, 0.10938650448253003, -0.012719413220207974, 0.012094334722541658, 0.006243579616856809]]	[[0.07324145918498104, -0.5714276572629898, 0.20361860636121623, 1.2086392905577277, -2.899115818641937, -0.0024869034409821284]]
[[0.3752036521188937, -0.13977800146525132, 0.24204761794049573, 0.0008856408416725893, -0.001234956135289275, -0.0020288379166742898]]	[[0.07323262328955628, -0.5714319050713158, 0.20362317379791772, 1.2085319664005836, -2.899199354013859, -0.0024670888612558528]]
[[-0.12179846095905086, -0.31061878662813147, 0.22316270605442626, -0.0006532463346572226, 0.013737557028804798, 0.0030817016578452375]]	[[0.07325155750639055, -0.5714253283177816, 0.2036037872727267, 1.208584407455258, -2.8991791510391893, -0.0025419178313131393]]
[[-0.6287692760835784, -0.4617769035003123, 0.2394577570191611, -0.005171536819375237, 0.025697366527697746, 0.006764349699309535]]	[[0.07324186666830482, -0.571428750710217, 0.20362747516049506, 1.2085701533007482, -2.899144567959367, -0.0024877245466475005]]
[[-0.5515531980811014, -0.5564541327764639, 0.08914737563222537, -0.009715278738046, 0.024285060708041057, -0.0009909898532063344]]	[[0.0732338981243595, -0.5714231787160599, 0.20362049662336296, 1.2085745099495424, -2.899156914727312, -0.0025428929399216563]]
[[-0.21679794927674836, -0.21869919007795083, 0.1970943843480843, -0.0016958243396302418, 0.015755951235228056, -0.0008138464522534171]]	[[0.07324516156718913, -0.5714287371045368, 0.20359809588534092, 1.2085746518558054, -2.8991064893900855, -0.0026030117552503203]]
[[0.05602126576257638, -0.3567682458178718, 0.005754965003840272, -0.005986296014837264, 0.009814872151254279, -0.00508189681581959]]	[[0.07324219513204322, -0.5714296662455277, 0.2036141192012672, 1.2085704258129313, -2.8991453044600215, -0.0025251465915970845]]
[[-0.08020952656296174, -0.3587908472468144, 0.030742766774849637, -0.004667425410577742, 0.012586614929235714, -0.0018311837121472456]]	[[0.07323670209478982, -0.5714374382011302, 0.20361412879197913, 1.2085828207575027, -2.899126475535057, -0.002489841188373085]]
[[-0.026395055479200624, -0.2585533434691892, 0.18794967411802424, -0.0033483820683209544, 0.010744320834106154, 0.002900355595940837]]	[[0.07324909956739199, -0.5714289889475425, 0.20362866408200261, 1.2086218416501293, -2.899122625842544, -0.0024690183809777826]]
[[-0.1897093421282502, -0.3642348662987285, -0.03735167139296035, -0.004850234326169166, 0.017192442235352132, 0.00432621819986521]]	[[0.07322763256483834, -0.5714323086351785, 0.20360717647688678, 1.2085480590537863, -2.8991421924196694, -0.0025452268548126137]]
[[-0.10918278701034168, -0.19915978534380066, 0.23855343953443922, -0.001970248898115988, 0.010417690475326525, 5.578500009714047e-05]]	[[0.07321316227736363, -0.5714325323798778, 0.20360497975006248, 1.2085652244833611, -2.8991346984801636, -0.0025257952004362387]]
[[0.04645023572133811, -0.6254265683622933, -0.002237004693763321, -0.014197925991950945, 0.00991855142425618, 0.0014520547459217132]]	[[0.07323157992015038, -0.5714203409680775, 0.20360869489488737, 1.2086389926726695, -2.899116868148189, -0.002525832727406206]]
[[-0.21647255909885174, -0.3751560714523611, -0.027885076992697398, -0.0075087478524440325, 0.015740804797501957, -0.004699745660723533]]	[[0.07324425985322194, -0.5714228709581435, 0.20360578264804777, 1.2085442537728432, -2.8991308308806056, -0.0025450438466833427]]
[[0.0007091777418764267, -0.46954190713381594, 0.12682172372972272, -0.007857355645924038, 0.007253337075986185, 0.003143954837801571]]	[[0.07322923852927245, -0.5714299465580228, 0.20357687549997347, 1.208507005928887, -2.8991880061924613, -0.002675264367551348]]
[[-0.4486163577181375, -0.8332833595606403, -0.03665662729662719, -0.013630254428207951, 0.019841393554321008, -0.0015156240985642927]]	[[0.0732342717952029, -0.5714410690908397, 0.20363191340904718, 1.2084817342590903, -2.899128884461787, -0.0024511135012298814]]
[[-0.2306981624800855, -0.3342188253185535, 0.11880154378960868, -0.0016205611274807824, 0.019785663736696994, -0.0027214030873070278]]	[[0.07323349076369061, -0.5714356162295541, 0.20361075390883818, 1.2085557706165198, -2.899111934886107, -0.002490198762515441]]
[[-0.25446967987611635, -0.5275011783822026, 0.31108598273174515, -0.010141545374886965, 0.017237333390324978, -0.0031424214915128194]]	[[0.0732185429415125, -0.5714278548408099, 0.20360836414305894, 1.208513690196681, -2.8991568975432065, -0.0025623483605892623]]
[[0.13300802785748533, -0.5207978114139318, 0.0028387368401657045, -0.015827710254931935, 0.00713492421898974, -0.0011864977555734312]]	[[0.0732692331301255, -0.5714188554601992, 0.20361382231237624, 1.2086489832916554, -2.8991391369801023, -0.002560873702623743]]
[[-0.2913069721803813, -0.4613447199686217, 0.23103667466519484, -0.0022371931399758375, 0.01544228498771991, -0.004755558278177192]]	[[0.0732622797256697, -0.571429517475398, 0.20360169329115652, 1.2085832608115938, -2.899127453441384, -0.002545084981612348]]
[[0.020454812437469855, -0.3896485874450092, 0.41395181950732657, 0.0037457335047732503, -0.0006595484212735918, -0.0033062277454909573]]	[[0.07323413081003184, -0.5714217095944447, 0.20359525812731094, 1.2085696537591888, -2.899096124894528, -0.0026221495348449446]]
[[0.0895890439182948, -0.1036910173382545, 0.21257111435349882, 0.00286998934559049, -0.002884711279769092, -0.002153431368828694]]	[[0.07322708518490945, -0.5714288118713826, 0.20362390526039997, 1.2085604439857907, -2.8990718956492088, -0.0025478040684882054]]
[[-0.07936692421162458, -0.42636103909919876, 0.22027039559254336, -0.006015835088051674, 0.008029775805090256, -0.0029755690339308746]]	[[0.07323786065167509, -0.5714303578159645, 0.20362198731087874, 1.2085619528366205, -2.899173833234582, -0.0024864287677288594]]
[[-0.1404888979919523, -0.4798210471733575, 0.13806050314150417, -0.007989033641141051, 0.011447919515802405, -0.004026243194520511]]	[[0.07323532392850987, -0.5714247864398949, 0.20362033812498542, 1.208603869587351, -2.899078966578494, -0.002490060478884166]]
[[-0.20204291350984474, -0.35932487157708215, 0.18418501604128468, -0.003841212098915924, 0.014973388795946866, -0.007700507874507889]]	[[0.07322633026359288, -0.5714355374115695, 0.20363205701702353, 1.2085217770443677, -2.8991256106175722, -0.0024715852504499083]]
[[0.12177997469063187, -0.3890111571360696, 0.1719688666622352, -0.0017922387398764642, 0.002670527981394637, -0.014562082841408967]]	[[0.07324102644743342, -0.5714490335605792, 0.2036287915701886, 1.2085128631566417, -2.899155447829647, -0.002488700538135623]]
[[0.10680945978272444, -0.05493271509826009, 0.11457010215380854, 0.0033463492886095765, 0.006695710973117047, -0.011235039122743463]]	[[0.07323836446100948, -0.5714385508407045, 0.20360921862664405, 1.2085870736159663, -2.8991387621138363, -0.002543128489944189]]
[[-0.10064933019877137, -0.6216616723402377, 0.18397340865112458, -0.013342068275780324, 0.008591267695374903, -0.0045943744308785135]]	[[0.07322835976933764, -0.571437620148943, 0.20361294228352483, 1.208525893019657, -2.899137691739508, -0.00250915048767545]]
[[0.05089138249037685, -0.06333528294579509, 0.06592991323550716, 0.003228594948659595, 0.003977280145148203, -0.005995857053309576]]	[[0.07322816930755212, -0.5714215025726535, 0.2035873830986164, 1.2084707977493936, -2.899151028456241, -0.0026590381821179738]]
[[-0.2403083974016962, -0.2944096286231091, 0.05263222956496025, -0.004506072533829501, 0.014116587319321947, -0.009553142028663416]]	[[0.07324456977233915, -0.5714304746781312, 0.2036141288205266, 1.2085342510645551, -2.899108717602162, -0.0025275405512995334]]
[[-0.528643599990009, -0.4774686376489407, 0.06261957651625116, -0.0038184700348274465, 0.01857144032163882, -0.01682386010017868]]	[[0.07322953010579794, -0.5714284410986474, 0.20360955429973687, 1.2085337529060978, -2.899109383661557, -0.002545527259439605]]
[[-0.6680004745609527, -0.4062331572594131, 0.253006377560338, -0.0008424588894564589, 0.020716779876689444, -0.011430937078069787]]	[[0.07321790846179027, -0.5714329456748205, 0.20360599242221172, 1.2084506331770193, -2.8991573585496804, -0.0025651269682893754]]
[[-0.27166711859142434, -0.6497443829702305, 0.054539750837043634, -0.009217100558156105, 0.010999163545657172, -0.02716581793543529]]	[[0.07323295754503767, -0.571434274142246, 0.20360268221501607, 1.2085724131709221, -2.8991070430667056, -0.002584886619973141]]
[[-0.05985120820231116, -0.39760568158457654, 0.13752053197765782, -0.005056227013984127, 0.007405473666045675, -0.022470310387687903]]	[[0.0732381395493102, -0.5714223244604058, 0.20359782888046105, 1.2085294432599352, -2.8991518064260093, -0.002638293094614718]]
[[0.11150283834245445, -0.4317464473714848, -0.011864733884887967, -0.009133319969422246, 0.0020323672293470667, -0.03833415601832051]]	[[0.07323280198274555, -0.5714338551883525, 0.2036016981248881, 1.2084835816350006, -2.8991430878511317, -0.0025463133016030244]]
[[-0.19821132193397234, -0.27879251712407155, 0.15186490226477345, -0.0035025482278845336, 0.0080311020417898, -0.044072680243776176]]	[[0.07323329993204096, -0.5714318129298124, 0.20361511410542668, 1.2084876080116669, -2.8991546574976903, -0.0025647997280993603]]
[[-0.5380990133748078, -0.33543784609341487, 0.018546127363929223, -0.0014388588299831147, 0.014110593920471662, -0.03904555913340633]]	[[0.07324344912975402, -0.5714276080054074, 0.20360359937843872, 1.208462179628189, -2.8991401154859133, -0.0026034014199988608]]
[[-0.452254398381104, -0.3578737900190561, 0.0945517929347319, 0.00021196991164150036, 0.013726953409228405, -0.04675647451718378]]	[[0.07324939297509345, -0.5714400264636024, 0.2036331000065528, 1.2084666178700791, -2.899147251422693, -0.002431784775163336]]
[[-0.05093670074918248, -0.2764361464872034, 0.14168272707181878, 0.0005198076737468491, -0.0008506950978837834, -0.05349226377520052]]	[[0.07323791921102026, -0.5714285567670567, 0.2035892569341186, 1.2084334838364008, -2.8991649041738023, -0.0026016796311532234]]
[[-0.3963477708838789, -0.3280485476426689, 0.21925762589442535, 0.0007087179364197805, 0.005424202689808385, -0.051118703752153286]]	[[0.0732346998147163, -0.5714323429396471, 0.20360148868979788, 1.2084611397962937, -2.8991789292083316, -0.0026023806742968883]]
[[-0.3097796122286432, -0.06757848942349966, 0.2623383255978244, 0.006252219040909278, 0.004328284735388933, -0.05425743850478945]]	[[0.07322324759941191, -0.5714276126761892, 0.20359353352358672, 1.2084356150176077, -2.8991640630402666, -0.0026208101612762943]]
[[-0.17861049500481926, -0.45775252369668973, 0.07948162570550485, -0.0053828336442879494, 0.0014850616486896486, -0.05077588595572227]]	[[0.07323299179286888, -0.5714312413253938, 0.2035993181667795, 1.2084404182811952, -2.8991738626925456, -0.00258315963724891]]
[[-0.28799537528512875, -0.28790640490713654, 0.023129359286477077, -0.0030344589298005728, -0.0019526343342912197, -0.050131345270042885]]	[[0.07323636483519312, -0.5714316714696875, 0.20359932569304473, 1.2084608819517237, -2.899125315898937, -0.0025850273398000238]]
[[0.17564704391501057, -0.07029413350442859, 0.13558656534544244, 0.006666065305503826, -0.020451869249539928, -0.051106891377382856]]	[[0.07323000729939033, -0.5714341211077448, 0.2036014989318396, 1.208426003573476, -2.89913896134833, -0.002604923412316114]]
[[-0.8870674848109144, -0.6956974504982606, 0.1874146212878343, 0.0014775351161492069, -0.011258494470416243, -0.049985148001379834]]	[[0.07321965250375084, -0.571442372880386, 0.20362404740844586, 1.2083411689157408, -2.8991828414266734, -0.0024887642088728865]]
[[-0.7541690826729307, -0.37134097484266504, 0.19533898501187427, 0.009857847208184872, -0.02506930992642325, -0.05313580207285717]]	[[0.0732236989040959, -0.5714318860179304, 0.2036184250953772, 1.2083713073555629, -2.899104438879652, -0.0025498945414585824]]
[[-0.47074401354638, -0.6722790904947954, 0.35898417571604524, 0.003348194366715457, -0.031247625285604166, -0.05239293391668767]]	[[0.07324298867154405, -0.5714327465155951, 0.20362181568075322, 1.2084143368528646, -2.8990615449729127, -0.0025517856436088737]]
[[-0.6652633006120338, -0.3855494884718087, 0.42935564237350415, -0.003930063659677016, 0.005085526704167752, -0.046947057675851445]]	[[0.07322015407762829, -0.5714383745741496, 0.20359484363690217, 1.2083671047560216, -2.899047359112648, -0.002629065256051268]]
[[0.46317892358554036, 0.11077778209698697, 0.05245127830610519, -0.011480466116780592, 0.007689822904879717, -0.04633569988585115]]	[[0.0732062264225167, -0.5714396470613138, 0.2036015213333534, 1.20836752866544, -2.8990483513722363, -0.0026103131403868284]]
[[0.26659579184587834, 0.05758171043062768, 0.018859895512101314, -0.012825642418893852, -5.143634513703806e-05, -0.05069392357877368]]	[[0.07322558338978245, -0.5714332314381638, 0.2035892847109775, 1.2082992664565793, -2.899077251236202, -0.0026083397533479885]]
[[-1.067843857153104, -0.23531902823040746, 0.290002427730402, 0.0027261637541020605, -0.014611573535196697, -0.04670307995973244]]	[[0.07323078394134762, -0.5714368062072666, 0.20360270227244126, 1.208364116079379, -2.899089182625388, -0.0025896895042433836]]
[[-1.2558547002335065, -0.5338534895106624, 0.22863217886091106, 0.013863251957692762, -0.03874741217044345, -0.05166184662664423]]	[[0.0732420137239612, -0.5714354959246208, 0.20360172927424403, 1.2083891423665085, -2.899051722923205, -0.0025522570191303423]]
[[-0.7602353059599987, -0.5913880258026191, 0.3145665424138238, 0.007334164614438622, -0.03858737391158988, -0.05003948712223834]]	[[0.07322904946033841, -0.5714389766384115, 0.20361873808038053, 1.208337695855143, -2.899072298915716, -0.0025148458180706025]]
[[-0.14856774067602013, -0.2988911431636364, 0.3274171999699335, -0.009228840240265438, -0.01689547363634515, -0.0485562035548424]]	[[0.07322976272730386, -0.5714409577940305, 0.20360685550061508, 1.2083382409249017, -2.8990736702277298, -0.0025886608886982842]]
[[0.16116837125704123, 0.14182924942837283, 0.1222423055909468, -0.01079174053460698, 0.0017684682121746542, -0.04486222164070928]]	[[0.07323163392077982, -0.5714512270088994, 0.20363440320362197, 1.2083726815414682, -2.8991083029421, -0.0024368381058011814]]
[[0.47674128046786646, 0.016853258044166597, 0.14742958819609145, -0.01586033565863745, -0.020563835606254882, -0.049290504927065215]]	[[0.07322254956445913, -0.5714440301505476, 0.203615937596767, 1.2083506215879856, -2.899054652684981, -0.002532766546817366]]
[[-0.7729253168672676, -0.4970285188771638, 0.22792289897974197, -0.002972230346455775, -0.02632943618063633, -0.05028074623302433]]	[[0.07322655330847029, -0.5714323023864212, 0.20360362208201863, 1.2083731495553942, -2.899059877414794, -0.0026088693328006874]]
[[-0.670498420400722, -0.7321888822484065, 0.13696343927189253, 0.008232515745318709, -0.06127945227788226, -0.049727981007195256]]	[[0.07320855403581807, -0.5714422726447059, 0.20359109794118344, 1.2083209706537419, -2.8990828420367607, -0.0026639023592413364]]
[[-0.7487052680324284, -0.7471241605728239, 0.1486674800905652, 0.004933971352978, -0.040992188268581406, -0.0419788531549358]]	[[0.0732274469439204, -0.5714380771209565, 0.20360271590655182, 1.2083158611845495, -2.8990704172131863, -0.002591393134406913]]
[[-0.30095184653210433, -0.16888160738156183, 0.10760100694322854, 0.0022427366500774072, -0.022819027192607623, -0.04710735350464395]]	[[0.07323367386823605, -0.57143563508405, 0.20360820507145272, 1.2084022905038612, -2.8990344035048325, -0.002591416327194493]]
[[-0.21195781073683212, 3.434147559952527e-05, 0.18487376896373736, -0.0050593690243263744, -0.0041887062203331575, -0.044000202272216536]]	[[0.07324293461639877, -0.5714447389203904, 0.20359807890385054, 1.2083984515719157, -2.8990234456856334, -0.002609311514745762]]
[[-0.3152948575677167, -0.18112751667510563, 0.2584209626623978, -0.011039971739947795, -0.009262824534851229, -0.0459493182017524]]	[[0.07322158004303995, -0.571438072043606, 0.20360939135179315, 1.2083555371377663, -2.899066407790065, -0.0025721106814461433]]
[[-0.4360027897508749, -0.07700881403570495, 0.17809876600553867, 0.0005086008931459163, -0.027239857186666265, -0.046474720591323265]]	[[0.07324121416241193, -0.5714454266309258, 0.2036286445531535, 1.2084503694760647, -2.899051063654731, -0.002474717365355796]]
[[-0.6350424881277417, -0.3636377143535773, 0.202571373874283, 0.0062263566170005, -0.036635548466385184, -0.03968510828296546]]	[[0.07325484726386274, -0.5714403795174929, 0.2036181063029727, 1.2084202598114726, -2.8990781204106595, -0.0025500395194124714]]
[[-0.43674319148178264, -0.45391267344928693, 0.16626021743631453, 0.003816905394445992, -0.03345283089880589, -0.041770584809289774]]	[[0.07322139146391225, -0.5714463484877264, 0.20360495481897645, 1.208386244790829, -2.899092026243809, -0.0025302580191147437]]
[[-0.17762302561485066, -0.07730701195595041, 0.03345121412294937, 0.0009684299820304255, -0.01928660550399466, -0.0407182081437609]]	[[0.07325062974363998, -0.5714481927931097, 0.20361172613496975, 1.2084027628742515, -2.8990850414556886, -0.0025317088049773076]]
[[0.5480012520606751, -0.04489299444244904, -0.03967331352855371, -0.007573849789096765, -0.020445340280829272, -0.04678544200796524]]	[[0.07323874015699011, -0.5714491674699996, 0.2036171959991785, 1.2083851125906768, -2.899040257924442, -0.0025346247166467308]]
[[-0.20514339590509498, -0.11119060015410989, 0.039084399068367366, -0.0031011323500255636, -0.011732321682552867, -0.04307433325477061]]	[[0.07323168998260826, -0.5714425443053642, 0.20359469142977793, 1.2084295955938085, -2.8990497711793823, -0.002606674406266818]]
[[-0.8937749377855759, -0.5018851077507759, 0.21266755179838848, -0.00023465173463335307, -0.018556843800912638, -0.04358898983824585]]	[[0.07324246480295887, -0.5714455251285764, 0.20358590453174794, 1.208438777739861, -2.899072171191723, -0.0026249150065547613]]
[[-0.8120006735731473, -0.461085989436278, 0.1845119386778869, 0.012239563539843375, -0.033762479288293235, -0.044875291605685395]]	[[0.07322683539366907, -0.5714452364980417, 0.20359708441047317, 1.2083812929906836, -2.8990819901211475, -0.0025683614677963905]]
[[-0.9812270696072868, -0.5417756048567244, 0.29152433757026636, 0.00965817146518784, -0.024670423735337316, -0.04378471702066318]]	[[0.07322546577200166, -0.5714294375092625, 0.20358569183867675, 1.208390194843398, -2.8990540462873167, -0.0026642578872896356]]
[[-0.024036486467850775, -0.05115849117209703, 0.1357110154491326, 0.010971024572419061, -0.031685165723529196, -0.044006670248136]]	[[0.07326130658609564, -0.5714610759438898, 0.2036061740558677, 1.2084333117496655, -2.8990593550211767, -0.0025316577626841035]]
[[-0.3719150441421277, -0.12989593393630394, 0.0924948163398209, 0.0024548304439132116, -0.014182161267700666, -0.04199607318821516]]	[[0.07324597861810317, -0.5714425457029008, 0.20361142732071574, 1.2084120012814554, -2.8990561927417122, -0.002570061558181583]]
[[-0.5789555265679325, -0.1536170390578867, 0.23426316042773096, 2.428174341725063e-05, -0.01250515270799338, -0.040606387005478674]]	[[0.07324244091169838, -0.5714488047641108, 0.2036038318826357, 1.2084158036579755, -2.8990675657243288, -0.002570221346092064]]
[[-0.8895575525153658, -0.1355232363428991, 0.3410234367666919, 0.00585441967105681, -0.013740992782056802, -0.03990125926445918]]	[[0.07324472697633096, -0.5714392236335998, 0.20360017473067354, 1.2083597750010675, -2.899078768947257, -0.002606711315580473]]
[[-0.5054624350614516, -0.44726906759405377, 0.2277457543620985, 0.0023513933167946255, -0.02936153704948736, -0.04007998879053815]]	[[0.0732080662712937, -0.571449680258018, 0.20360714563691512, 1.2082820009364232, -2.8991358463342842, -0.0025497991609783163]]
[[-0.4660623667186979, -0.28251073814327565, 0.10597603964524728, 0.0026333139951693844, -0.023823978295236553, -0.03943790526747764]]	[[0.07325429973257849, -0.5714424279216668, 0.2035768453929807, 1.2084512574548132, -2.8990552577916118, -0.002681722128799437]]
[[0.07213586523407092, 0.0942621813453797, 0.07288037298484208, 0.0019962852511074564, -0.02290964722391154, -0.0457716878454957]]	[[0.07321885941977563, -0.5714429884701533, 0.20360808675462777, 1.2083128972305979, -2.8991104388006526, -0.002568536736979937]]
[[0.05773623598320487, -0.058524125957988775, 0.055854751287112266, -0.00497023288634032, -0.018831040067464524, -0.04101901560786911]]	[[0.07320515393774732, -0.5714465956219478, 0.20362289059084232, 1.2082836183637164, -2.8990434228363187, -0.002515123338507724]]
[[-0.31342589510122054, -0.3519263172250496, 0.1674732552946796, -0.011254040351617069, -0.017273422819626058, -0.03976512191925388]]	[[0.0732241412635981, -0.5714414244990684, 0.20360690044367616, 1.2083423752296736, -2.8990856466411628, -0.002587849847077616]]
[[-0.5001272313342996, -0.2878858584846051, 0.10542428061797218, -0.001941446012910443, -0.023439142985096948, -0.04577696648985582]]	[[0.07323462262740017, -0.5714469973176648, 0.2036081323468228, 1.2083821112918973, -2.899081992034009, -0.0025889339008078956]]
[[-0.015704020303959426, 0.2230853155045244, 0.14691568235455624, 0.01851910136218718, -0.042436223160049844, -0.04324847585724361]]	[[0.0732478637270559, -0.571433986314675, 0.20361753045931136, 1.2084645509198382, -2.899085166766615, -0.002530617310529666]]
[[-0.5121975322841853, -0.08012358525736885, 0.09102989182535114, 0.00696448211772154, -0.03273478465497704, -0.03698790996711839]]	[[0.0732351877078795, -0.5714431923149125, 0.203581156315994, 1.2083639454346768, -2.899039882028478, -0.0027028643157479605]]
[[-0.2417622630396174, -0.13723815321489308, 0.25723720409866907, 0.002027882726295855, -0.029715693400563157, -0.045985226780702236]]	[[0.07324093363392291, -0.5714393902059421, 0.20359899371696738, 1.2084152421152046, -2.899016852244713, -0.0026272808402416476]]
[[-0.6887809092878234, 0.02853164864696811, 0.17412521527720412, 0.0051928070211420705, -0.01210224197811078, -0.036658014427823724]]	[[0.07324545656131512, -0.571441215675691, 0.20359566968885803, 1.2084125913003423, -2.8990576075562866, -0.0026452786818933105]]
[[-0.4879110873324706, 0.00828579384852876, 0.1726814901496215, 0.00698174965487627, -0.019712595061201085, -0.0419451667064986]]	[[0.0732268406924133, -0.5714418210056033, 0.20363053477967508, 1.2083510327512126, -2.8991065571578063, -0.0025307031413138274]]
[[-0.807365857057725, 0.1183865452167529, 0.12886422598149258, 0.012241916094433338, -0.015614220896310935, -0.04090798124025643]]	[[0.07322927754804404, -0.5714429837476702, 0.2036014223882358, 1.2083337626065542, -2.899062900946639, -0.0025889690925395823]]
[[-0.04696264433562969, -0.36553921787988086, 0.23247253379603422, -0.002219779889218069, -0.03589741522116831, -0.04260042472652653]]	[[0.07320189848887143, -0.5714502523103152, 0.2036126775904738, 1.2083102629349352, -2.899059020350178, -0.00255295248668447]]
[[-0.1275682668443763, 0.12058405759294717, 0.22230522556031831, 0.007882282920707234, -0.030590231886707106, -0.03744629523362488]]	[[0.07323779926154875, -0.5714554271852867, 0.20363264294562763, 1.2083978825012818, -2.8990732675046464, -0.0024936119058672377]]
[[-0.3491516296313173, 0.09289821934006048, 0.48040553412984516, 0.009188887129170731, -0.02464032040548093, -0.03639852597870136]]	[[0.07322985137009666, -0.5714445405261667, 0.20360361919537248, 1.208350489190677, -2.899056329011365, -0.0026084371501760395]]
[[-0.5350015579540346, -0.5706423359066034, 0.1828436720757998, -0.01726300957009063, -0.008221501021196502, -0.0272531599982063]]	[[0.07325923084445507, -0.5714554756210385, 0.20363602879336706, 1.2084330965264483, -2.8990585354297314, -0.002494333758154316]]
[[-0.04007552109779275, -0.23803361345228136, 0.1354931581154666, -0.006638959663972032, -0.027466091537727673, -0.04486793749083214]]	[[0.07321335664851118, -0.571448139091351, 0.2036059891164358, 1.2083460472571348, -2.899096669910836, -0.0025692203364354534]]
[[-0.308208408926678, 0.023018631830613284, 0.20701271021221454, 0.0013812666137023241, -0.029121910523226803, -0.03813863066147766]]	[[0.07323350243874466, -0.5714406314239358, 0.20359354519100073, 1.2083869936906004, -2.899093712487634, -0.002623973059445525]]
[[-0.46283231797050084, -0.10789820368317674, 0.18645303106922906, 0.004976401768577868, -0.02600657028176972, -0.03806407990509183]]	[[0.07325771692768916, -0.5714514160879601, 0.203623410371496, 1.2084331334517286, -2.8990585941075016, -0.0024939555395892647]]
[[-0.6887638520124388, -0.05572116793034365, 0.25089115030464376, 0.007428823083347073, -0.020415208159207297, -0.03432112963425804]]	[[0.07324094737025202, -0.5714481588316729, 0.20363223328582858, 1.20837641166197, -2.8990701024071663, -0.0025319890048813467]]
[[-0.5076245472940477, -0.03509749267038223, 0.3102746367104802, 0.005953497696147669, -0.024015652894800156, -0.04127026572572221]]	[[0.07324547341476631, -0.5714412606054972, 0.2035957232831509, 1.2084125886569954, -2.899057602314686, -0.002644998028399755]]
[[-0.6332671465638673, -0.028419089486178106, 0.3722369269738569, 0.005539261123679074, -0.022981871960187684, -0.04225826731078164]]	[[0.0732179709654623, -0.5714509811339591, 0.20359483740204964, 1.2083858583042502, -2.8990420830943395, -0.0026279407747441135]]
[[-0.8312718918829293, -0.359534300799225, 0.33814970184426235, 0.0003979807665200775, -0.017883692675198196, -0.03556047159627537]]	[[0.0732407632900805, -0.5714477010337333, 0.20360937733275047, 1.2084292477968437, -2.8990490367909576, -0.002570551329422019]]
[[-0.5923106830199315, -0.8680778636210289, 0.26317512129021176, -0.008337474088280486, -0.01913853488383001, -0.03380174030892834]]	[[0.07322851853249934, -0.5714566422718728, 0.20361001143205276, 1.2083550280343116, -2.899065710816814, -0.002532820461363974]]
[[-0.15499604288622443, -0.12835025447572013, 0.07384849743784373, 0.009957526946733252, -0.0280302288745468, -0.036621896866881894]]	[[0.07322508095203473, -0.5714529179131831, 0.20359973261752215, 1.2083387573060491, -2.899126284398911, -0.0026056052046911217]]
[[-0.15218640742142137, -0.3351272474227451, 0.17687664536668884, 0.0017255499718221903, -0.02364732494642755, -0.03758374392967969]]	[[0.07322791691590755, -0.5714584418396277, 0.20362693284351535, 1.2083326451924028, -2.8990624290140294, -0.0025525054480592295]]
[[-0.014036832537248176, 0.1488388218046365, 0.14114036795973878, 0.010836186104976102, -0.02943357066329961, -0.034839855356824025]]	[[0.07322412246543282, -0.5714449413136223, 0.20361125512488304, 1.2083558908902565, -2.899067381051211, -0.0026274992064908138]]
[[-0.07131899327127673, -0.21645533234075706, 0.03377409334339091, -0.005244104180733774, -0.020519708223835885, -0.035680005577013736]]	[[0.0732636640064556, -0.5714482583630796, 0.20362096114016998, 1.208467319605639, -2.8990451623479756, -0.0025319391254533543]]
[[-0.20469847736699232, 0.13251732738624786, -0.10132087801516458, 0.002524636716195336, -0.021960294446195305, -0.03821659303789415]]	[[0.07325666097364664, -0.5714486551327392, 0.20359837227005345, 1.208381198100646, -2.899081937546031, -0.0025697101802718055]]
[[-0.6786302239256039, -0.3632596734973399, 0.15941504296194928, -0.00713048392109123, -0.012143114537670929, -0.03302239267597044]]	[[0.07323679100992668, -0.5714473705531984, 0.2036148267844912, 1.2084154445784268, -2.8990155313936965, -0.002572570369695789]]
[[-0.5979065845018567, -0.4147931364228652, 0.3388679159063081, -0.004362966282278883, -0.01728915480326407, -0.038951145712448426]]	[[0.07322085019704447, -0.5714483974460108, 0.20360833874821221, 1.2083300151300809, -2.8991048748770107, -0.0026442340829572007]]
[[-0.6049540262518747, -0.2089284189505442, 0.12988388987494623, -0.006307063471923432, -0.019583986688558097, -0.03674218615625836]]	[[0.07323537525711588, -0.5714435909326485, 0.20361025222360873, 1.2083810571874531, -2.8990302601741225, -0.002590516454205839]]
[[-0.6612341766337106, 0.10749960895961791, 0.12006866926750648, 0.002584141775061534, -0.01662455681025874, -0.0419336506863547]]	[[0.0732401167237757, -0.5714494284976095, 0.20362509022598574, 1.2083893621638884, -2.899050557483577, -0.002496133485539916]]
[[-0.3144162887730988, -0.023107031562193348, -0.013190630036622509, -0.001426156000607002, -0.02504594105115627, -0.037707092267483054]]	[[0.07322860754123112, -0.5714466465061622, 0.20361501436153173, 1.2084042440645482, -2.8990864425789886, -0.0026249358676346222]]
[[-0.21583638513943418, 0.23472026763369697, 0.18130988134078532, 0.011624813993677345, -0.029119476275801887, -0.037012047858298314]]	[[0.07323049456823351, -0.5714462317645611, 0.20362028969830653, 1.2084027389347007, -2.899033733967206, -0.0025723507074115735]]
[[-0.3054350202651734, -0.1379932648927038, 0.3118348730703644, 0.006818695615682399, -0.033873239783077956, -0.035601530153822045]]	[[0.07326923409339735, -0.5714447255042376, 0.20360147569931933, 1.2084757186094661, -2.898965371230873, -0.0026111476223908132]]
[[-0.2312153963196772, 0.09635456247414728, 0.4163777463430407, 0.012607536784273028, -0.032922531577842924, -0.040014772240418224]]	[[0.07324757506144752, -0.5714332979439901, 0.2036099602063004, 1.2084472929618466, -2.8990943259914306, -0.0026229521755441088]]
[[-0.1114701837679623, 0.008447063788244995, 0.20558739420664277, 0.005618416337913606, -0.02593783862621394, -0.038602211620703736]]	[[0.07323415546073411, -0.5714560122255649, 0.2036247359082204, 1.208402328036968, -2.8990330153426256, -0.0025330596329571032]]
[[-0.43740599871358027, -0.3834667729720652, 0.11621102382614971, -0.007357202193641626, -0.016331607693934293, -0.035712133471105065]]	[[0.0732254918738879, -0.5714485781697478, 0.2036228890549063, 1.2084412858018796, -2.899030964263376, -0.002589367196231773]]
[[-0.17193296373622705, 0.13025975549663896, -0.022544457624224516, 0.005063844924144701, -0.021165657409537693, -0.040706478301794004]]	[[0.0732514587779376, -0.5714571878362271, 0.20362930538918989, 1.2083768447407965, -2.899069492182923, -0.002513826008594711]]
[[-0.3513577230965752, 0.28589696205083376, 0.10709343271633374, 0.009301126479367115, -0.01723037028431821, -0.038052046647888305]]	[[0.07320822790393477, -0.5714413631689281, 0.2036044599576674, 1.2083552629395196, -2.899067721008049, -0.00262640307551351]]
[[-0.4067325678072374, 0.06679791773134894, 0.011511954418755525, 0.0037143055022041647, -0.017192378971629126, -0.037134096463074015]]	[[0.0732625118959034, -0.5714384320265092, 0.20361023683628388, 1.2085294854999213, -2.8990463679475185, -0.00258688720224756]]
[[-0.34555097716010413, -0.26860491707908246, 0.0803788647208463, -0.002081143464594303, -0.021219031220176064, -0.03418446413578834]]	[[0.07322554429803727, -0.5714451703750806, 0.20361143326500347, 1.208376764629849, -2.8990709199726186, -0.002569996421630981]]
[[-0.2240122045288341, -0.09259103916065548, 0.10709938017597662, -0.0010554930591211622, -0.02412983674189525, -0.0404257861067026]]	[[0.07324630907308716, -0.5714434664295012, 0.20359807703902658, 1.208428866721314, -2.8990500184398864, -0.0026073953320698466]]
[[-0.5351442488845057, -0.4761947360671754, 0.043752560666350325, -0.00576533442103474, -0.011612250193634857, -0.033630510023489886]]	[[0.07323816773163129, -0.5714443068341364, 0.20361244394647293, 1.2084248530704313, -2.8990382331775817, -0.0026087880673203038]]
[[-0.24760101137581653, -0.0672543981285997, 0.2210340147277183, 0.009043943116107718, -0.03112687872297532, -0.03185173436269768]]	[[0.07324037020512336, -0.5714534671078095, 0.20363699407446006, 1.2084363265030122, -2.8990172096460363, -0.002457841741146423]]
[[-0.6809841521439683, -0.14890248121079058, 0.14548556979629332, -0.0016992606440199539, -0.012308535656889032, -0.028585127197917053]]	[[0.0732502072835714, -0.5714538661577873, 0.2036180524338537, 1.2083937528932174, -2.8990632948931787, -0.002550504440500071]]
[[-0.7658645962830254, -0.3504046007747866, 0.14365270495734697, -0.002397103540077339, -0.01437154230350994, -0.032012444841299476]]	[[0.07323856866997246, -0.5714418158687193, 0.20361687485270213, 1.2083767709692792, -2.899070858519924, -0.0025701558059711806]]
[[-0.7411725056581757, -0.0836687079175667, 0.2462148229899254, 0.005238051069220208, -0.014106369004661348, -0.03798188624702588]]	[[0.07325241118876555, -0.571452985966903, 0.20361799971496136, 1.2084208247536081, -2.899077843236792, -0.002549494927373306]]
[[-0.8446309704875078, -0.41605560944308784, 0.25355037802903213, -0.003722268013302065, -0.0077888167757045705, -0.03416320429259455]]	[[0.07323431631878122, -0.5714530665126781, 0.2036142881269859, 1.208372483478041, -2.8990588152345373, -0.002551899502184779]]
[[-0.34694818274003636, -0.1268151840706283, 0.11372571507416747, -0.001448676474607443, -0.019070602147078647, -0.03770960061121995]]	[[0.07323185487551216, -0.5714533597385099, 0.20359994846656948, 1.2083988202292437, -2.89902445313187, -0.0026646361132831443]]
[[-0.4149510216648532, -0.1506442164084122, 0.13378097462717417, -0.004985391915709822, -0.012796618583751352, -0.03631156529842643]]	[[0.07326252799589278, -0.571448659713986, 0.2035916966060235, 1.2084811722158915, -2.8990278224499164, -0.002589050907425148]]
[[-0.025042127153020538, -0.16016652904592027, 0.07540165113197105, -0.006862473549285847, -0.02270055777544755, -0.03963332788161282]]	[[0.07326535787675487, -0.5714494741296386, 0.20360894377374117, 1.2084378513307383, -2.8990719431061422, -0.0026056068807984016]]
[[0.2931862120628842, 0.15425390699253855, 0.06370247183910857, 0.0032542434858276147, -0.02963361485687426, -0.03588677100879765]]	[[0.07324286671448395, -0.5714533923283334, 0.20360227060911334, 1.2084116329484784, -2.8990575316128653, -0.0026255559308668826]]
[[-0.2535949823558334, -0.12540002283594376, 0.5335752881778749, 0.0025071378996494136, -0.02438847927839757, -0.030602310359562478]]	[[0.07325002829126294, -0.571453369017972, 0.2036246830291799, 1.2084281844797826, -2.8990485439793483, -0.0025319956922053234]]
[[0.12347203427319609, 0.008297648765796355, 0.14648893874419402, 0.0007445073255011071, -0.022492161136967788, -0.03605684695514666]]	[[0.07325641607494596, -0.5714479809049878, 0.20361972460890174, 1.2084854600940884, -2.8990380396972704, -0.0025508589924537746]]
[[-0.2406011977668825, -0.14578363844549574, 0.1790853335884983, -0.0038732102722581867, -0.012756104881829084, -0.032307506979202906]]	[[0.07324179346972971, -0.571443655655929, 0.20361256941167213, 1.208403664829611, -2.89908509472344, -0.0025502467747441577]]
[[-0.09814385409539787, -0.056473796348845126, 0.12452433246180378, -0.001289871575782836, -0.02103524892142661, -0.04065666525780257]]	[[0.0732615913104409, -0.5714461140605936, 0.20361047089359402, 1.2085154889963612, -2.8990126817412394, -0.0025522071436849623]]
[[-0.289675268820837, -0.018002733223893286, 0.26086580023003614, 0.0007116912672956322, -0.01784007518977556, -0.03978561900396593]]	[[0.07326953301872594, -0.5714530440508213, 0.20361369419596181, 1.208516838359812, -2.899063265513359, -0.00252958481545866]]
[[-0.6432942872932328, -0.25328184139236376, 0.24578069388367196, -0.0002690103642324429, -0.012091523903841925, -0.03400248163859388]]	[[0.07324212963545317, -0.5714472733002192, 0.20360280174576917, 1.2083825168183993, -2.8990829841183996, -0.0026443987518332546]]
[[-0.34560624675831253, -0.06801402832551032, 0.16414552813253752, 0.0011908542601059835, -0.018287803897819706, -0.038083154963785414]]	[[0.07326905619566831, -0.571449737493469, 0.2036154293535981, 1.2084593992606485, -2.899022134432277, -0.0025333386816188182]]
[[-0.3255075017869486, -0.33957366553946083, 0.20409252432914218, -0.006352534456863202, -0.013396416873444972, -0.03420762034363623]]	[[0.07323418123358834, -0.5714519026626974, 0.20364260969333747, 1.2083728979939448, -2.8990576911144914, -0.002513172748567801]]
[[-0.06075431811008737, -0.2767714406500698, 0.03978847106823106, -0.012897889374865575, -0.012927339079713, -0.032311576270154956]]	[[0.07325800090119222, -0.5714426649108674, 0.20362024204603624, 1.2084545602977426, -2.8990120833853164, -0.0025725001895961926]]
[[-0.3785267128687278, -0.4064866867151386, 0.25866381475330374, -0.013682859407051027, -0.004626352271158963, -0.03621034869620096]]	[[0.07325997636853628, -0.5714438009258074, 0.20361477398024425, 1.2084597764028975, -2.8990228302676337, -0.002571522853352976]]
[[-0.4748543640503478, 0.07912337940937456, 0.35304161873370127, -0.005814706907650414, -0.0016239578611666056, -0.024467422231919084]]	[[0.0732419474332298, -0.5714521612487474, 0.20360776861853294, 1.2084089956682735, -2.899045181647226, -0.0026260885404511616]]
[[0.060658248636208875, 0.24973215395305626, 0.15855214744388327, -0.003116993242594095, -0.008785018764805926, -0.033656030192192994]]	[[0.07326395370737253, -0.5714570758575673, 0.20361591230859208, 1.2084556264904305, -2.899011178595535, -0.002552573887722829]]
[[-0.12007281842241167, 0.27809683808426805, 0.1279849128036737, -0.004586504738862776, -0.0011590355951953592, -0.029700987079017475]]	[[0.07325259706439476, -0.5714484115962589, 0.2036185282610941, 1.2084872932244826, -2.898985541934316, -0.002572290047819143]]
[[-0.6238396155800526, -0.03506945589969074, 0.2072093906561268, -0.012525021672525154, 0.018958920577826475, -0.025571614226700873]]	[[0.0732680413455866, -0.5714535894450409, 0.2035991597179446, 1.208423827299568, -2.8990774141044877, -0.002586792182054973]]
[[0.13411752602989674, 0.4420505588450624, -0.003562293806247219, -0.005795369010794478, 0.0037498853233602857, -0.03450409393586578]]	[[0.07326978561151265, -0.5714451004553748, 0.20360280859592658, 1.2084835220640457, -2.8990255863015353, -0.0025323403824691485]]
[[0.7409378227634613, 0.5359370562802017, -0.0051197279422637056, -0.006718838261138657, -0.005596058775223629, -0.034383069497448696]]	[[0.07329691776134699, -0.5714440414604028, 0.20362759688880858, 1.208566405632712, -2.8989770588577226, -0.002514613460931411]]
[[0.5046835932776745, 0.3823998330833616, -0.01644489987429444, -0.007733825692865287, 0.0030436599307825836, -0.035409300639418655]]	[[0.07329602209498741, -0.5714389974504603, 0.20360829363711447, 1.2086060671187857, -2.8989768309036554, -0.0026449790665068057]]
[[0.5169830206738159, 0.20599110986838096, 0.12945838682268057, -0.013795053344561155, 0.009565698355202951, -0.03764800919486042]]	[[0.07330568381494701, -0.5714430989781553, 0.20359969000460115, 1.2085577153095604, -2.899009081584927, -0.0026069181323872264]]
[[0.3373463709680291, -0.16768266496439121, 0.06439160384743578, -0.01986356120963864, 0.0181404562765279, -0.029917195035841653]]	[[0.07328988758892777, -0.571446695706144, 0.20361562972229857, 1.2084950664070544, -2.899008382903253, -0.0025886951971553418]]
[[0.060292651475207557, -0.11589710342011403, 0.19115140412022305, -0.011694057902992541, 0.02931106139819499, -0.035000592128566266]]	[[0.07332470345824901, -0.5714469613077079, 0.20360584234532636, 1.208595365931571, -2.8989532576156503, -0.0025705535853188044]]
[[0.0755820504643914, -0.4343224998356505, 0.16638746569375473, -0.0025963927250281637, 0.023777604659629005, -0.032386786519131495]]	[[0.07331260442189161, -0.5714352827280135, 0.20358348957235306, 1.2085941594759153, -2.8989559220568335, -0.002664867149732424]]
[[0.06056961008723316, -0.5660974770831466, -0.057255458539492224, 0.010039765974973722, 0.020559149927356128, -0.0379209387165806]]	[[0.07332528544031605, -0.5714459274018802, 0.20359797860427237, 1.2086161072027348, -2.8989583530616105, -0.0026072879761618118]]
[[-0.0030429336658427397, -0.6990742836757764, 0.017612819844312202, 0.013187115936082277, 0.019919726998801762, -0.035221390655549474]]	[[0.07332816487547371, -0.5714432761098379, 0.20361800565932234, 1.2086129318753616, -2.8989976413524863, -0.00254932399274239]]
[[0.06561235989226905, -0.6277627276102589, 0.033698456219181466, 0.0032970970281344294, 0.029911013736591427, -0.03782629269235887]]	[[0.07332991560816546, -0.5714451402422193, 0.2036258856764852, 1.2086422460027244, -2.8989195420730667, -0.00251493815517785]]
[[-0.018518331261741794, -0.46553513067610197, 0.27761960426541793, -0.003004958306770465, 0.0427318031371658, -0.04734368454099314]]	[[0.07332124994624778, -0.571447251186716, 0.20361370767633563, 1.2086600640268599, -2.8989647525983653, -0.0025312478560367744]]
[[-0.11120818071679225, -0.29421653236054834, 0.05264074094889329, -0.009189172694066723, 0.04494984018692654, -0.0333286224948765]]	[[0.07331418700226636, -0.5714395252650913, 0.20358139171744422, 1.2086120912054845, -2.89894846308953, -0.002665530167071812]]
[[-0.024198933825834767, -0.447248418268962, -0.021113111200030663, -0.0002048434412080559, 0.03478686299475724, -0.0407970530266554]]	[[0.0733393053133077, -0.5714416928936656, 0.20361011984424587, 1.2086552738334972, -2.898954992133396, -0.0025883138655334787]]
[[-0.29143561436755905, -0.33599217815828675, 0.2345259395921406, 0.01552141066371392, 0.03742562459587745, -0.03786997579307506]]	[[0.07331826857667477, -0.5714366502020451, 0.20361596106535293, 1.2086116508557023, -2.8989982713531517, -0.0025508326998750384]]
[[-0.410910057570156, -0.7927250685646993, 0.28000382101887494, 0.012032157083009995, 0.037832573987966585, -0.04124002257256467]]	[[0.0733267600571824, -0.5714341593173469, 0.2035913624371153, 1.208612515376033, -2.8989474104147797, -0.0026273301672514173]]
[[-0.05660870905102097, -0.5170592901155642, 0.011851509007501647, 0.006217765653691181, 0.03294205900310131, -0.033874351465331964]]	[[0.07332214519509091, -0.5714374773210086, 0.20360929063075683, 1.2086511843444818, -2.8989429792243717, -0.0025713772534503524]]
[[-0.14863019802215086, -0.5066074433970678, -0.0005940226260790713, -0.004337851443218892, 0.043329122374359055, -0.03749255880639976]]	[[0.07331758269976768, -0.5714423807111135, 0.2036223112291246, 1.2085507872432995, -2.898998102743493, -0.0025692312273421]]
[[0.0970133191117134, -0.2933427259250844, 0.16416121555406232, -0.007387659211936199, 0.042559577613832854, -0.03615605075530261]]	[[0.07331577754233606, -0.5714375262493125, 0.20361596613169755, 1.2085852715169019, -2.898983441224642, -0.0025520281269431943]]
[[0.05938846389239963, -0.16560999062909507, -0.015285620923556602, -0.00016315372646355866, 0.041164386038451656, -0.03875391347106252]]	[[0.0733263541666112, -0.5714358132333864, 0.20360928039567983, 1.2086336114090122, -2.899002437549467, -0.0025689352956311026]]
[[0.23033872244968975, -0.32791994562151866, 0.02196597647000409, 0.0021121663944753018, 0.033038795485590314, -0.0326657156269453]]	[[0.07331033536099138, -0.5714420367532271, 0.20362760017639903, 1.2085842570433298, -2.8989830106768877, -0.0025138738393948217]]
[[0.19547718211364545, -0.22148326985506464, 0.0612954270229413, 0.00497870120992132, 0.031066933450465215, -0.0375666588539075]]	[[0.07330413784891866, -0.5714514810179657, 0.20361492811409534, 1.2085755780440322, -2.8989603222992004, -0.002513991472043352]]
[[0.23581759794955015, -0.18260830578093984, 0.2368664874830639, -0.004277407876025333, 0.030831258280420624, -0.03675601439197427]]	[[0.07332092066417895, -0.5714315177966772, 0.20360334386631496, 1.2085695893081392, -2.8989923784432943, -0.0026642729067195945]]
[[0.29860605216695363, 0.057989703463787554, 0.08575039817982982, -0.010751179946766685, 0.03642196547419009, -0.03382262293874179]]	[[0.07329546493127036, -0.5714440258701335, 0.20361305755467868, 1.2085288144542066, -2.89899395912701, -0.0025706382409067634]]
[[0.31531566731604843, 0.23691675939159573, 0.07162541027826717, -0.009836012142526072, 0.036468018759684466, -0.041179527753278655]]	[[0.07332044506008592, -0.5714337204478824, 0.20361240223898577, 1.2085989768681393, -2.8989654972563925, -0.002608779019142589]]
[[0.18293184164974682, 0.13589267208605246, 0.05989089504736051, -0.012553042691259989, 0.03771861901297763, -0.03427951915548614]]	[[0.073306281441913, -0.5714381466902712, 0.2036147824936243, 1.2085408998729394, -2.8989760068848667, -0.0025719647766398613]]
[[0.3781889558648532, 0.4257187785835894, 0.13541674674041235, -0.003470570826344995, 0.02593505809258544, -0.03917681505341082]]	[[0.07331485346931527, -0.571445383320192, 0.20360208398473364, 1.2086233541213889, -2.898928769294398, -0.0025718385919384023]]
[[0.15074939278881716, 0.34591118921940883, 0.0355597586629496, -0.0007314446566623698, 0.028099432748276837, -0.03424053771300112]]	[[0.07331357372323377, -0.5714542461416912, 0.20362754397345278, 1.2086146479303561, -2.898956868778442, -0.00251376818578676]]
[[0.02408356539902312, 0.05356127641900105, 0.14425626341307712, -0.013488692213697941, 0.032290483388285884, -0.033988853902271646]]	[[0.0733014333982409, -0.571435420169472, 0.20360335688435646, 1.2086317167128589, -2.8989015135839544, -0.002667367075509296]]
[[0.6178195143932551, 0.31270307315197465, 0.11475993410154316, -0.0131551148639571, 0.024686756543493824, -0.039384788254807866]]	[[0.07331579851270861, -0.5714445052044288, 0.20360875963722724, 1.2086277653424629, -2.8989394159073556, -0.002552527328482903]]
[[0.25790160545527596, -0.11340376160885524, 0.19226229258629834, -0.02201335338276372, 0.03585480804299626, -0.03574459650186247]]	[[0.07331969661508436, -0.5714479597347214, 0.20362827947518067, 1.208566594036309, -2.8989895029962294, -0.0024753076997911004]]
[[0.10739657616737791, 0.17390759842852432, 0.19371345418110236, -0.007321638703241701, 0.03130929650982008, -0.036498168572673025]]	[[0.07331241552487862, -0.571435507570188, 0.20360572669277505, 1.2086457310689442, -2.898933572631856, -0.002628126987647371]]
[[0.1543390256119974, -0.18056138256537402, 0.08642086240508863, -0.011369125714748102, 0.0302274846887806, -0.03646183428936129]]	[[0.07331504945873674, -0.5714322148842224, 0.20361020016707604, 1.208659286685216, -2.8989663526620837, -0.002588128211535035]]
[[0.1831657408621758, -0.23784905195955797, 0.25178542432248907, -0.006675061952804394, 0.0347391344617468, -0.039394947153771995]]	[[0.07330729173149383, -0.571444230659237, 0.20361425157162058, 1.2085886783567379, -2.8989427818082065, -0.0025531295557883757]]
[[0.2071103378206036, -0.2917016008731669, 0.33260221490566205, -0.0025078889839369282, 0.031851000733608234, -0.043087431545493084]]	[[0.07334073171414021, -0.5714497585888654, 0.20361160917521406, 1.2086493385183221, -2.8989428348331314, -0.0025331798462752005]]
[[0.13372968025623472, -0.7338192805912385, 0.23315774801632907, -0.01181639525974867, 0.040701975714426554, -0.03689979260455463]]	[[0.07333923643523586, -0.5714388449586502, 0.2036289869025072, 1.208624308267514, -2.898979916084392, -0.002549905565491535]]
[[-0.04375930988638235, -0.4199517129008963, 0.1365290416106013, -0.004554217846213435, 0.041049784619701435, -0.039388112953452056]]	[[0.0733276930445653, -0.5714428122245961, 0.20359539286795442, 1.2086291235595727, -2.8989918164025474, -0.002587497653876978]]
[[0.008730073890030221, -0.6500324743277167, 0.13659046156286317, -0.004670031463901414, 0.03318975299597219, -0.0415797903034556]]	[[0.07332376203342628, -0.5714425404163437, 0.20363015720139338, 1.208667430687623, -2.8989352818514638, -0.0025328449514490136]]
[[0.04287568403776343, -0.7527983707709627, 0.13053739153145621, -0.004130006652916601, 0.03646743106684806, -0.036136268621143525]]	[[0.07333612817213575, -0.5714339965901805, 0.2035935302361117, 1.208585973866739, -2.898985163134138, -0.0026459120956182384]]
[[0.03893625811880613, -0.8911954374566703, 0.22728217951570479, -0.00508631962005757, 0.042379070996048936, -0.03694775414849594]]	[[0.07332736851876984, -0.5714453006866869, 0.2036125187970055, 1.2086595219374356, -2.8989653607712396, -0.0025499452964346018]]
[[-0.18064648617115178, -0.5665377667029262, 0.1559617077528954, 0.003105708414215185, 0.048034602901001575, -0.037520965335589]]	[[0.07332550507977023, -0.5714505543089163, 0.20363164673474682, 1.2085586708028977, -2.89896644618603, -0.0024776431580573054]]
[[0.1363572704592711, -0.260568561600064, 0.2653032387412646, 0.011090194814753464, 0.0378229661715003, -0.043069043465971665]]	[[0.07334181926011432, -0.5714491436788787, 0.2036263286452646, 1.2086720480553663, -2.8989467212042896, -0.0025321918541779762]]
[[-0.23712543185924578, -0.8599672953105472, 0.3192391409912212, -0.006247054812264931, 0.04895450188843769, -0.038463459844466114]]	[[0.07332245108297358, -0.5714322086875624, 0.20360453011926605, 1.2086085474282928, -2.898988666189439, -0.002644975514768535]]
[[-0.06678883953670539, -0.6123278047737589, 0.30147582473563445, -0.002202013116603497, 0.04053392956470607, -0.0358271175306638]]	[[0.07331214395141109, -0.5714415322568892, 0.20361185267714854, 1.2085671563884879, -2.898939626273569, -0.0025915040318382635]]
[[-0.4343582518708341, -0.989197540000655, 0.2738241684527418, -0.009819564785634723, 0.04670168750366398, -0.03252511493793838]]	[[0.07331069222374248, -0.5714275279553622, 0.20359657519969934, 1.2085469380598608, -2.8989884341874967, -0.002663404855453749]]
[[-0.03138826519897736, -0.537673892999637, 0.36423093287472247, -0.004628750862123384, 0.03773604379520955, -0.0337762596599894]]	[[0.0733228216221523, -0.571440037564442, 0.2036197357504291, 1.2085984706029385, -2.8989644542174253, -0.00255189859061264]]
[[-0.07664841822338309, -0.8191436536642498, 0.2019766180155047, -0.01549853067221882, 0.04084806954461007, -0.03486053143860172]]	[[0.07332523531377215, -0.5714308720159864, 0.203580109974642, 1.2086639884834982, -2.898926820646834, -0.0026640240084505424]]
[[0.19365067056390603, -0.06137897438563636, 0.08307678192181993, -0.003473112958003656, 0.032472044634347844, -0.04381486133514069]]	[[0.07333887271305438, -0.5714481524206828, 0.2036237795033169, 1.2086626462145635, -2.898923943856525, -0.002515079189511855]]
[[0.08902728161181162, -0.3732306005554431, 0.15285415451888604, -0.0162477182162515, 0.037003677214986014, -0.035405002070172456]]	[[0.07330746615258564, -0.5714413910323696, 0.20359732608486086, 1.2085594042805965, -2.8989699264835997, -0.00264606704893689]]
[[0.3928368757264202, -0.3326394910927382, 0.10917649460374106, -0.020190842398217283, 0.029258183607991317, -0.03634786366456256]]	[[0.0733263333589181, -0.5714304393844211, 0.20358779348686698, 1.2086514068639407, -2.8989453318865257, -0.0026828782169497976]]
[[-0.03217349922979029, 0.11768839101521479, 0.15725949715797716, -0.0036136669664474895, 0.03542950458270247, -0.033753788496093805]]	[[0.07331622526243162, -0.5714457007642365, 0.20360344682522002, 1.208592924400078, -2.8989551078223803, -0.0026082718625455546]]
[[0.3095448970826104, -0.356360000182675, 0.17265280454311174, -0.015752955781537775, 0.030942221150688023, -0.03782782140173975]]	[[0.07330065403516471, -0.5714422648848646, 0.20359732608486086, 1.2085241544539895, -2.8989846211924992, -0.002646066753504305]]
[[-0.4059088001862875, -0.11045106311673356, 0.3150298541543247, -0.00875631284885808, 0.04644011473773598, -0.026136775375589966]]	[[0.0733099352078507, -0.5714479044638133, 0.20361920483112572, 1.2085404928790626, -2.898975296955495, -0.0025330478150800005]]
[[0.26877968529122964, 0.27481004811579013, 0.17437412566945107, -0.0067504964221235565, 0.03190576682153007, -0.038203800522464935]]	[[0.0733204265217624, -0.5714499519105729, 0.20362377427721853, 1.208584842533136, -2.898982726898546, -0.0025138607601876]]
[[0.1294175088533991, 0.1555642651636976, 0.23172276452533777, -0.01209710171291324, 0.03739864556215548, -0.03089307756942504]]	[[0.07332661435055901, -0.5714501337520411, 0.20363164416556245, 1.2085977850609293, -2.8989630688482526, -0.0024770569321303395]]
[[-0.002639895823267001, -0.0320507207022183, 0.23421851292725282, -0.013792354185397043, 0.03833381307704159, -0.030979167251875536]]	[[0.0733049986201644, -0.5714503939132557, 0.2036442793665283, 1.2085801425240352, -2.8989711746601197, -0.002513022757398517]]
[[0.32922378046797285, -0.05399497665776504, 0.1627269522231274, -0.013034922780826309, 0.029751025191046818, -0.03686513228353975]]	[[0.07331445886495822, -0.5714442905098267, 0.20363016235390094, 1.2085712363024221, -2.8989495379102093, -0.002534025290252488]]
[[0.3126142305269926, -0.1279501486514107, 0.3770242085911696, -0.010488832950152334, 0.028337558921475558, -0.04147028474065428]]	[[0.07329903985372695, -0.5714378868900792, 0.20361356986691875, 1.208523783988947, -2.8989835630032355, -0.0025910575052124542]]
[[0.32353219672182204, 0.028702195716635764, 0.14186589074625977, -0.0023659436341130855, 0.028599410810702254, -0.0401161400576786]]	[[0.0733152360601114, -0.5714518128100127, 0.20359607428928084, 1.2085378028712652, -2.899016129480289, -0.0025495471671461477]]
[[-0.12354271905703439, -0.2899989867945567, 0.17308254989786076, -0.013032370397702553, 0.04249487508537524, -0.03233003720775304]]	[[0.07331744966712385, -0.57143930084159, 0.203602823248107, 1.2085630477766371, -2.8989296259831523, -0.0026478462045053937]]
[[-0.2552684342273487, -0.47994832953499983, 0.2874757563335591, -0.017309258483390835, 0.04593892628785533, -0.031682715461630984]]	[[0.07332637355452253, -0.5714372829767571, 0.20359475062847313, 1.2086072540548427, -2.8989366819101647, -0.002628680731317244]]
[[-0.13655985992355016, -0.497538397739817, 0.3396767380323012, -0.010210726434787164, 0.044660065537640584, -0.03430457072106712]]	[[0.07333611447425385, -0.5714529162967544, 0.20363659752239588, 1.208585032012884, -2.898981330005422, -0.0024569520925130667]]
[[-0.22405180097699612, -0.40184463591725417, 0.3329082593077667, -0.0037223384072023573, 0.04680215417005475, -0.03557767161231298]]	[[0.07331479203938156, -0.571441824797919, 0.20361306012378605, 1.208558118647026, -2.8989687909704185, -0.0025712094925927536]]
[[-0.3555082112843897, -0.49912121253700226, 0.31412589729877294, -0.0015135976080692566, 0.04439254130025103, -0.040035315075894036]]	[[0.07333641874489555, -0.5714450551660928, 0.2035979837565719, 1.208640870320443, -2.898922189493369, -0.0026084746179160538]]
[[0.08475618915497973, -0.6576726883989006, 0.2325109475512255, -0.008218582102503978, 0.036970572086418935, -0.03550229237600422]]	[[0.0733083324258118, -0.5714523906834487, 0.20362496064399999, 1.2085892492208783, -2.8989934371611357, -0.0024945767241617727]]
[[-0.04751770972738423, -0.7551736448737576, 0.2669013463953801, -0.008449660348172204, 0.04160934165841972, -0.03394157024628764]]	[[0.07332150956576314, -0.5714467540942237, 0.203612350938073, 1.208567222958943, -2.898939929841308, -0.0026098269291141463]]
[[-0.19759270735147838, -0.46693036856772707, 0.15686918863775282, -6.442982078913584e-05, 0.043148994071124464, -0.04356277683343252]]	[[0.07331200570916659, -0.571434408438681, 0.20359685173632225, 1.20857660226455, -2.8989623843993995, -0.0026273465380049084]]
[[-0.2460763146329166, -0.4642949103261263, 0.12094910748688863, -0.00014552256165904776, 0.04755536865575603, -0.029052052171418662]]	[[0.07330994545834031, -0.5714446074121764, 0.20360895744118537, 1.2086154706691785, -2.898958620786602, -0.0026073199809371035]]
[[0.009947357478567675, -0.6011955484453683, 0.1716509014385812, -0.0059964657117084, 0.0397410739123131, -0.0411019511231323]]	[[0.073308659674956, -0.5714411445747423, 0.20361184492739248, 1.2086326569393362, -2.898951098930624, -0.0025897382090228527]]
[[-0.343385159132631, -0.37687502855756133, 0.229078228243179, 0.006496581609827013, 0.04783344158793605, -0.029939845101565023]]	[[0.07333683461317857, -0.5714357843554531, 0.20363214392362983, 1.20861965795516, -2.8989685618195296, -0.002532168473923468]]
[[-0.07411090976642215, -0.2324737662359307, 0.0053602726195462825, 0.004774114455603291, 0.041956736769988956, -0.035853137225352494]]	[[0.07332958515949121, -0.5714492141611465, 0.20361591748931604, 1.2086020023475887, -2.8989242245834115, -0.0025536943247829896]]
[[0.15063256910874606, -0.45932476648769416, 0.05920230731414635, -0.004808323855992749, 0.038853905872460445, -0.032932170411238575]]	[[0.07333005653589864, -0.5714524362892724, 0.2036206839208592, 1.2085890481509858, -2.898993068910678, -0.002475447149788658]]
[[0.674355980863945, -0.08731614866499021, 0.07854586815072392, 0.0008532654540821197, 0.023972257525934217, -0.03957423227567286]]	[[0.07332858997310118, -0.5714465461895469, 0.20361253174392827, 1.2086538724479792, -2.8989026434526792, -0.0025529673460775834]]
[[-0.014139127404657462, -0.014841130996404083, 0.021937181210713023, 0.0005342030829566767, 0.03971812449044039, -0.032729031239282114]]	[[0.07329774859023606, -0.5714501469581071, 0.2036058457205201, 1.2085453300398472, -2.898987078073308, -0.00256989636985304]]
[[0.6065389423947996, 0.09971931882195634, -0.04152632065276353, -0.0009303274364739524, 0.0233633333553218, -0.03778431916141268]]	[[0.07331521701295035, -0.5714463396713458, 0.20361801853508502, 1.2085533767363839, -2.8989574087159617, -0.0025523522897424322]]
[[-0.10678067198418692, -0.2190493149284744, 0.16780072869759252, -0.005342482577579254, 0.037430553144452657, -0.03506238823213865]]	[[0.07331684173939154, -0.5714439072344123, 0.20362347897376945, 1.208580470023518, -2.8989719297350485, -0.0025515335132815097]]
[[0.15038477794571614, -0.5394443779274308, 0.041651663086898306, -0.01736425000919818, 0.03826521344982006, -0.03314155987058669]]	[[0.07331541957079744, -0.5714366538886769, 0.2035935302361117, 1.2085859973480846, -2.8989852194577432, -0.0026459556492450624]]
[[0.14230424262896824, -0.24708723464215818, 0.1921000452551676, -0.014588700577842534, 0.035689450048082334, -0.02997755335914602]]	[[0.07330745982154678, -0.5714480918239864, 0.20361134287877902, 1.208566256065637, -2.898939585129573, -0.0025716859292704906]]
[[0.05723005986088865, 0.2936276528830336, 0.09979312275026539, -0.002459496246294232, 0.033193379287513855, -0.030193910537127076]]	[[0.07330882278965456, -0.5714346578356345, 0.20360471090786314, 1.208607425679337, -2.8989879846706974, -0.0025881201569763162]]
[[0.862519141624428, 0.09003837719331215, -0.21783836833374892, -0.01043669349850572, 0.019136556847669052, -0.03262744931045846]]	[[0.07333910423042665, -0.5714522528558212, 0.2035996230620412, 1.2086760511189838, -2.8989075109614775, -0.0026088661609587694]]
[[0.1119714820205443, 0.26024831795202036, 0.0525364419385732, -0.0014472763754224197, 0.03497933625487762, -0.036844231555956515]]	[[0.0733122177002072, -0.5714485165783897, 0.20360466985644582, 1.2085400069410648, -2.8989251014635795, -0.002591574288807624]]
[[0.08067231872989532, 0.09580265539988156, 0.047762684101872295, -0.003255339821464375, 0.03585893514060409, -0.03558951289280268]]	[[0.07331799927494018, -0.5714503520041073, 0.2036304578134889, 1.2085754264891901, -2.8989598944963606, -0.0024963768073371735]]
[[0.5728977986009223, 0.20082679044981414, -0.051011357744121515, 0.0002689442039234026, 0.02560054689431693, -0.03728044252463078]]	[[0.07331504886454417, -0.571442478476149, 0.20362092719831226, 1.2085923908004703, -2.898953698378564, -0.002533803106097493]]
[[-0.23569141914778705, -0.35041147568214215, 0.22992213196718006, -0.013980297018889937, 0.04436042951026189, -0.03496212568623594]]	[[0.07332349108901497, -0.57145473690639, 0.20362991660563085, 1.2085544750559882, -2.899007422195279, -0.002475076039072887]]
[[0.5321744836381045, 0.32242868476039915, 0.02624617548953546, 0.0011111028451666043, 0.02559394415700295, -0.03626533599387027]]	[[0.07334664114619731, -0.5714375841202999, 0.20360517448999324, 1.2086543601087374, -2.8989036383756295, -0.002610175596625494]]
[[0.3385163783145524, 0.030526808722305815, 0.012631547022964975, -0.0031423837390927058, 0.02974672190066895, -0.04561953351521909]]	[[0.07334178909303363, -0.5714402828429073, 0.20360757335586604, 1.208641317266403, -2.8989211847151464, -0.002571786664770709]]
[[-0.08441884720107455, -0.2949792804628474, 0.2351438970429415, -0.004397065477649328, 0.040185922471771426, -0.03276339512495395]]	[[0.07331743556481697, -0.5714454985848207, 0.2036180133826639, 1.2085624731347686, -2.8989794345166953, -0.0025511507092544545]]
[[0.019504923971474103, -0.492991529522829, 0.09222794528851946, -0.007846860182174046, 0.03626330684519464, -0.0361542393279332]]	[[0.07334843435468927, -0.5714322279254186, 0.20360021103367354, 1.2086681983507122, -2.8989370458253596, -0.002627833317910302]]
[[0.02492172047369312, -0.5267983573068822, 0.11362607362121258, -0.005834153408092704, 0.03802489944125584, -0.031666856924804136]]	[[0.0733110346756188, -0.5714419528003059, 0.20361185528868447, 1.208562608330308, -2.8989286133084797, -0.0025921047804201946]]
[[-0.17730466992283272, -0.06260428420462219, 0.2892049731456956, 0.009199245974720455, 0.04410836763236091, -0.03718204324347439]]	[[0.07331849216178893, -0.571451725224179, 0.20361042286558217, 1.2085758378838254, -2.8989609931833127, -0.002552507105787064]]
[[-0.20738414082905748, -0.5359611579314247, 0.12425254026600933, -0.008434615999691253, 0.04263388102973397, -0.029908645831682304]]	[[0.07333746646161987, -0.5714410761019795, 0.20360895744118537, 1.2086334141586874, -2.898951064401732, -0.0026072686792812205]]
[[0.33425817488943266, -0.2776135691664189, -0.07104092274845639, 0.0018386544684156608, 0.03242715114537141, -0.040432401911393634]]	[[0.07331616198929818, -0.5714454613778664, 0.2036246941996961, 1.2085923535768754, -2.898953665952508, -0.002533056219863164]]
[[0.19372354285814658, -0.058708893294983605, -0.06246539951239486, 0.004184017865870129, 0.033589185933982614, -0.03961838449928122]]	[[0.07331358619968477, -0.571438645466097, 0.2035947480452965, 1.2085585861244423, -2.898969891604177, -0.0026280877383131297]]
[[0.3772705627990338, -0.32310701462630437, -0.09361049749548725, -4.171260464883031e-07, 0.03143046455835519, -0.04270847757761205]]	[[0.07330765456572091, -0.571450625687264, 0.20361590454223039, 1.2085717245457095, -2.8990019615791596, -0.002550702255941724]]
[[0.016096665585704883, -0.5943808948656644, 0.10200757304293338, -0.008735757127239435, 0.03790078404786222, -0.03335088060282947]]	[[0.07332458171195173, -0.5714481481729476, 0.2036070371547709, 1.2085592608691482, -2.898967885502454, -0.002551734701081575]]
[[0.06311026761848877, -0.004934205456643085, 0.012588402383475802, 0.005830503402603503, 0.034575019789567396, -0.0402760622615315]]	[[0.07333660837289535, -0.5714420660935855, 0.20362332877661243, 1.2086100262371637, -2.8989454809653514, -0.0024959693181908016]]
[[-0.3168410098765694, -0.23451222683261053, 0.13419147847798413, 0.00022784597543700283, 0.04837639797373464, -0.029959251443575297]]	[[0.07333184442755382, -0.5714395138204029, 0.2036264243018262, 1.208666537620172, -2.8988840260092945, -0.002535599572446331]]
[[0.33666587005898124, -0.3241398378256682, 0.024423658947981767, -0.004134555576111847, 0.0327279722801656, -0.04579961726770568]]	[[0.07331848818537955, -0.5714448428559166, 0.2036034415992543, 1.2085510443238092, -2.8989988701738167, -0.0026070249961201693]]
[[-0.3714090350431609, -0.5035520713717179, 0.03155033552277534, -0.005723352373642469, 0.045555309115418066, -0.034944089545946896]]	[[0.0733211307967632, -0.5714422923902777, 0.20362899725230665, 1.2085713820879704, -2.8989498496458044, -0.0025523464492303066]]
[[0.1505011033095935, -0.2226550053383929, -0.06271382220677095, -0.003090049426790746, 0.034439321759324584, -0.04195326705439225]]	[[0.07331568637530216, -0.5714543163546385, 0.20362618890257114, 1.2085090619690237, -2.89894841333801, -0.0024790704734811275]]
[[0.2677755049001665, 0.21520941239897864, 0.09999149052267035, 0.0032412664181696495, 0.03316371174494652, -0.03709349704906107]]	[[0.07332134881005797, -0.5714395018120743, 0.20360380388607136, 1.2085595112150895, -2.8989682581091887, -0.0025719405798714963]]
[[0.16883099419051126, -0.009026961055301902, 0.0497160932498004, -0.0031910896524175118, 0.031254444352926763, -0.03843111116740963]]	[[0.07331776407949736, -0.571446413861737, 0.20360465686953105, 1.2085461551780217, -2.8989870731309026, -0.0025885640811209288]]
[[0.19409614500350134, 0.06530326519215486, -0.05721381759864247, -0.0017197047524969925, 0.03220393905106141, -0.039659920728932305]]	[[0.0733153740798158, -0.5714364438859776, 0.20360710899615136, 1.208550705909617, -2.898997858574259, -0.0025509822180675673]]
[[0.6608241514070083, -0.241693719661194, 0.08126395819904811, -0.00885979545510937, 0.023508591197030596, -0.03674259363939401]]	[[0.07330941098804969, -0.5714465691640093, 0.203603440881073, 1.208559058179331, -2.898969229073172, -0.0026083657138262824]]
[[0.003383521684963503, -0.04837923610912201, 0.2275442237110378, -0.0008662351359623732, 0.03863879790850535, -0.03546594592336248]]	[[0.07332087672780149, -0.5714547397008953, 0.20360750295006563, 1.20856251234223, -2.898979823827769, -0.0025699554580392624]]
[[0.25911722741808374, -0.07070787219811886, -0.019308009720900087, -0.005931963670609086, 0.031372365183622505, -0.036937192453622314]]	[[0.07330831638105174, -0.5714403109207016, 0.20358945060754924, 1.2085808375395384, -2.8989747369248686, -0.0026829883177188836]]
[[0.24691769483029385, 0.016425097274529885, 0.03399908017180076, -0.006080348174677112, 0.031420901118879734, -0.0331037765330386]]	[[0.07333248388268815, -0.5714432724816214, 0.20361800478139944, 1.2086024461963185, -2.898976175798491, -0.0025506047846321207]]
[[-0.07203473352509558, -0.21421619952132914, 0.07978175774068022, -0.011500663379129715, 0.04053628899501858, -0.03495691785162536]]	[[0.07330191903709243, -0.5714489972076353, 0.20360465607765182, 1.2085536668341121, -2.898958178394758, -0.002589895985547242]]
[[0.39124938625711125, -0.2544213911567018, -0.07930956965616537, -0.012384259956100797, 0.029083267460038087, -0.03503557444184955]]	[[0.0733026960467188, -0.5714442579190226, 0.20361424047491086, 1.2085625260318082, -2.8989795043606517, -0.0025520203441330032]]
[[-0.11688682845147225, -0.5810946370593618, 0.08233120203991401, -0.01588945550222829, 0.03804848966880156, -0.035155255945459395]]	[[0.0733124848500516, -0.5714357629254155, 0.2035844976034466, 1.2085771669124445, -2.898963785840739, -0.00270303249503623]]
[[0.030691312146615177, -0.1277342593832214, 0.08346869430359616, -0.0008875976583486433, 0.036578185540921127, -0.03317353298864287]]	[[0.07332891236340007, -0.5714440521666806, 0.20359539979900554, 1.208588911092895, -2.898943489612306, -0.0025905965004506797]]
[[-0.20927605367210492, -0.43403020636114253, -0.058210089318338175, -0.00922038488530974, 0.04443750462127062, -0.030734696842101884]]	[[0.07332236274628282, -0.5714456642740753, 0.20359676521353998, 1.2085898888628555, -2.898943867557852, -0.0026276612506431307]]
[[0.14898150996332632, -0.17856352270473713, 0.13935609027554138, -0.004363815440143883, 0.030043705734000406, -0.040573851288709356]]	[[0.0733530845137186, -0.5714513706755394, 0.20362205372103936, 1.208674618029914, -2.8989059866826983, -0.002515002909997848]]
[[0.33781694385669914, -0.3141880632005046, 0.01991207877992351, -0.006508378810441404, 0.02976361913788288, -0.03728179273815569]]	[[0.07332722774971276, -0.5714396064762385, 0.20359064453930378, 1.2086075109048005, -2.898937352934061, -0.0026654485237504774]]
[[0.17524650571530975, -0.19213001209397304, -0.006633538639235304, -0.00385182170717587, 0.033214523087972, -0.037782584010949465]]	[[0.0733173306670568, -0.5714485940054608, 0.20361370949815932, 1.2085411581077434, -2.8989750221393162, -0.0025331258505518115]]
[[-0.2765861222926007, -0.48952398663853175, 0.23508783396428629, -0.006457901779314285, 0.040521654106932994, -0.037368036437052665]]	[[0.07329689277460433, -0.5714457067313519, 0.20360638639577147, 1.2085234881334606, -2.8989320493947432, -0.0025924395664201935]]
[[-0.37368297209171636, -0.4392674072304297, 0.15956918266864376, -0.001659448983018813, 0.04729384652344533, -0.034201448273961474]]	[[0.07331748802132088, -0.5714421791010579, 0.2036077600175648, 1.2086203500999144, -2.8989703946049015, -0.0026254852537687503]]
[[-0.2960687848420712, -0.5591005940079656, 0.19472057194720696, -0.0026484998759344867, 0.04536194423171077, -0.03248285337859279]]	[[0.07333903491950823, -0.5714486045979928, 0.20361709524291857, 1.208610244706161, -2.8989461849971594, -0.002533860312066845]]
[[-0.13487572686439048, -0.4160439181728247, 0.08382144467629592, -0.0019413800874595946, 0.04091416645951842, -0.042469074052772365]]	[[0.07333360430398986, -0.5714442996302289, 0.20360344867322983, 1.2086670536771658, -2.8988854653294154, -0.00261016006104327]]
[[0.00933319971229335, -0.30351051059458156, 0.07513546943573733, -0.00679527225575393, 0.03670267865691279, -0.03820488389419156]]	[[0.07331903202945858, -0.5714469358277896, 0.20360448315829793, 1.2085418303143307, -2.898925513637166, -0.002648534536973123]]
[[-0.08451352222110989, -0.43503480981732257, 0.04889737115285873, -0.0033826345625438507, 0.04000295392737774, -0.036814254984935145]]	[[0.07336358938091607, -0.5714378870955458, 0.20361543192270035, 1.208697398716634, -2.8989098572792753, -0.0025338363686874333]]
[[0.06846735999403089, -0.41058994364333656, 0.2725490271650284, -0.001143743616416084, 0.0352545424325538, -0.0383853222402184]]	[[0.0733156360111156, -0.5714474454870953, 0.2036192014699728, 1.2085532208816643, -2.89895707340362, -0.002533734816781379]]
[[0.09168570302398449, -0.5157414280071712, 0.11619636208854979, -0.007920948709018742, 0.03524146469165847, -0.04277513113511125]]	[[0.07331438140338292, -0.5714543169479491, 0.2035970706782117, 1.2085233550339636, -2.8989320637280738, -0.0025924081985637024]]
[[0.5688975522053951, -0.2858577984582046, -0.05113014697508965, -0.00531535295671739, 0.023068137733372743, -0.0402976104863238]]	[[0.07333594845217165, -0.5714594978584953, 0.20360029334819832, 1.2086111040590102, -2.898946640034619, -0.0025697999042043804]]
[[0.030582615640234345, -0.4272939009255158, 0.21744300986025747, -0.004526439184267934, 0.035272446950590834, -0.036463834569033494]]	[[0.07332420862202026, -0.5714505773893218, 0.2036025523266357, 1.208589550433588, -2.8989431835452972, -0.002590614819547894]]
[[0.18406571346674694, 0.001037291282050365, 0.16545476086817404, -0.00420553199259804, 0.03071881184584401, -0.03646328360979811]]	[[0.0733109544250104, -0.5714350719759277, 0.20358331143601188, 1.2085382095006265, -2.898967496769862, -0.0027223289156904523]]
[[-0.005476042352641347, -0.4740760965536464, 0.04499746696481144, -0.013567147271754936, 0.04048268235124676, -0.03364447332255941]]	[[0.0733048796016077, -0.5714535738936176, 0.20360393900896448, 1.2085764231431972, -2.8989623756668736, -0.0026267267892076916]]
[[0.2691107386873894, -0.4151731152489855, 0.19952893722291612, -0.009211140656633266, 0.0317091080247144, -0.033069881612256234]]	[[0.07331490663700996, -0.5714578364820269, 0.20360988069440566, 1.2085103578398573, -2.8990007511976645, -0.002532525812918183]]
[[0.5552921856459818, -0.10860271051137932, 0.06119276137709423, -0.004175548415329796, 0.025297376752639517, -0.042184274159142374]]	[[0.07331486538477337, -0.5714454840533671, 0.20359560018143902, 1.2085541016371588, -2.898959180901936, -0.0026459980802937518]]
[[0.738122885521151, -0.1579385374362186, 0.006787935321273201, -0.007352044811900917, 0.023023172605924812, -0.04290033079153531]]	[[0.07330771252853167, -0.5714420171565573, 0.20360516336524356, 1.208559114871956, -2.8989692324635974, -0.00260911359264305]]
[[0.18527543610250108, -0.08207462910176042, 0.19475134457149118, -0.005505642385062636, 0.033986933579822534, -0.03707228302723198]]	[[0.07333970574131095, -0.5714434970312459, 0.20362687996420595, 1.2086722587382706, -2.8989470566773603, -0.0025513703138923447]]
[[0.30460528477040205, 0.02077075045621185, -0.03143558199001079, -0.004150247160212074, 0.028124756105550666, -0.03596845961520753]]	[[0.07332751931729317, -0.5714457403373767, 0.20361352088299078, 1.2085733975531292, -2.8990020071776113, -0.002588176047974569]]
[[-0.005343870559330055, -0.3783617036624264, -0.01463647634024007, -0.010278395307454896, 0.03709044624282175, -0.03005199983190076]]	[[0.07331436039754091, -0.5714406856131059, 0.20361184155228748, 1.208558279006655, -2.89896913622338, -0.002590388378611615]]
[[-0.30323436374699936, -0.46042957064371126, 0.34267915082466033, -0.014775989428389907, 0.042002444391074645, -0.03200750764155424]]	[[0.07330761233722773, -0.5714452119330778, 0.2036020739749812, 1.2085371393818825, -2.898967040125129, -0.002684552781372615]]
[[0.16131333387227495, -0.5609260629943955, 0.11882750509248727, -0.014634566755983423, 0.0362479441241152, -0.032541116826865]]	[[0.0733349048547999, -0.5714375706776499, 0.2036185197335359, 1.2085940676642888, -2.8989537507139453, -0.0025716486383203577]]
[[0.24448673068650983, -0.08181371469769971, 0.18015955422621968, -0.0016953063680127875, 0.029841675614110212, -0.039655251119670304]]	[[0.07332787993287429, -0.5714480378615789, 0.20362137980221862, 1.2086140686183502, -2.8989062840511823, -0.0025547711864782577]]
[[-0.08508064148958247, 0.16721376110681846, 0.11781247019502171, 0.00449969490128712, 0.037899909197263715, -0.03564826327228332]]	[[0.07331395156615113, -0.5714429999170118, 0.20361444603798542, 1.2085538471751278, -2.8989584207744215, -0.002608578955424097]]
[[0.1626484960630595, -0.6144245801583769, 0.21523732791461814, -0.015244081610233747, 0.034520271649579, -0.03305284117841161]]	[[0.07330873587352678, -0.5714359130631163, 0.2035833166447713, 1.2085982468759202, -2.8989166938127915, -0.002723559818769472]]
[[0.40817934968654423, -0.19215972059943734, 0.09300360145707706, -0.0007955168110119187, 0.028738780392681844, -0.04065523251870587]]	[[0.0733273676785907, -0.5714522394024041, 0.20361296867324677, 1.2085459354263284, -2.898986689593428, -0.0025703084972999433]]
[[0.1281889823907173, -0.10014433518263037, 0.11920618601378563, 0.00011349994816030329, 0.02994246904760229, -0.03734847329361272]]	[[0.07332763151138265, -0.5714474064090692, 0.20361353644168287, 1.2085977682400242, -2.898913886802772, -0.002591810336756807]]
[[0.23008193754416623, -0.267476693027874, 0.04523082492904277, -0.002227984133346888, 0.03463303521661833, -0.03776777039337273]]	[[0.07331896207190325, -0.5714433549179349, 0.20361543562277234, 1.2086846817052859, -2.8988789183515165, -0.0026483723511243184]]
[[0.19612540050472116, -0.2780543810138834, 0.13481931809030862, 0.002040082211090744, 0.035121781709945815, -0.0385873571905367]]	[[0.07333539764101259, -0.5714389434802818, 0.20359848517240497, 1.2086110697515295, -2.8989479403191813, -0.002627786147573125]]
[[0.2156522399763075, -0.16184468024977613, 0.11827134688352098, 0.002897943766576939, 0.030293982999980804, -0.042199256492940505]]	[[0.0733493370736617, -0.5714570299172144, 0.20362819600904525, 1.2085758192789735, -2.8989591940839134, -0.0024762038341441073]]
[[-0.04679232418377974, -0.44560300206395553, 0.0656721338308367, -0.005783470087724948, 0.038616636770587624, -0.040190226135607535]]	[[0.07333257769683672, -0.5714504125082717, 0.20363300626061231, 1.208627383120762, -2.898938586825352, -0.0025148007744809756]]
[[0.30381269482683865, -0.11531056940224473, 0.07749997428974098, 0.000834222591001502, 0.027843561871300833, -0.03868443287747668]]	[[0.07334770608149051, -0.571449336298232, 0.20360492488914764, 1.2087020082207278, -2.898921310865513, -0.002551991174337991]]
[[-0.3991145364461664, -0.8042964155602783, 0.22887260604251236, -0.012042417534354324, 0.0443543571581277, -0.038193061041022616]]	[[0.07332233949650308, -0.5714522682488007, 0.20362497025818085, 1.20859631961831, -2.8989124789157033, -0.0024982720783129696]]
[[0.3177863094936105, -0.15570979977008548, 0.1311224083801159, -0.00046486750127088666, 0.03132494936054665, -0.03751429571339573]]	[[0.07331738464487776, -0.5714555436974987, 0.20361418906539885, 1.2086358355669318, -2.8989101571613305, -0.002553086106799539]]
[[-0.14534150028553658, -0.23525049714184526, 0.04077122632393306, 0.0029432307600774157, 0.03990174589155275, -0.03733812342455997]]	[[0.07330622057366337, -0.5714537049429388, 0.20361828159224848, 1.2085973454960863, -2.898964034455114, -0.0025146209572869294]]
[[0.09727586408868402, 0.037057307767371594, 0.04417968807402275, 0.005628330197223903, 0.028263221338541512, -0.04024459577769079]]	[[0.0733422060763158, -0.5714605827587749, 0.20360246904235907, 1.2086239228212268, -2.8989286435120176, -0.002590234142881614]]
[[0.09168704377054288, -0.3426640500470941, 0.2654072983315038, -0.004267256291216642, 0.036143323672924624, -0.0279287554030391]]	[[0.07332808519290167, -0.5714472913463814, 0.2036080076885205, 1.2085733357182735, -2.899001932802968, -0.0025885552876757645]]
[[-0.03038757686817111, 0.07993945200394877, -0.013022819404589428, 0.006054557495982139, 0.039155724486560926, -0.029547133218032557]]	[[0.07332445831869705, -0.571454638887363, 0.2036141890914447, 1.2085846257150832, -2.8989313254638356, -0.0025530536476163572]]
[[-0.0731673677006043, -0.21243581932138206, 0.1973447389721444, -0.004446604781876046, 0.037952609002993354, -0.03421804845064897]]	[[0.07334309529629937, -0.5714472459278842, 0.20360134233731902, 1.2086369418978369, -2.8989107647797816, -0.0026102837866015826]]
[[0.3132447345133539, -0.33023121194947147, 0.06521436704515955, -0.007980551297248136, 0.02810928041521138, -0.03363078010675698]]	[[0.07331245921598624, -0.5714424460445277, 0.20359849037901487, 1.2085328201552183, -2.8989546378021247, -0.0026290083131014575]]
[[-0.0795381089039986, 0.037618520570001576, 0.06647780016973437, 0.0007868744590728595, 0.03452676851479489, -0.038458191881490085]]	[[0.07331902093675356, -0.571446940033362, 0.20360448318462643, 1.208628198340015, -2.898889431229207, -0.0026485797328545373]]
[[0.4009771049714939, -0.4566950509568374, 0.0978734669318136, -0.012567083596786325, 0.02670359616854081, -0.038498706310166775]]	[[0.07329197365717496, -0.5714449347308875, 0.20361325983888867, 1.208584690432294, -2.898933012729004, -0.0026279577632598175]]
[[0.5221241949126273, -0.4959704863852174, 0.029246961795622257, -0.015995947189940636, 0.023556116110549, -0.04012367847990999]]	[[0.07330505997151039, -0.571445070367839, 0.20361425086236856, 1.2085615630345303, -2.898928130174597, -0.002554423525562431]]
[[0.31135195239343383, 0.18285865234893386, -0.0024111540859659145, 0.00594025224021821, 0.025381236454053324, -0.03136840664733702]]	[[0.07333426830031352, -0.5714460787465729, 0.20362021474132608, 1.2085968866833534, -2.898913680802265, -0.0025730906412320866]]
[[0.5415146614594248, 0.16891928291059205, 0.22617911866549847, 0.004198057407361242, 0.02185324043137866, -0.040437268489611204]]	[[0.07330680390609542, -0.5714565498449714, 0.2036129843268279, 1.2085358997116387, -2.8989133439767536, -0.0025739571806638107]]
[[-0.2514378717949818, -0.24199833656513614, 0.17794473381384646, -0.007488975479418899, 0.040273990273716344, -0.03511220720518829]]	[[0.07333947454344546, -0.5714376287629224, 0.203582780206772, 1.208654352359117, -2.898905597288145, -0.0027034678593364815]]
[[-0.033554188573894236, -0.19149949750746856, 0.1594635525121243, -0.004390492138393515, 0.034907637568445934, -0.04007826093506787]]	[[0.07334694718245988, -0.5714507117853522, 0.20362085632563148, 1.2086799774003603, -2.898916957726027, -0.0025332281101494197]]
[[0.09464932317657176, -0.1238078552043662, 0.0694627592776644, -0.0044048541219809285, 0.03029736524214135, -0.03573947111130742]]	[[0.07330309817920619, -0.5714454396240648, 0.2036166081502923, 1.2085118924815754, -2.8990020095618814, -0.0026273202337607077]]
[[-0.1328207454928237, -0.3534606259754005, 0.09000325525860409, -0.0026569249637805985, 0.03704441749076134, -0.031274951779822334]]	[[0.07330939778970397, -0.5714465678121874, 0.20360343496268868, 1.2085064729351158, -2.8989909912503924, -0.0026084427826690184]]
[[-0.028557283693385616, -0.4469947783672885, 0.1796714377955092, -0.0034145385611163113, 0.03663286165123954, -0.03287066915431511]]	[[0.07332378212056342, -0.5714562716472075, 0.2036088966692191, 1.2086323397263357, -2.8988997368506433, -0.0026091559980487744]]
[[-0.5165249990487939, -0.7389658823780088, 0.20639080626451084, -0.006975762097479143, 0.04640236668309883, -0.0341219737638761]]	[[0.07331345959132851, -0.5714540266646166, 0.20361296869886839, 1.2085452139298996, -2.8989869039593734, -0.0025703439754950425]]
[[0.19234647769529092, -0.31526069259109574, 0.09103890851958932, -0.002634249640606365, 0.031335367166568845, -0.032093963127298765]]	[[0.07332113671775001, -0.5714491998804211, 0.20360017990357196, 1.2085627479943115, -2.8989292028378264, -0.002629235862211271]]
[[0.42332752855824524, -0.12243640949733667, 0.013145423039313953, 0.001863318878575649, 0.026078331090581566, -0.03838950006539208]]	[[0.07331152595744793, -0.5714434245480199, 0.20358533115747762, 1.2085635455873007, -2.898930944682663, -0.0027225234201827824]]
[[-0.3249632921576547, -0.27393023532428906, 0.11080542314047642, -0.0003693744518172039, 0.04143904014629393, -0.033100886373082714]]	[[0.07331591867604356, -0.5714484114455464, 0.2035777563443542, 1.208554601455594, -2.8989605003700487, -0.0027216887943444287]]
[[0.16357589419939492, -0.09113564736031765, 0.1149031871451442, 0.0021658982492399996, 0.028506882337884273, -0.03633513248841699]]	[[0.07332133596200309, -0.5714496984629948, 0.20362279292815785, 1.2085804298926408, -2.898920928077986, -0.0025910781909032807]]
[[0.272494576354514, -0.29600889307363176, 0.02289070733724242, 0.0019390867521257328, 0.027600765700058368, -0.04078410288101053]]	[[0.07330426626075108, -0.5714620063232874, 0.2036336933255976, 1.2085435257076007, -2.8989338920910344, -0.0024780970571483623]]
[[-0.21045620830994344, -0.4053330635127783, 0.08647985699490543, 0.00020833158306061972, 0.03761681722618866, -0.035959421974711143]]	[[0.07332737485420344, -0.5714467691530465, 0.20359798304747723, 1.2085798887936674, -2.898921657657059, -0.0026097673483922333]]
[[-0.5847440310071573, -0.7589375851222218, 0.21009364880467915, -0.010738266322739408, 0.04862708480849289, -0.031155037042600357]]	[[0.07330731199431123, -0.5714458054242277, 0.2035932385372724, 1.2085967236967676, -2.898864159060407, -0.0026870848676913747]]
[[0.2836115437103316, -0.30618868155805334, -0.07418807051784836, -0.0049197226965445005, 0.028686762266290862, -0.03550841577347331]]	[[0.07331041718897109, -0.5714471704326188, 0.20359561068223161, 1.2085704308002954, -2.898900629713472, -0.0026484216716488583]]
[[-0.07086509616370393, -0.48008476787047727, 0.23204289483584853, -0.006470533084122239, 0.0343822363099951, -0.03645380583197403]]	[[0.07331459733033366, -0.5714448342190545, 0.20358773318458734, 1.208537757644729, -2.8989666787833768, -0.0026834180115078883]]
[[-0.26790803990497347, -0.551386325542114, 0.3733757848448314, -0.009163254766106774, 0.0386465290351194, -0.036257995653706375]]	[[0.07329135319599225, -0.5714433242811896, 0.20358945838318315, 1.2084634665854197, -2.8989847882928625, -0.0026847809772155345]]
[[0.3357518576457274, -0.3148149074184178, 0.011013853303152977, -0.002322455016714591, 0.025783916033204474, -0.03288603845259253]]	[[0.0733065990333434, -0.5714369550214806, 0.2035978669184716, 1.208570701062054, -2.898900972774195, -0.002668628163246995]]
[[0.3543915591121285, -0.3567341189139561, 0.09450080817378745, -0.008765942716952111, 0.02287689403312545, -0.03656613084998186]]	[[0.07331210187152905, -0.5714538156267932, 0.20360512785730633, 1.2085409562059322, -2.8989765869711075, -0.0026079918064863556]]
[[0.07203718425648545, -0.1554307682059497, 0.0662289209022885, -0.001652102571977846, 0.031778450702255975, -0.03428171299918768]]	[[0.07334462976889788, -0.5714513402535047, 0.2036062980981753, 1.208618774175779, -2.898917878657221, -0.002590817990573807]]
[[0.021644645569349114, -0.3169837270318052, 0.01653064556760891, -0.007711929932966273, 0.03283117825003409, -0.026767456798522337]]	[[0.07332169049584837, -0.5714541300276857, 0.20356916853365642, 1.2085765468471872, -2.8989118613886067, -0.0026859719668278796]]
[[0.23785348472954657, 0.023259649479639793, -0.010784702387915181, -4.8273819421554634e-05, 0.0273619606612221, -0.03707724181698175]]	[[0.07330387203737072, -0.5714454008625478, 0.20359323046800237, 1.2085580171036867, -2.898919528444224, -0.002685250538920827]]
[[0.017594826153731674, -0.26945150575815735, 0.17126950439078062, -0.00435642414466432, 0.027393494465856615, -0.035716610482031945]]	[[0.07330782895974021, -0.5714559552812326, 0.20359845993289086, 1.208506310687087, -2.898939806586374, -0.0026290968363031006]]
[[0.243288318122205, -0.05675272049102391, 0.03904963342100568, -0.0063867874219332155, 0.028832390175625958, -0.03149665874106578]]	[[0.07333783192798252, -0.5714455358884444, 0.20359230502650022, 1.208611235103829, -2.8989485176254464, -0.0026648412047659176]]
[[0.22455100728299238, -0.09086029528994916, 0.011658479152432849, -0.0010818538636789363, 0.031218454979581547, -0.03808724250558906]]	[[0.07330085246252287, -0.5714563716020692, 0.20360513827587515, 1.2085234638273192, -2.8989322652235643, -0.0026104105316995174]]
[[-0.26501495444142437, -0.07107109273155679, 0.22586905314084105, 0.00021821195298137377, 0.038700012428611374, -0.03501911704288]]	[[0.07330259083734568, -0.5714385567271255, 0.2035923723189963, 1.2085977589072372, -2.8989155645290268, -0.0026674495234531507]]
[[0.584458948930414, -0.2488912382574813, 0.09512144503847203, -0.0065066085337657535, 0.018679359678128657, -0.03490696767727226]]	[[0.07331304554135494, -0.5714474284380555, 0.20360448055877806, 1.2085795236068648, -2.8989226228177745, -0.0026479712544945798]]
[[0.1409487453616221, -0.37035661302435446, 0.04827291028117525, -0.009355747416590912, 0.030389976730594643, -0.030570315221706817]]	[[0.07333945905652761, -0.5714498266121665, 0.2036118061944151, 1.2086451773936266, -2.8989326918529947, -0.002589266585565011]]
[[0.3708079903398921, -0.16908807326445513, 0.0795698325251834, -0.002032911921270414, 0.028018836403278582, -0.04275171190667733]]	[[0.07331829741758134, -0.5714547345537657, 0.2035850953945852, 1.2085720689093264, -2.898951975750136, -0.002664722960402015]]
[[0.0518895790742235, -0.14744414427867503, 0.04824645240432378, -0.002562756780592746, 0.0280770555797588, -0.03264959391841077]]	[[0.07333523474188595, -0.5714419159178804, 0.20360895667533202, 1.2086242731316337, -2.8989289300900523, -0.002608568947315486]]
[[0.2954172498819203, -0.36371460764568414, -0.08796682062082968, -0.00478414415380524, 0.02467085294014238, -0.03546137349269439]]	[[0.0733312136221469, -0.5714482768406564, 0.20360686624165142, 1.2086012631269112, -2.8988733397715563, -0.002612349528682476]]
[[0.26063615523819883, -0.18090578713598243, 0.14127191488213223, -0.0013770532975778127, 0.02374039970328013, -0.042686448286096676]]	[[0.07331286119379074, -0.5714503448869088, 0.20357795084263952, 1.2085239197976987, -2.8989333609916033, -0.002666505708752181]]
[[0.13176833359808865, -0.2019585067992144, -0.08595663875500478, 0.0026068439490014826, 0.029799400954860857, -0.03802807427872356]]	[[0.07331595870956226, -0.5714524086813306, 0.20360135832710846, 1.208557646496297, -2.898865885413007, -0.002613933977579516]]
[[0.28321286758316727, -0.22728807762422024, -0.07861616437071359, -0.004039160444378517, 0.0231494950313961, -0.03824300234138943]]	[[0.0733042122746388, -0.5714429358253944, 0.20360537170981408, 1.2085976615839484, -2.8989153673102606, -0.0026663369841396366]]
[[0.27625586445324674, -0.12762248648659802, -0.16553574888428166, 0.0018625768185780833, 0.024525241580607628, -0.034024331171259185]]	[[0.07330078908140142, -0.5714460899924926, 0.20360207400088548, 1.208519818615269, -2.898974142782279, -0.002684566282205032]]
[[-0.15778162955888786, -0.23868393115063516, 0.11187460068234413, 0.003025722081486118, 0.03250370404283803, -0.040355474811237406]]	[[0.07331832151876684, -0.5714547802698743, 0.20361438696769413, 1.208537028863347, -2.8989650963187628, -0.002607837880258528]]
[[0.01655072870006699, -0.4398879071989298, -0.06508748436946078, -0.005075567935627474, 0.02945882428908484, -0.033631548308119256]]	[[0.07330954370933931, -0.5714537456008073, 0.20361848973285746, 1.208549514862079, -2.8989462369177548, -0.002571787173851312]]
[[0.10640339143125643, -0.40770643748513846, 0.015126993861151872, -0.00518459513247563, 0.02661798256185975, -0.034146424231040196]]	[[0.07332072575040383, -0.5714448073366193, 0.2035810575737964, 1.2085332934344422, -2.8989559008024512, -0.002702718378108213]]
[[-0.031936378089833684, -0.739417561106388, 0.1795735537438216, -0.008519398213698329, 0.03169204799169109, -0.031151728722255603]]	[[0.07330753834942923, -0.5714449936748308, 0.20361563492654022, 1.2084851665849512, -2.8989863712681028, -0.002589865194747724]]
[[-0.21725158236751743, -0.14366953643366867, 0.08050332738658407, 0.0051057720027947555, 0.03088490689139131, -0.032950202598226695]]	[[0.07332297728095102, -0.5714542176710863, 0.2035917790106759, 1.2085281717210619, -2.8989437329914796, -0.0026471944603334084]]
[[0.4891553776290368, -0.5571141267702071, -0.03459626621234213, -0.009561047029638467, 0.013015859730633144, -0.037453230710020664]]	[[0.07332623231070053, -0.5714472023405345, 0.20359798575225735, 1.2085752043224316, -2.898910314279544, -0.002610385692368892]]
[[-0.14893576325840474, -0.34461002828271026, 0.021382617433765943, -0.0009860111270527088, 0.027751882889718638, -0.031174401265984125]]	[[0.07331542101100032, -0.5714374959377706, 0.20360041873914958, 1.2085585443540137, -2.8989186327194973, -0.002686371982695011]]
[[0.03168963900407572, -0.08076767657736794, 0.03995867666429738, 0.005903441635220146, 0.02346420707264498, -0.03920411955349039]]	[[0.07333132240010033, -0.5714487554151941, 0.20360018808965502, 1.2085666081544206, -2.898887543375847, -0.002631073092932512]]
[[-0.018881380433854372, -0.42948354423003254, 0.1240150770128765, -0.009350507106013053, 0.020296674922870305, -0.03387729695445588]]	[[0.07330879961592322, -0.5714431933308836, 0.20358415384143863, 1.208519677199424, -2.8989227588937267, -0.002742373278179859]]
[[0.162694622281979, -0.3494197269682354, 0.07573371932053964, -0.0055726039789242045, 0.01754661395072979, -0.033987216684865235]]	[[0.07332089154457606, -0.5714555829100112, 0.20361439762897043, 1.2085530766015784, -2.898905865542895, -0.002610281112368474]]
[[-0.6904035263282015, -0.2421504478174047, 0.27608293454016314, -0.0004942935400633636, 0.03099613756694474, -0.03896364541181954]]	[[0.07332741128887382, -0.5714539251531416, 0.20361297862083455, 1.2085534422283408, -2.8989048174504184, -0.0025740646251458344]]
[[-0.47472592958007986, -0.33329560563044636, 0.18424323260898268, -0.004835174545543882, 0.026551816549403043, -0.04119377985635231]]	[[0.07332820396721003, -0.5714473891934507, 0.20359781003227528, 1.2085921646078641, -2.8988512513502487, -0.0026698344110964614]]
[[0.1296768906565159, -0.3902297070741638, 0.21916181146301805, -0.0056031016451106325, 0.010640574940090667, -0.03680429460503826]]	[[0.0733395257826148, -0.5714483867301624, 0.20358682300859005, 1.208535984893687, -2.8989135050433266, -0.0026679780159648107]]
[[0.12969080382902234, -0.3902198180517523, 0.21917118619727483, -0.005602821235961472, 0.010639685402695321, -0.03680459445782697]]	[[0.07330539752941084, -0.5714568706851975, 0.20359845978879046, 1.208600047654833, -2.8988725236995747, -0.0026305539750153023]]
[[-0.042893522150249955, -0.18836548606408848, 0.13747421209569885, 0.0007736047004520954, 0.015257826892181227, -0.03748874810290112]]	[[0.07332759680130904, -0.5714392318084298, 0.2035750952508283, 1.2086021617316274, -2.898875254915475, -0.0027992555577058234]]
[[-0.17124276681349238, 0.02707790759537909, 0.209895910194925, 0.00526146876125592, 0.014939378135578827, -0.03683662208303877]]	[[0.07331866600990035, -0.5714480001896352, 0.2035966030793087, 1.208531071698639, -2.8988503979806066, -0.002690152704913189]]
[[0.10666788605534103, -0.23966319146135867, 0.14351918703804772, -0.006418772678726016, 0.011009259976795324, -0.03412069678111306]]	[[0.07332843022223832, -0.5714459668008097, 0.20359443809736194, 1.2085685666005588, -2.8987960185808936, -0.0026720909420990726]]
[[-0.2437729969043444, -0.20991390805474894, 0.04946915399473646, -0.0014255871628742227, 0.010969329092335197, -0.033675076219111394]]	[[0.07328074669856227, -0.5714460674562011, 0.20358828817974717, 1.2084744208800302, -2.8988621550892395, -0.002709122508562958]]
1
